[%General]
Highest=164
CenterX=43.5823629508525
CenterY=15.4181875813286
XWidth=47

[LeftLeg]
ThighAlpha=-0.157079637050629
ThighTheta=0.229159519076347
LowerLegAlpha=-0.196349546313286
LowerLegTheta=0.312119334936142

[RightLeg]
ThighAlpha=0.0856798067688942
ThighTheta=0.222359538078308
LowerLegAlpha=-0.0678298398852348
LowerLegTheta=0.355639219284058
