[%General]
Highest=166
CenterX=41.128268345724
CenterY=144.500278157083
XWidth=57

[LeftLeg]
ThighAlpha=-0.0785398185253143
ThighTheta=-0.391905754804611
LowerLegAlpha=-0.0464098900556564
LowerLegTheta=-0.176119565963745

[RightLeg]
ThighAlpha=0.0678298473358154
ThighTheta=0.391905784606934
LowerLegAlpha=-0.0642598494887352
LowerLegTheta=0.322092622518539
