[%General]
Highest=169
CenterX=45.1237965808926
CenterY=58.7238423044682
XWidth=51

[LeftLeg]
ThighAlpha=0.0196349546313286
ThighTheta=0.235619455575943
LowerLegAlpha=0.0196349546313286
LowerLegTheta=-0.471238911151886

[RightLeg]
ThighAlpha=0.0981747731566429
ThighTheta=-0.157079637050629
LowerLegAlpha=0.0981747731566429
LowerLegTheta=-0.157079637050629
