[%General]
Highest=167
CenterX=40.5755231850485
CenterY=132.276048006073
XWidth=58

[LeftLeg]
ThighAlpha=-0.0785398185253143
ThighTheta=-0.176119565963745
LowerLegAlpha=-0.13922968506813
LowerLegTheta=-0.139399647712708

[RightLeg]
ThighAlpha=0.0499798879027367
ThighTheta=0.312119334936142
LowerLegAlpha=0.021419957280159
LowerLegTheta=-0.282199323177338
