[%General]
Highest=168
CenterX=42.8571792229832
CenterY=202.308552033457
XWidth=56

[LeftLeg]
ThighAlpha=-0.0428398996591568
ThighTheta=0.252279460430145
LowerLegAlpha=0.0107099786400795
LowerLegTheta=-0.541052103042603

[RightLeg]
ThighAlpha=0.121379725635052
ThighTheta=-0.106306403875351
LowerLegAlpha=0.0821098163723946
LowerLegTheta=-0.0364932343363762
