[%General]
Highest=165
CenterX=44.1824567282288
CenterY=34.9955149437435
XWidth=50

[LeftLeg]
ThighAlpha=0.103529766201973
ThighTheta=-0.229159444570541
LowerLegAlpha=0.00356999784708023
LowerLegTheta=-0.770438194274902

[RightLeg]
ThighAlpha=0.0678298473358154
ThighTheta=0.31891930103302
LowerLegAlpha=0.0428399071097374
LowerLegTheta=-0.123079679906368
