[%General]
Highest=165
CenterX=42.5675972205291
CenterY=11.3532244300866
XWidth=46

[LeftLeg]
ThighAlpha=-0.157079637050629
ThighTheta=0.106306441128254
LowerLegAlpha=-0.196349546313286
LowerLegTheta=0.179292947053909

[RightLeg]
ThighAlpha=0.0499798879027367
ThighTheta=0.109479777514935
LowerLegAlpha=-0.0642598494887352
LowerLegTheta=0.245932787656784
