[%General]
Highest=161
CenterX=38.9527703100393
CenterY=243.603630116285
XWidth=51

[LeftLeg]
ThighAlpha=-0.0214199498295784
ThighTheta=0.46489229798317
LowerLegAlpha=-0.13922968506813
LowerLegTheta=0.179292947053909

[RightLeg]
ThighAlpha=0.0142799690365791
ThighTheta=-0.322092592716217
LowerLegAlpha=0.0428399071097374
LowerLegTheta=-0.744144916534424
