[%General]
Highest=169
CenterX=44.6518039439478
CenterY=49.1482087375563
XWidth=50

[LeftLeg]
ThighAlpha=0.0392699092626572
ThighTheta=0.117809727787971
LowerLegAlpha=0
LowerLegTheta=-0.785398185253143

[RightLeg]
ThighAlpha=0.0981747731566429
ThighTheta=-0.0392699092626572
LowerLegAlpha=0.0392699092626572
LowerLegTheta=-0.117809727787971
