[%General]
Highest=164
CenterX=43.5823629508525
CenterY=15.4181875813286
XWidth=47

[LeftLeg]
ThighAlpha=-0.0981747731566429
ThighTheta=0.314159274101257
LowerLegAlpha=-0.0981747731566429
LowerLegTheta=0.0785398185253143

[RightLeg]
ThighAlpha=0.0981747731566429
ThighTheta=0.235619455575943
LowerLegAlpha=-0.0785398185253143
LowerLegTheta=0.392699092626572
