[%General]
Highest=167
CenterX=41.818352726703
CenterY=103.083075783687
XWidth=56

[LeftLeg]
ThighAlpha=-0.0785398185253143
ThighTheta=0.371959179639816
LowerLegAlpha=-0.0856797993183136
LowerLegTheta=0.0265199784189463

[RightLeg]
ThighAlpha=0.0856798067688942
ThighTheta=-0.312119245529175
LowerLegAlpha=0.0428399071097374
LowerLegTheta=-0.784038186073303
