[%General]
Highest=168
CenterX=42.7689263734836
CenterY=205.912659319371
XWidth=57

[LeftLeg]
ThighAlpha=-0.0214199498295784
ThighTheta=0.222359538078308
LowerLegAlpha=0.00356999784708023
LowerLegTheta=-0.132599666714668

[RightLeg]
ThighAlpha=0.13922968506813
ThighTheta=-0.146199628710747
LowerLegAlpha=0.00713998824357986
LowerLegTheta=-0.0564398318529129
