[%General]
Highest=162
CenterX=41.1617346299929
CenterY=227.617165435397
XWidth=55

[LeftLeg]
ThighAlpha=-0.0981747731566429
ThighTheta=0.510508835315704
LowerLegAlpha=-0.0589048638939857
LowerLegTheta=0.431968986988068

[RightLeg]
ThighAlpha=0.0981747731566429
ThighTheta=-0.471238911151886
LowerLegAlpha=0.0589048638939857
LowerLegTheta=-0.314159274101257
