[%General]
Highest=169
CenterX=44.6518039439478
CenterY=49.1482087375563
XWidth=50

[LeftLeg]
ThighAlpha=0.0392699092626572
ThighTheta=0.0785398185253143
LowerLegAlpha=0.0589048638939857
LowerLegTheta=-0.628318548202515

[RightLeg]
ThighAlpha=0.0981747731566429
ThighTheta=0
LowerLegAlpha=0.0589048638939857
LowerLegTheta=-0.157079637050629
