[%General]
Highest=168
CenterX=42.9880683358944
CenterY=193.186993969603
XWidth=56

[LeftLeg]
ThighAlpha=-0.0428398996591568
ThighTheta=0.179292947053909
LowerLegAlpha=0.00356999784708023
LowerLegTheta=-0.956757783889771

[RightLeg]
ThighAlpha=0.103529766201973
ThighTheta=0.106306441128254
LowerLegAlpha=0.0678298473358154
LowerLegTheta=-0.0364932343363762
