[%General]
Highest=169
CenterX=44.8919821962076
CenterY=54.067861715749
XWidth=50

[LeftLeg]
ThighAlpha=0.0999597758054733
ThighTheta=0.179292947053909
LowerLegAlpha=-0.103529758751392
LowerLegTheta=-0.537878751754761

[RightLeg]
ThighAlpha=0.13922968506813
ThighTheta=-0.10313306748867
LowerLegAlpha=0.0285599380731583
LowerLegTheta=-0.255452752113342
