[%General]
Highest=138
CenterX=33.1398813712677
CenterY=305.275238765457
XWidth=43

[LeftLeg]
ThighAlpha=-0.0999597683548927
ThighTheta=-0.391905754804611
LowerLegAlpha=-0.0856797993183136
LowerLegTheta=-0.534705400466919

[RightLeg]
ThighAlpha=0.13922968506813
ThighTheta=-0.322092592716217
LowerLegAlpha=0.13922968506813
LowerLegTheta=-0.534705400466919
