[%General]
Highest=165
CenterX=44.0160328370133
CenterY=85.2546659136926
XWidth=57

[LeftLeg]
ThighAlpha=-0.0999597683548927
ThighTheta=0.484838932752609
LowerLegAlpha=-0.082109808921814
LowerLegTheta=0.288999378681183

[RightLeg]
ThighAlpha=0.13922968506813
ThighTheta=-0.431798994541168
LowerLegAlpha=0.021419957280159
LowerLegTheta=-0.514758765697479
