[%General]
Highest=163
CenterX=43.824354488417
CenterY=18.0714888996139
XWidth=46

[LeftLeg]
ThighAlpha=-0.157079637050629
ThighTheta=0.322092622518539
LowerLegAlpha=-0.178499579429626
LowerLegTheta=0.106306441128254

[RightLeg]
ThighAlpha=0.0856798067688942
ThighTheta=0.322092622518539
LowerLegAlpha=-0.0464098900556564
LowerLegTheta=0.249106109142303
