[%General]
Highest=166
CenterX=44.3462077620389
CenterY=69.9014992723923
XWidth=56

[LeftLeg]
ThighAlpha=-0.0999597683548927
ThighTheta=0.401879131793976
LowerLegAlpha=0.0249899476766586
LowerLegTheta=0.0863598436117172

[RightLeg]
ThighAlpha=0.13922968506813
ThighTheta=-0.371959120035172
LowerLegAlpha=-0.00713998079299927
LowerLegTheta=-0.288999319076538
