[%General]
Highest=138
CenterX=33.1398813712677
CenterY=305.275238765457
XWidth=43

[LeftLeg]
ThighAlpha=-0.0999597683548927
ThighTheta=-0.371959120035172
LowerLegAlpha=-0.103529758751392
LowerLegTheta=-0.514758765697479

[RightLeg]
ThighAlpha=0.13922968506813
ThighTheta=-0.342039197683334
LowerLegAlpha=0.13922968506813
LowerLegTheta=-0.514758765697479
