[%General]
Highest=169
CenterX=44.5241549073294
CenterY=62.8730649747262
XWidth=53

[LeftLeg]
ThighAlpha=-0.0285599306225777
ThighTheta=0.31891930103302
LowerLegAlpha=0.021419957280159
LowerLegTheta=-0.398252427577972

[RightLeg]
ThighAlpha=0.121379725635052
ThighTheta=-0.249106079339981
LowerLegAlpha=0.00713998824357986
LowerLegTheta=-0.2522794008255
