[%General]
Highest=168
CenterX=40.7050150301283
CenterY=124.116799738843
XWidth=56

[LeftLeg]
ThighAlpha=-0.117809727787971
ThighTheta=-0.0364932343363762
LowerLegAlpha=-0.13922968506813
LowerLegTheta=-0.109479740262032

[RightLeg]
ThighAlpha=0.121379725635052
ThighTheta=0.179292947053909
LowerLegAlpha=0.0821098163723946
LowerLegTheta=-0.395079076290131
