[%General]
Highest=169
CenterX=44.6518039439478
CenterY=49.1482087375563
XWidth=50

[LeftLeg]
ThighAlpha=0.0142799690365791
ThighTheta=0.169319659471512
LowerLegAlpha=0.00356999784708023
LowerLegTheta=-0.926837861537933

[RightLeg]
ThighAlpha=0.121379725635052
ThighTheta=-0.0265199020504951
LowerLegAlpha=0.00713998824357986
LowerLegTheta=-0.116279698908329
