[%General]
Highest=166
CenterX=42.1673309090909
CenterY=185.440814545455
XWidth=56

[LeftLeg]
ThighAlpha=0.0321299284696579
ThighTheta=0.0333199352025986
LowerLegAlpha=-0.103529758751392
LowerLegTheta=-1.09955739974976

[RightLeg]
ThighAlpha=0.0678298473358154
ThighTheta=0.322092622518539
LowerLegAlpha=0.046409897506237
LowerLegTheta=-0.112653076648712
