[%General]
Highest=148
CenterX=33.6588410722336
CenterY=296.486666435482
XWidth=46

[LeftLeg]
ThighAlpha=-0.121379718184471
ThighTheta=-0.388732433319092
LowerLegAlpha=-0.0321299210190773
LowerLegTheta=-0.398252427577972

[RightLeg]
ThighAlpha=0.13922968506813
ThighTheta=-0.322092592716217
LowerLegAlpha=0.13922968506813
LowerLegTheta=-0.318919241428375
