[%General]
Highest=168
CenterX=42.8571792229832
CenterY=202.308552033457
XWidth=56

[LeftLeg]
ThighAlpha=-0.0606898590922356
ThighTheta=0.282199382781982
LowerLegAlpha=0.0999597758054733
LowerLegTheta=-0.501158833503723

[RightLeg]
ThighAlpha=0.13922968506813
ThighTheta=-0.0863597691059113
LowerLegAlpha=0.0249899476766586
LowerLegTheta=-0.0863597691059113
