[%General]
Highest=166
CenterX=44.7002751621942
CenterY=38.0814884002726
XWidth=51

[LeftLeg]
ThighAlpha=0.121379725635052
ThighTheta=-0.109479740262032
LowerLegAlpha=-0.0321299210190773
LowerLegTheta=-0.959931075572968

[RightLeg]
ThighAlpha=0.0856798067688942
ThighTheta=0.249106109142303
LowerLegAlpha=0.0249899476766586
LowerLegTheta=-0.10313306748867
