[%General]
Highest=166
CenterX=42.1673309090909
CenterY=185.440814545455
XWidth=56

[LeftLeg]
ThighAlpha=-0.0196349546313286
ThighTheta=-0.157079637050629
LowerLegAlpha=0.0196349546313286
LowerLegTheta=-0.785398185253143

[RightLeg]
ThighAlpha=0.0589048638939857
ThighTheta=0.274889349937439
LowerLegAlpha=0.0785398185253143
LowerLegTheta=-0.0392699092626572
