[%General]
Highest=164
CenterX=35.9808492381299
CenterY=270.98980706225
XWidth=51

[LeftLeg]
ThighAlpha=-0.0606898590922356
ThighTheta=-0.179292917251587
LowerLegAlpha=-0.0999597683548927
LowerLegTheta=0.179292947053909

[RightLeg]
ThighAlpha=0.0856798067688942
ThighTheta=0.249106109142303
LowerLegAlpha=0.0428399071097374
LowerLegTheta=-0.464892268180847
