[%General]
Highest=167
CenterX=41.0167595582873
CenterY=136.377812792999
XWidth=58

[LeftLeg]
ThighAlpha=-0.0999597683548927
ThighTheta=-0.235959425568581
LowerLegAlpha=-0.0499798804521561
LowerLegTheta=-0.215559482574463

[RightLeg]
ThighAlpha=0.0678298473358154
ThighTheta=0.395079135894775
LowerLegAlpha=-0.0499798804521561
LowerLegTheta=-0.0496398508548737
