[%General]
Highest=155
CenterX=33.8595926943591
CenterY=287.063584936156
XWidth=47

[LeftLeg]
ThighAlpha=-0.103529758751392
ThighTheta=-0.315745919942856
LowerLegAlpha=-0.0678298398852348
LowerLegTheta=-0.112653076648712

[RightLeg]
ThighAlpha=0.0821098163723946
ThighTheta=0.677505135536194
LowerLegAlpha=-0.0606898590922356
LowerLegTheta=0.0364932715892792
