[%General]
Highest=166
CenterX=44.2794091361745
CenterY=73.5137629905778
XWidth=56

[LeftLeg]
ThighAlpha=-0.0785398185253143
ThighTheta=0.391905784606934
LowerLegAlpha=-0.0499798804521561
LowerLegTheta=0.322092622518539

[RightLeg]
ThighAlpha=0.13922968506813
ThighTheta=-0.391905754804611
LowerLegAlpha=0.0249899476766586
LowerLegTheta=-0.388732433319092
