[%General]
Highest=168
CenterX=44.5813068057995
CenterY=45.179124950325
XWidth=51

[LeftLeg]
ThighAlpha=0.0499798879027367
ThighTheta=0.103133104741573
LowerLegAlpha=-0.0499798804521561
LowerLegTheta=-1.02974426746368

[RightLeg]
ThighAlpha=0.103529766201973
ThighTheta=0.0364932715892792
LowerLegAlpha=-0.00356999039649963
LowerLegTheta=-0.0364932343363762
