[%General]
Highest=161
CenterX=38.9527703100393
CenterY=243.603630116285
XWidth=51

[LeftLeg]
ThighAlpha=-0.0392699092626572
ThighTheta=0.484838932752609
LowerLegAlpha=-0.0856797993183136
LowerLegTheta=0.169319659471512

[RightLeg]
ThighAlpha=0.0142799690365791
ThighTheta=-0.342039197683334
LowerLegAlpha=0.00713998824357986
LowerLegTheta=-0.66435843706131
