[%General]
Highest=164
CenterX=42.7801190103351
CenterY=216.679636705293
XWidth=56

[LeftLeg]
ThighAlpha=-0.0785398185253143
ThighTheta=0.424999058246613
LowerLegAlpha=0.0249899476766586
LowerLegTheta=0.34883925318718

[RightLeg]
ThighAlpha=0.13922968506813
ThighTheta=-0.371959120035172
LowerLegAlpha=0.0249899476766586
LowerLegTheta=-0.146199628710747
