[%General]
Highest=153
CenterX=33.8849283160001
CenterY=289.828975427315
XWidth=46

[LeftLeg]
ThighAlpha=-0.103529758751392
ThighTheta=-0.235959425568581
LowerLegAlpha=-0.0642598494887352
LowerLegTheta=-0.501158833503723

[RightLeg]
ThighAlpha=0.121379725635052
ThighTheta=0.777238249778748
LowerLegAlpha=-0.0321299210190773
LowerLegTheta=0.0496399253606796
