[%General]
Highest=166
CenterX=42.1839726328516
CenterY=181.404434796945
XWidth=57

[LeftLeg]
ThighAlpha=-0.00713998079299927
ThighTheta=-0.162519589066505
LowerLegAlpha=0.00713998824357986
LowerLegTheta=-0.926837861537933

[RightLeg]
ThighAlpha=0.0856798067688942
ThighTheta=0.34883925318718
LowerLegAlpha=0.00713998824357986
LowerLegTheta=-0.00339995324611664
