[%General]
Highest=146
CenterX=33.3467314409319
CenterY=300.723249587773
XWidth=45

[LeftLeg]
ThighAlpha=-0.117809727787971
ThighTheta=-0.348839163780212
LowerLegAlpha=-0.0499798804521561
LowerLegTheta=-0.501158833503723

[RightLeg]
ThighAlpha=0.13922968506813
ThighTheta=-0.312119245529175
LowerLegAlpha=0.13922968506813
LowerLegTheta=-0.431798994541168
