[%General]
Highest=165
CenterX=42.3793772866423
CenterY=173.025672615048
XWidth=57

[LeftLeg]
ThighAlpha=-0.0214199498295784
ThighTheta=-0.391905754804611
LowerLegAlpha=-0.0107099711894989
LowerLegTheta=-0.607691943645477

[RightLeg]
ThighAlpha=0.0856798067688942
ThighTheta=0.46171897649765
LowerLegAlpha=0.0285599380731583
LowerLegTheta=0.106306441128254
