[%General]
Highest=165
CenterX=44.050533697726
CenterY=31.7148197803331
XWidth=51

[LeftLeg]
ThighAlpha=0.0589048638939857
ThighTheta=-0.196349546313286
LowerLegAlpha=0.0785398185253143
LowerLegTheta=-0.785398185253143

[RightLeg]
ThighAlpha=0.0981747731566429
ThighTheta=0.353429168462753
LowerLegAlpha=-0.0196349546313286
LowerLegTheta=-0.0785398185253143
