[%General]
Highest=165
CenterX=42.8002816978449
CenterY=89.1958073514933
XWidth=57

[LeftLeg]
ThighAlpha=-0.0785398185253143
ThighTheta=0.484838932752609
LowerLegAlpha=-0.121379718184471
LowerLegTheta=0.235959500074387

[RightLeg]
ThighAlpha=0.121379725635052
ThighTheta=-0.461718916893005
LowerLegAlpha=0.021419957280159
LowerLegTheta=-0.544678747653961
