[%General]
Highest=163
CenterX=35.3051108283271
CenterY=278.050546003374
XWidth=50

[LeftLeg]
ThighAlpha=-0.0999597683548927
ThighTheta=-0.2522794008255
LowerLegAlpha=-0.121379718184471
LowerLegTheta=0.079559862613678

[RightLeg]
ThighAlpha=0.0107099786400795
ThighTheta=0.401879131793976
LowerLegAlpha=0.00356999784708023
LowerLegTheta=-0.348839163780212
