[%General]
Highest=163
CenterX=35.8237614031551
CenterY=267.464089511617
XWidth=50

[LeftLeg]
ThighAlpha=-0.117809727787971
ThighTheta=-0.106306403875351
LowerLegAlpha=-0.13922968506813
LowerLegTheta=0.109479777514935

[RightLeg]
ThighAlpha=0.13922968506813
ThighTheta=0.322092622518539
LowerLegAlpha=0.0428399071097374
LowerLegTheta=-0.395079076290131
