[%General]
Highest=168
CenterX=40.440066649577
CenterY=116.25094847475
XWidth=57

[LeftLeg]
ThighAlpha=-0.0785398185253143
ThighTheta=0
LowerLegAlpha=-0.0981747731566429
LowerLegTheta=0.196349546313286

[RightLeg]
ThighAlpha=0.0981747731566429
ThighTheta=0
LowerLegAlpha=-0.0981747731566429
LowerLegTheta=-0.785398185253143
