[%General]
Highest=163
CenterX=42.4994346419837
CenterY=220.30364984617
XWidth=55

[LeftLeg]
ThighAlpha=-0.0606898590922356
ThighTheta=0.46489229798317
LowerLegAlpha=0.00356999784708023
LowerLegTheta=0.388732463121414

[RightLeg]
ThighAlpha=0.13922968506813
ThighTheta=-0.391905754804611
LowerLegAlpha=0.0249899476766586
LowerLegTheta=-0.2459327429533
