[%General]
Highest=168
CenterX=44.469827176584
CenterY=66.445118722763
XWidth=54

[LeftLeg]
ThighAlpha=-0.0428398996591568
ThighTheta=0.365159213542938
LowerLegAlpha=0.00356999784708023
LowerLegTheta=-0.215559482574463

[RightLeg]
ThighAlpha=0.121379725635052
ThighTheta=-0.348839163780212
LowerLegAlpha=0.00713998824357986
LowerLegTheta=-0.192439526319504
