[%General]
Highest=168
CenterX=40.440066649577
CenterY=116.25094847475
XWidth=57

[LeftLeg]
ThighAlpha=-0.157079637050629
ThighTheta=0.146199703216553
LowerLegAlpha=0.00356999784708023
LowerLegTheta=-0.0863597691059113

[RightLeg]
ThighAlpha=0.103529766201973
ThighTheta=0.00340002961456776
LowerLegAlpha=-0.0856797993183136
LowerLegTheta=-0.866998016834259
