[%General]
Highest=168
CenterX=42.7689263734836
CenterY=205.912659319371
XWidth=57

[LeftLeg]
ThighAlpha=-0.0214199498295784
ThighTheta=0.18246628344059
LowerLegAlpha=-0.0142799615859985
LowerLegTheta=-0.112653076648712

[RightLeg]
ThighAlpha=0.13922968506813
ThighTheta=-0.176119565963745
LowerLegAlpha=0.00713998824357986
LowerLegTheta=-0.0364932343363762
