[%General]
Highest=166
CenterX=42.862969566554
CenterY=209.453280049185
XWidth=57

[LeftLeg]
ThighAlpha=0.0107099786400795
ThighTheta=0.395079135894775
LowerLegAlpha=-0.0142799615859985
LowerLegTheta=-0.112653076648712

[RightLeg]
ThighAlpha=0.121379725635052
ThighTheta=-0.2459327429533
LowerLegAlpha=0.0249899476766586
LowerLegTheta=-0.112653076648712
