[%General]
Highest=167
CenterX=41.1029968292932
CenterY=140.922496675872
XWidth=57

[LeftLeg]
ThighAlpha=-0.0999597683548927
ThighTheta=-0.388732433319092
LowerLegAlpha=-0.0142799615859985
LowerLegTheta=-0.0396665707230568

[RightLeg]
ThighAlpha=0.0678298473358154
ThighTheta=0.395079135894775
LowerLegAlpha=-0.0499798804521561
LowerLegTheta=0.030146598815918
