[%General]
Highest=163
CenterX=35.266043730645
CenterY=264.447253763758
XWidth=50

[LeftLeg]
ThighAlpha=-0.082109808921814
ThighTheta=0.0364932715892792
LowerLegAlpha=-0.14279967546463
LowerLegTheta=0.176119610667229

[RightLeg]
ThighAlpha=0.103529766201973
ThighTheta=-0.2522794008255
LowerLegAlpha=0.021419957280159
LowerLegTheta=0.607692003250122
