[%General]
Highest=169
CenterX=40.7337796297561
CenterY=128.290948835303
XWidth=57

[LeftLeg]
ThighAlpha=-0.0999597683548927
ThighTheta=-0.10313306748867
LowerLegAlpha=-0.103529758751392
LowerLegTheta=-0.112653076648712

[RightLeg]
ThighAlpha=0.103529766201973
ThighTheta=0.176119610667229
LowerLegAlpha=-0.117809727787971
LowerLegTheta=-0.176119565963745
