[%General]
Highest=165
CenterX=44.1824567282288
CenterY=34.9955149437435
XWidth=50

[LeftLeg]
ThighAlpha=0.121379725635052
ThighTheta=-0.109479740262032
LowerLegAlpha=-0.0321299210190773
LowerLegTheta=-1.02974426746368

[RightLeg]
ThighAlpha=0.0678298473358154
ThighTheta=0.31891930103302
LowerLegAlpha=0.0428399071097374
LowerLegTheta=-0.10313306748867
