[%General]
Highest=166
CenterX=41.128268345724
CenterY=144.500278157083
XWidth=57

[LeftLeg]
ThighAlpha=-0.0785398185253143
ThighTheta=-0.392699092626572
LowerLegAlpha=-0.0392699092626572
LowerLegTheta=-0.157079637050629

[RightLeg]
ThighAlpha=0.0785398185253143
ThighTheta=0.392699092626572
LowerLegAlpha=-0.0785398185253143
LowerLegTheta=0.392699092626572
