[%General]
Highest=167
CenterX=40.5755231850485
CenterY=132.276048006073
XWidth=58

[LeftLeg]
ThighAlpha=-0.0785398185253143
ThighTheta=-0.176119565963745
LowerLegAlpha=-0.121379718184471
LowerLegTheta=-0.109479740262032

[RightLeg]
ThighAlpha=0.0856798067688942
ThighTheta=0.322092622518539
LowerLegAlpha=-0.0142799615859985
LowerLegTheta=-0.322092592716217
