[%General]
Highest=168
CenterX=44.5813068057995
CenterY=45.179124950325
XWidth=51

[LeftLeg]
ThighAlpha=0.0785398185253143
ThighTheta=0
LowerLegAlpha=0
LowerLegTheta=-0.785398185253143

[RightLeg]
ThighAlpha=0.0981747731566429
ThighTheta=0.0785398185253143
LowerLegAlpha=0.0196349546313286
LowerLegTheta=-0.0785398185253143
