[%General]
Highest=162
CenterX=41.1617346299929
CenterY=227.617165435397
XWidth=55

[LeftLeg]
ThighAlpha=-0.0606898590922356
ThighTheta=0.534705460071564
LowerLegAlpha=-0.0999597683548927
LowerLegTheta=0.395079135894775

[RightLeg]
ThighAlpha=0.121379725635052
ThighTheta=-0.461718916893005
LowerLegAlpha=0.00356999784708023
LowerLegTheta=-0.322092592716217
