[%General]
Highest=164
CenterX=35.9808492381299
CenterY=270.98980706225
XWidth=51

[LeftLeg]
ThighAlpha=-0.0785398185253143
ThighTheta=-0.199239507317543
LowerLegAlpha=-0.117809727787971
LowerLegTheta=0.199239581823349

[RightLeg]
ThighAlpha=0.0499798879027367
ThighTheta=0.252279460430145
LowerLegAlpha=0.13922968506813
LowerLegTheta=-0.418199002742767
