[%General]
Highest=167
CenterX=42.5494205474582
CenterY=189.246114468539
XWidth=55

[LeftLeg]
ThighAlpha=0.0107099786400795
ThighTheta=0.106306441128254
LowerLegAlpha=-0.0999597683548927
LowerLegTheta=-1.09955739974976

[RightLeg]
ThighAlpha=0.0856798067688942
ThighTheta=0.179292947053909
LowerLegAlpha=0.00713998824357986
LowerLegTheta=0.0364932715892792
