[%General]
Highest=161
CenterX=38.4445097271184
CenterY=249.19362841102
XWidth=50

[LeftLeg]
ThighAlpha=-0.0999597683548927
ThighTheta=0.391905784606934
LowerLegAlpha=0.00356999784708023
LowerLegTheta=0.109479777514935

[RightLeg]
ThighAlpha=-0.00356999039649963
ThighTheta=-0.322092592716217
LowerLegAlpha=-0.0107099711894989
LowerLegTheta=-0.674331784248352
