[%General]
Highest=165
CenterX=44.1775655092294
CenterY=81.4047631341164
XWidth=57

[LeftLeg]
ThighAlpha=-0.0214199498295784
ThighTheta=0.391905784606934
LowerLegAlpha=-0.13922968506813
LowerLegTheta=0.395079135894775

[RightLeg]
ThighAlpha=0.13922968506813
ThighTheta=-0.464892268180847
LowerLegAlpha=0.046409897506237
LowerLegTheta=-0.461718916893005
