[%General]
Highest=163
CenterX=35.921448567843
CenterY=274.624467336891
XWidth=51

[LeftLeg]
ThighAlpha=-0.117809727787971
ThighTheta=-0.179292917251587
LowerLegAlpha=-0.13922968506813
LowerLegTheta=0.0396666079759598

[RightLeg]
ThighAlpha=0.0678298473358154
ThighTheta=0.322092622518539
LowerLegAlpha=-0.0107099711894989
LowerLegTheta=-0.461718916893005
