[%General]
Highest=162
CenterX=37.2760850774835
CenterY=254.919244304501
XWidth=49

[LeftLeg]
ThighAlpha=-0.0785398185253143
ThighTheta=0.282199382781982
LowerLegAlpha=-0.0321299210190773
LowerLegTheta=0.070039875805378

[RightLeg]
ThighAlpha=-0.0606898590922356
ThighTheta=-0.132599666714668
LowerLegAlpha=-0.0142799615859985
LowerLegTheta=-0.81395810842514
