[%General]
Highest=162
CenterX=35.7458657587549
CenterY=260.263103685054
XWidth=48

[LeftLeg]
ThighAlpha=-0.117809727787971
ThighTheta=0.139399722218513
LowerLegAlpha=-0.0142799615859985
LowerLegTheta=0.152999684214592

[RightLeg]
ThighAlpha=0.13922968506813
ThighTheta=0.229159519076347
LowerLegAlpha=0.13922968506813
LowerLegTheta=0.0564399100840092
