[%General]
Highest=146
CenterX=33.3467314409319
CenterY=300.723249587773
XWidth=45

[LeftLeg]
ThighAlpha=-0.0999597683548927
ThighTheta=-0.318919241428375
LowerLegAlpha=-0.103529758751392
LowerLegTheta=-0.541052103042603

[RightLeg]
ThighAlpha=0.13922968506813
ThighTheta=-0.318919241428375
LowerLegAlpha=0.13922968506813
LowerLegTheta=-0.464892268180847
