[%General]
Highest=166
CenterX=42.1839726328516
CenterY=181.404434796945
XWidth=57

[LeftLeg]
ThighAlpha=-0.00713998079299927
ThighTheta=-0.112653076648712
LowerLegAlpha=0.00713998824357986
LowerLegTheta=-0.956757783889771

[RightLeg]
ThighAlpha=0.0856798067688942
ThighTheta=0.31891930103302
LowerLegAlpha=0.00713998824357986
LowerLegTheta=0.0364932715892792
