[%General]
Highest=168
CenterX=42.7689263734836
CenterY=205.912659319371
XWidth=57

[LeftLeg]
ThighAlpha=-0.0589048638939857
ThighTheta=0.196349546313286
LowerLegAlpha=0.0589048638939857
LowerLegTheta=-0.0785398185253143

[RightLeg]
ThighAlpha=0.0981747731566429
ThighTheta=-0.157079637050629
LowerLegAlpha=0.0589048638939857
LowerLegTheta=-0.0392699092626572
