[%General]
Highest=164
CenterX=41.2305996058928
CenterY=147.744299521441
XWidth=56

[LeftLeg]
ThighAlpha=-0.0785398185253143
ThighTheta=-0.464892268180847
LowerLegAlpha=-0.0142799615859985
LowerLegTheta=-0.176119565963745

[RightLeg]
ThighAlpha=0.0499798879027367
ThighTheta=0.46171897649765
LowerLegAlpha=-0.0321299210190773
LowerLegTheta=0.395079135894775
