[%General]
Highest=165
CenterX=42.9063964298996
CenterY=13.2977314986984
XWidth=46

[LeftLeg]
ThighAlpha=-0.157079637050629
ThighTheta=0.169319659471512
LowerLegAlpha=-0.157079637050629
LowerLegTheta=0.259079456329346

[RightLeg]
ThighAlpha=0.0856798067688942
ThighTheta=0.169319659471512
LowerLegAlpha=-0.117809727787971
LowerLegTheta=0.355639219284058
