[%General]
Highest=163
CenterX=43.9463368382322
CenterY=21.3122992230729
XWidth=50

[LeftLeg]
ThighAlpha=-0.157079637050629
ThighTheta=0.391905784606934
LowerLegAlpha=-0.13922968506813
LowerLegTheta=0.0364932715892792

[RightLeg]
ThighAlpha=0.0856798067688942
ThighTheta=0.322092622518539
LowerLegAlpha=0.00713998824357986
LowerLegTheta=0.176119610667229
