[%General]
Highest=166
CenterX=41.128268345724
CenterY=144.500278157083
XWidth=57

[LeftLeg]
ThighAlpha=-0.0785398185253143
ThighTheta=-0.431798994541168
LowerLegAlpha=-0.0642598494887352
LowerLegTheta=-0.146199628710747

[RightLeg]
ThighAlpha=0.0678298473358154
ThighTheta=0.401879131793976
LowerLegAlpha=-0.0642598494887352
LowerLegTheta=0.342039257287979
