[%General]
Highest=168
CenterX=44.469827176584
CenterY=66.445118722763
XWidth=54

[LeftLeg]
ThighAlpha=-0.0589048638939857
ThighTheta=0.314159274101257
LowerLegAlpha=0.0196349546313286
LowerLegTheta=0

[RightLeg]
ThighAlpha=0.0981747731566429
ThighTheta=-0.314159274101257
LowerLegAlpha=0
LowerLegTheta=-0.235619455575943
