[%General]
Highest=167
CenterX=44.5467489379415
CenterY=41.631505490873
XWidth=50

[LeftLeg]
ThighAlpha=0.103529766201973
ThighTheta=-0.0364932343363762
LowerLegAlpha=-0.0321299210190773
LowerLegTheta=-0.959931075572968

[RightLeg]
ThighAlpha=0.0856798067688942
ThighTheta=0.109479777514935
LowerLegAlpha=0.0285599380731583
LowerLegTheta=-0.0364932343363762
