[%General]
Highest=165
CenterX=42.3793772866423
CenterY=173.025672615048
XWidth=57

[LeftLeg]
ThighAlpha=-0.0196349546313286
ThighTheta=-0.392699092626572
LowerLegAlpha=-0.0196349546313286
LowerLegTheta=-0.628318548202515

[RightLeg]
ThighAlpha=0.0981747731566429
ThighTheta=0.471238911151886
LowerLegAlpha=0
LowerLegTheta=0.0785398185253143
