[%General]
Highest=167
CenterX=41.6016290862013
CenterY=107.709987593052
XWidth=56

[LeftLeg]
ThighAlpha=-0.0981747731566429
ThighTheta=0.274889349937439
LowerLegAlpha=-0.0392699092626572
LowerLegTheta=0.0392699092626572

[RightLeg]
ThighAlpha=0.0589048638939857
ThighTheta=-0.274889349937439
LowerLegAlpha=0.0196349546313286
LowerLegTheta=-0.746128261089325
