[%General]
Highest=148
CenterX=33.6588410722336
CenterY=296.486666435482
XWidth=46

[LeftLeg]
ThighAlpha=-0.13922968506813
ThighTheta=-0.37875908613205
LowerLegAlpha=0.00356999784708023
LowerLegTheta=-0.358359158039093

[RightLeg]
ThighAlpha=0.13922968506813
ThighTheta=-0.312119245529175
LowerLegAlpha=0.13922968506813
LowerLegTheta=-0.288999319076538
