[%General]
Highest=167
CenterX=41.0167595582873
CenterY=136.377812792999
XWidth=58

[LeftLeg]
ThighAlpha=-0.0999597683548927
ThighTheta=-0.2459327429533
LowerLegAlpha=-0.0321299210190773
LowerLegTheta=-0.255452752113342

[RightLeg]
ThighAlpha=0.0678298473358154
ThighTheta=0.395079135894775
LowerLegAlpha=-0.0678298398852348
LowerLegTheta=-0.0396665707230568
