[%General]
Highest=165
CenterX=44.1775655092294
CenterY=81.4047631341164
XWidth=57

[LeftLeg]
ThighAlpha=-0.0392699092626572
ThighTheta=0.431799054145813
LowerLegAlpha=-0.13922968506813
LowerLegTheta=0.424999058246613

[RightLeg]
ThighAlpha=0.13922968506813
ThighTheta=-0.454918920993805
LowerLegAlpha=0.0642598569393158
LowerLegTheta=-0.461718916893005
