[%General]
Highest=164
CenterX=41.9188845746558
CenterY=159.5669843511
XWidth=56

[LeftLeg]
ThighAlpha=-0.0392699092626572
ThighTheta=-0.534705400466919
LowerLegAlpha=-0.0678298398852348
LowerLegTheta=-0.318919241428375

[RightLeg]
ThighAlpha=0.0642598569393158
ThighTheta=0.46489229798317
LowerLegAlpha=0.00356999784708023
LowerLegTheta=0.388732463121414
