[%General]
Highest=162
CenterX=37.2760850774835
CenterY=254.919244304501
XWidth=49

[LeftLeg]
ThighAlpha=-0.0981747731566429
ThighTheta=0.314159274101257
LowerLegAlpha=0
LowerLegTheta=0.0392699092626572

[RightLeg]
ThighAlpha=-0.0392699092626572
ThighTheta=-0.196349546313286
LowerLegAlpha=0
LowerLegTheta=-0.785398185253143
