[%General]
Highest=161
CenterX=40.7484204825802
CenterY=231.079577591913
XWidth=53

[LeftLeg]
ThighAlpha=-0.0606898590922356
ThighTheta=0.534705460071564
LowerLegAlpha=-0.103529758751392
LowerLegTheta=0.388732463121414

[RightLeg]
ThighAlpha=0.103529766201973
ThighTheta=-0.461718916893005
LowerLegAlpha=0.0285599380731583
LowerLegTheta=-0.395079076290131
