[%General]
Highest=162
CenterX=35.7458657587549
CenterY=260.263103685054
XWidth=48

[LeftLeg]
ThighAlpha=-0.0981747731566429
ThighTheta=0.157079637050629
LowerLegAlpha=-0.0589048638939857
LowerLegTheta=0.157079637050629

[RightLeg]
ThighAlpha=0.0981747731566429
ThighTheta=0.196349546313286
LowerLegAlpha=0.0981747731566429
LowerLegTheta=0.157079637050629
