[%General]
Highest=165
CenterX=42.7812228907234
CenterY=93.3874352875332
XWidth=57

[LeftLeg]
ThighAlpha=-0.0999597683548927
ThighTheta=0.507958889007568
LowerLegAlpha=-0.0856797993183136
LowerLegTheta=0.070039875805378

[RightLeg]
ThighAlpha=0.121379725635052
ThighTheta=-0.401879042387009
LowerLegAlpha=0.021419957280159
LowerLegTheta=-0.634438514709473
