[%General]
Highest=164
CenterX=42.3230101372654
CenterY=168.388162681282
XWidth=57

[LeftLeg]
ThighAlpha=-0.024989940226078
ThighTheta=-0.454918920993805
LowerLegAlpha=-0.0142799615859985
LowerLegTheta=-0.537878751754761

[RightLeg]
ThighAlpha=0.103529766201973
ThighTheta=0.454919010400772
LowerLegAlpha=0.00356999784708023
LowerLegTheta=0.229159519076347
