[%General]
Highest=163
CenterX=41.2689736721446
CenterY=151.42370713579
XWidth=56

[LeftLeg]
ThighAlpha=-0.0606898590922356
ThighTheta=-0.507958829402924
LowerLegAlpha=-0.0499798804521561
LowerLegTheta=-0.212839469313622

[RightLeg]
ThighAlpha=0.0678298473358154
ThighTheta=0.484838932752609
LowerLegAlpha=-0.0464098900556564
LowerLegTheta=0.49163892865181
