[%General]
Highest=165
CenterX=44.127943358058
CenterY=77.4705192178018
XWidth=57

[LeftLeg]
ThighAlpha=-0.0392699092626572
ThighTheta=0.391905784606934
LowerLegAlpha=-0.121379718184471
LowerLegTheta=0.322092622518539

[RightLeg]
ThighAlpha=0.13922968506813
ThighTheta=-0.464892268180847
LowerLegAlpha=0.0606898665428162
LowerLegTheta=-0.388732433319092
