[%General]
Highest=161
CenterX=40.0242885626246
CenterY=235.161425291523
XWidth=53

[LeftLeg]
ThighAlpha=-0.0606898590922356
ThighTheta=0.534705460071564
LowerLegAlpha=-0.103529758751392
LowerLegTheta=0.249106109142303

[RightLeg]
ThighAlpha=0.103529766201973
ThighTheta=-0.391905754804611
LowerLegAlpha=-0.0178499519824982
LowerLegTheta=-0.531532108783722
