[%General]
Highest=167
CenterX=41.6016290862013
CenterY=107.709987593052
XWidth=56

[LeftLeg]
ThighAlpha=-0.0606898590922356
ThighTheta=0.322092622518539
LowerLegAlpha=-0.0856797993183136
LowerLegTheta=-0.0396665707230568

[RightLeg]
ThighAlpha=0.0678298473358154
ThighTheta=-0.249106079339981
LowerLegAlpha=0.0285599380731583
LowerLegTheta=-0.820304751396179
