[%General]
Highest=162
CenterX=37.2760850774835
CenterY=254.919244304501
XWidth=49

[LeftLeg]
ThighAlpha=-0.0606898590922356
ThighTheta=0.322092622518539
LowerLegAlpha=-0.0499798804521561
LowerLegTheta=0.030146598815918

[RightLeg]
ThighAlpha=-0.0606898590922356
ThighTheta=-0.112653076648712
LowerLegAlpha=-0.0142799615859985
LowerLegTheta=-0.81395810842514
