[%General]
Highest=163
CenterX=43.7241250180037
CenterY=24.7006913437995
XWidth=49

[LeftLeg]
ThighAlpha=-0.13922968506813
ThighTheta=0.391905784606934
LowerLegAlpha=-0.157079637050629
LowerLegTheta=0.0364932715892792

[RightLeg]
ThighAlpha=0.103529766201973
ThighTheta=0.391905784606934
LowerLegAlpha=-0.00713998079299927
LowerLegTheta=0.0396666079759598
