[%General]
Highest=162
CenterX=35.7458657587549
CenterY=260.263103685054
XWidth=48

[LeftLeg]
ThighAlpha=-0.117809727787971
ThighTheta=0.179292947053909
LowerLegAlpha=-0.0142799615859985
LowerLegTheta=0.103133104741573

[RightLeg]
ThighAlpha=0.13922968506813
ThighTheta=0.249106109142303
LowerLegAlpha=0.13922968506813
LowerLegTheta=0.0364932715892792
