[%General]
Highest=163
CenterX=35.266043730645
CenterY=264.447253763758
XWidth=50

[LeftLeg]
ThighAlpha=-0.082109808921814
ThighTheta=0.0265199784189463
LowerLegAlpha=-0.13922968506813
LowerLegTheta=0.123079754412174

[RightLeg]
ThighAlpha=0.103529766201973
ThighTheta=-0.2522794008255
LowerLegAlpha=0.021419957280159
LowerLegTheta=0.59771865606308
