[%General]
Highest=163
CenterX=43.9463368382322
CenterY=21.3122992230729
XWidth=50

[LeftLeg]
ThighAlpha=-0.157079637050629
ThighTheta=0.371959179639816
LowerLegAlpha=-0.157079637050629
LowerLegTheta=0.0863598436117172

[RightLeg]
ThighAlpha=0.121379725635052
ThighTheta=0.342039257287979
LowerLegAlpha=-0.0285599306225777
LowerLegTheta=0.176119640469551
