[%General]
Highest=161
CenterX=39.4334893100786
CenterY=239.188668840888
XWidth=52

[LeftLeg]
ThighAlpha=-0.0214199498295784
ThighTheta=0.46489229798317
LowerLegAlpha=-0.13922968506813
LowerLegTheta=0.31891930103302

[RightLeg]
ThighAlpha=0.0856798067688942
ThighTheta=-0.461718916893005
LowerLegAlpha=-0.0178499519824982
LowerLegTheta=-0.531532108783722
