[%General]
Highest=169
CenterX=44.5241549073294
CenterY=62.8730649747262
XWidth=53

[LeftLeg]
ThighAlpha=-0.0392699092626572
ThighTheta=0.314159274101257
LowerLegAlpha=0.0589048638939857
LowerLegTheta=-0.235619455575943

[RightLeg]
ThighAlpha=0.0981747731566429
ThighTheta=-0.235619455575943
LowerLegAlpha=0.0392699092626572
LowerLegTheta=-0.235619455575943
