[%General]
Highest=165
CenterX=42.3687066346498
CenterY=177.290433421335
XWidth=57

[LeftLeg]
ThighAlpha=-0.00713998079299927
ThighTheta=-0.322092592716217
LowerLegAlpha=0.00356999784708023
LowerLegTheta=-0.747318267822266

[RightLeg]
ThighAlpha=0.0856798067688942
ThighTheta=0.391905784606934
LowerLegAlpha=0.00356999784708023
LowerLegTheta=0.106306441128254
