[%General]
Highest=165
CenterX=42.3687066346498
CenterY=177.290433421335
XWidth=57

[LeftLeg]
ThighAlpha=-0.00713998079299927
ThighTheta=-0.282199323177338
LowerLegAlpha=0.00356999784708023
LowerLegTheta=-0.80715811252594

[RightLeg]
ThighAlpha=0.0856798067688942
ThighTheta=0.401879131793976
LowerLegAlpha=0.021419957280159
LowerLegTheta=0.0564399100840092
