[%General]
Highest=168
CenterX=42.5734152020918
CenterY=197.440491212551
XWidth=55

[LeftLeg]
ThighAlpha=-0.0392699092626572
ThighTheta=0.235619455575943
LowerLegAlpha=-0.0196349546313286
LowerLegTheta=-0.785398185253143

[RightLeg]
ThighAlpha=0.0981747731566429
ThighTheta=0
LowerLegAlpha=0.0785398185253143
LowerLegTheta=-0.0785398185253143
