[%General]
Highest=168
CenterX=44.5813068057995
CenterY=45.179124950325
XWidth=51

[LeftLeg]
ThighAlpha=0.0321299284696579
ThighTheta=0.123079754412174
LowerLegAlpha=-0.0142799615859985
LowerLegTheta=-1.06963741779327

[RightLeg]
ThighAlpha=0.103529766201973
ThighTheta=0.0564399100840092
LowerLegAlpha=-0.00356999039649963
LowerLegTheta=-0.0863597691059113
