[%General]
Highest=169
CenterX=45.1237965808926
CenterY=58.7238423044682
XWidth=51

[LeftLeg]
ThighAlpha=0.0321299284696579
ThighTheta=0.206039562821388
LowerLegAlpha=0.00356999784708023
LowerLegTheta=-0.365159124135971

[RightLeg]
ThighAlpha=0.103529766201973
ThighTheta=-0.176119565963745
LowerLegAlpha=0.0821098163723946
LowerLegTheta=-0.139399647712708
