[%General]
Highest=167
CenterX=41.818352726703
CenterY=103.083075783687
XWidth=56

[LeftLeg]
ThighAlpha=-0.0606898590922356
ThighTheta=0.391905784606934
LowerLegAlpha=-0.121379718184471
LowerLegTheta=0.0364932715892792

[RightLeg]
ThighAlpha=0.103529766201973
ThighTheta=-0.322092592716217
LowerLegAlpha=0.00713998824357986
LowerLegTheta=-0.744144916534424
