[%General]
Highest=138
CenterX=33.1398813712677
CenterY=305.275238765457
XWidth=43

[LeftLeg]
ThighAlpha=-0.0981747731566429
ThighTheta=-0.392699092626572
LowerLegAlpha=-0.0981747731566429
LowerLegTheta=-0.510508835315704

[RightLeg]
ThighAlpha=0.0981747731566429
ThighTheta=-0.274889349937439
LowerLegAlpha=0.0981747731566429
LowerLegTheta=-0.667588412761688
