[%General]
Highest=163
CenterX=42.0318972611472
CenterY=163.808570070818
XWidth=57

[LeftLeg]
ThighAlpha=-0.0606898590922356
ThighTheta=-0.464892268180847
LowerLegAlpha=-0.0285599306225777
LowerLegTheta=-0.537878751754761

[RightLeg]
ThighAlpha=0.103529766201973
ThighTheta=0.46489229798317
LowerLegAlpha=-0.0285599306225777
LowerLegTheta=0.31891930103302
