[%General]
Highest=164
CenterX=43.6486745104381
CenterY=28.3214329034084
XWidth=50

[LeftLeg]
ThighAlpha=0.103529766201973
ThighTheta=-0.750491619110107
LowerLegAlpha=-0.0499798804521561
LowerLegTheta=-0.0333198979496956

[RightLeg]
ThighAlpha=0.103529766201973
ThighTheta=0.325265944004059
LowerLegAlpha=-0.00713998079299927
LowerLegTheta=0.030146598815918
