[%General]
Highest=169
CenterX=44.6518039439478
CenterY=49.1482087375563
XWidth=50

[LeftLeg]
ThighAlpha=0.0499798879027367
ThighTheta=0.179292947053909
LowerLegAlpha=-0.13922968506813
LowerLegTheta=-0.956757783889771

[RightLeg]
ThighAlpha=0.121379725635052
ThighTheta=-0.0364932343363762
LowerLegAlpha=0.0107099786400795
LowerLegTheta=-0.109479740262032
