[%General]
Highest=162
CenterX=34.7693898814084
CenterY=281.036374222413
XWidth=50

[LeftLeg]
ThighAlpha=-0.117809727787971
ThighTheta=-0.2522794008255
LowerLegAlpha=-0.0642598494887352
LowerLegTheta=-0.030146561563015

[RightLeg]
ThighAlpha=-0.024989940226078
ThighTheta=0.46171897649765
LowerLegAlpha=0.0142799690365791
LowerLegTheta=-0.112653076648712
