[%General]
Highest=161
CenterX=40.0242885626246
CenterY=235.161425291523
XWidth=53

[LeftLeg]
ThighAlpha=-0.0785398185253143
ThighTheta=0.514758884906769
LowerLegAlpha=-0.121379718184471
LowerLegTheta=0.31891930103302

[RightLeg]
ThighAlpha=0.103529766201973
ThighTheta=-0.431798994541168
LowerLegAlpha=-0.0178499519824982
LowerLegTheta=-0.461718916893005
