[%General]
Highest=168
CenterX=41.2205608478369
CenterY=112.227099159934
XWidth=57

[LeftLeg]
ThighAlpha=-0.0981747731566429
ThighTheta=0.235619455575943
LowerLegAlpha=-0.0785398185253143
LowerLegTheta=-0.0392699092626572

[RightLeg]
ThighAlpha=0.0981747731566429
ThighTheta=-0.274889349937439
LowerLegAlpha=-0.0589048638939857
LowerLegTheta=-0.628318548202515
