[%General]
Highest=167
CenterX=42.5494205474582
CenterY=189.246114468539
XWidth=55

[LeftLeg]
ThighAlpha=0.0107099786400795
ThighTheta=0.116279773414135
LowerLegAlpha=-0.0464098900556564
LowerLegTheta=-1.06963741779327

[RightLeg]
ThighAlpha=0.0678298473358154
ThighTheta=0.139399722218513
LowerLegAlpha=0.0606898665428162
LowerLegTheta=0.0564399100840092
