[%General]
Highest=163
CenterX=35.3051108283271
CenterY=278.050546003374
XWidth=50

[LeftLeg]
ThighAlpha=-0.0999597683548927
ThighTheta=-0.2522794008255
LowerLegAlpha=-0.121379718184471
LowerLegTheta=0.109479777514935

[RightLeg]
ThighAlpha=0.046409897506237
ThighTheta=0.46171897649765
LowerLegAlpha=-0.0321299210190773
LowerLegTheta=-0.458545595407486
