[%General]
Highest=167
CenterX=41.1029968292932
CenterY=140.922496675872
XWidth=57

[LeftLeg]
ThighAlpha=-0.0999597683548927
ThighTheta=-0.348839163780212
LowerLegAlpha=-0.0142799615859985
LowerLegTheta=-0.109479710459709

[RightLeg]
ThighAlpha=0.0678298473358154
ThighTheta=0.424999058246613
LowerLegAlpha=-0.0678298398852348
LowerLegTheta=0.070039875805378
