[%General]
Highest=169
CenterX=40.8847409826332
CenterY=120.079733808322
XWidth=57

[LeftLeg]
ThighAlpha=-0.121379718184471
ThighTheta=-0.0333198979496956
LowerLegAlpha=-0.0642598494887352
LowerLegTheta=0.0333199352025986

[RightLeg]
ThighAlpha=0.0499798879027367
ThighTheta=0.249106109142303
LowerLegAlpha=0.00356999784708023
LowerLegTheta=-1.02974426746368
