[%General]
Highest=153
CenterX=33.8849283160001
CenterY=289.828975427315
XWidth=46

[LeftLeg]
ThighAlpha=-0.0856797993183136
ThighTheta=-0.2459327429533
LowerLegAlpha=-0.082109808921814
LowerLegTheta=-0.541052103042603

[RightLeg]
ThighAlpha=0.0321299284696579
ThighTheta=0.817131459712982
LowerLegAlpha=-0.0142799615859985
LowerLegTheta=-0.030146561563015
