[%General]
Highest=168
CenterX=41.2205608478369
CenterY=112.227099159934
XWidth=57

[LeftLeg]
ThighAlpha=-0.0999597683548927
ThighTheta=0.252279460430145
LowerLegAlpha=-0.0678298398852348
LowerLegTheta=-0.112653076648712

[RightLeg]
ThighAlpha=0.103529766201973
ThighTheta=-0.2522794008255
LowerLegAlpha=-0.0464098900556564
LowerLegTheta=-0.674331784248352
