[%General]
Highest=150
CenterX=33.7444167071557
CenterY=293.052088394458
XWidth=46

[LeftLeg]
ThighAlpha=-0.13922968506813
ThighTheta=-0.388732433319092
LowerLegAlpha=0.00356999784708023
LowerLegTheta=-0.255452752113342

[RightLeg]
ThighAlpha=0.13922968506813
ThighTheta=-0.322092592716217
LowerLegAlpha=0.13922968506813
LowerLegTheta=-0.2459327429533
