[%General]
Highest=163
CenterX=41.2689736721446
CenterY=151.42370713579
XWidth=56

[LeftLeg]
ThighAlpha=-0.0606898590922356
ThighTheta=-0.537878751754761
LowerLegAlpha=-0.0499798804521561
LowerLegTheta=-0.172946244478226

[RightLeg]
ThighAlpha=0.0678298473358154
ThighTheta=0.46489229798317
LowerLegAlpha=-0.0464098900556564
LowerLegTheta=0.531532108783722
