[%General]
Highest=165
CenterX=42.7812228907234
CenterY=93.3874352875332
XWidth=57

[LeftLeg]
ThighAlpha=-0.0999597683548927
ThighTheta=0.537878811359406
LowerLegAlpha=-0.103529758751392
LowerLegTheta=0.030146598815918

[RightLeg]
ThighAlpha=0.13922968506813
ThighTheta=-0.391905754804611
LowerLegAlpha=0.00356999784708023
LowerLegTheta=-0.674331784248352
