[%General]
Highest=169
CenterX=45.1237965808926
CenterY=58.7238423044682
XWidth=51

[LeftLeg]
ThighAlpha=0.0321299284696579
ThighTheta=0.176119610667229
LowerLegAlpha=-0.0142799615859985
LowerLegTheta=-0.325265914201736

[RightLeg]
ThighAlpha=0.103529766201973
ThighTheta=-0.176119565963745
LowerLegAlpha=0.0999597758054733
LowerLegTheta=-0.179292917251587
