[%General]
Highest=168
CenterX=40.440066649577
CenterY=116.25094847475
XWidth=57

[LeftLeg]
ThighAlpha=-0.13922968506813
ThighTheta=0.106306441128254
LowerLegAlpha=-0.0499798804521561
LowerLegTheta=0.0333199352025986

[RightLeg]
ThighAlpha=0.0321299284696579
ThighTheta=-0.0364932343363762
LowerLegAlpha=0.046409897506237
LowerLegTheta=-0.820304751396179
