[%General]
Highest=165
CenterX=42.8002816978449
CenterY=89.1958073514933
XWidth=57

[LeftLeg]
ThighAlpha=-0.0606898590922356
ThighTheta=0.46489229798317
LowerLegAlpha=-0.121379718184471
LowerLegTheta=0.245932787656784

[RightLeg]
ThighAlpha=0.13922968506813
ThighTheta=-0.461718916893005
LowerLegAlpha=0.021419957280159
LowerLegTheta=-0.534705400466919
