[%General]
Highest=163
CenterX=41.5793940125543
CenterY=155.757617093192
XWidth=57

[LeftLeg]
ThighAlpha=-0.0606898590922356
ThighTheta=-0.52155876159668
LowerLegAlpha=-0.0499798804521561
LowerLegTheta=-0.358359158039093

[RightLeg]
ThighAlpha=0.0856798067688942
ThighTheta=0.484838932752609
LowerLegAlpha=-0.0464098900556564
LowerLegTheta=0.438599050045013
