[%General]
Highest=164
CenterX=43.5823629508525
CenterY=15.4181875813286
XWidth=47

[LeftLeg]
ThighAlpha=-0.157079637050629
ThighTheta=0.249106109142303
LowerLegAlpha=-0.196349546313286
LowerLegTheta=0.252279460430145

[RightLeg]
ThighAlpha=0.0856798067688942
ThighTheta=0.252279460430145
LowerLegAlpha=-0.0499798804521561
LowerLegTheta=0.315745949745178
