[%General]
Highest=157
CenterX=34.2728731942215
CenterY=284.203467094703
XWidth=47

[LeftLeg]
ThighAlpha=-0.0999597683548927
ThighTheta=-0.235959425568581
LowerLegAlpha=-0.0678298398852348
LowerLegTheta=-0.215559482574463

[RightLeg]
ThighAlpha=-0.00713998079299927
ThighTheta=0.514758884906769
LowerLegAlpha=0.0249899476766586
LowerLegTheta=0.0333199612796307
