[%General]
Highest=169
CenterX=44.8919821962076
CenterY=54.067861715749
XWidth=50

[LeftLeg]
ThighAlpha=0.0999597758054733
ThighTheta=0.169319659471512
LowerLegAlpha=-0.0856797993183136
LowerLegTheta=-0.537878751754761

[RightLeg]
ThighAlpha=0.0499798879027367
ThighTheta=-0.00339995324611664
LowerLegAlpha=0.0999597758054733
LowerLegTheta=-0.2454794049263
