[%General]
Highest=166
CenterX=43.0216443080668
CenterY=213.078538280121
XWidth=57

[LeftLeg]
ThighAlpha=-0.024989940226078
ThighTheta=0.391905784606934
LowerLegAlpha=0.021419957280159
LowerLegTheta=0.179292947053909

[RightLeg]
ThighAlpha=0.13922968506813
ThighTheta=-0.322092592716217
LowerLegAlpha=0.0107099786400795
LowerLegTheta=-0.106306403875351
