[%General]
Highest=162
CenterX=34.7693898814084
CenterY=281.036374222413
XWidth=50

[LeftLeg]
ThighAlpha=-0.117809727787971
ThighTheta=-0.282199323177338
LowerLegAlpha=-0.0464098900556564
LowerLegTheta=0.0496399253606796

[RightLeg]
ThighAlpha=-0.024989940226078
ThighTheta=0.431799054145813
LowerLegAlpha=0.0142799690365791
LowerLegTheta=-0.10267972946167
