[%General]
Highest=163
CenterX=48.1616463454534
CenterY=53.6743407420333
XWidth=56

[LeftLeg]
ThighAlpha=-0.082109808921814
ThighTheta=-0.2522794008255
LowerLegAlpha=-0.121379718184471
LowerLegTheta=-0.0999597311019897

[RightLeg]
ThighAlpha=0.0142799690365791
ThighTheta=0.46489229798317
LowerLegAlpha=-0.0142799615859985
LowerLegTheta=-0.255452752113342
