[%General]
Highest=160
CenterX=48.049048516122
CenterY=74.4117727359598
XWidth=56

[LeftLeg]
ThighAlpha=-0.0464098900556564
ThighTheta=-0.461718916893005
LowerLegAlpha=-0.103529758751392
LowerLegTheta=-0.468065589666367

[RightLeg]
ThighAlpha=0.103529766201973
ThighTheta=0.46489229798317
LowerLegAlpha=-0.0321299210190773
LowerLegTheta=0.388732463121414
