[%General]
Highest=165
CenterX=44.6066472917913
CenterY=124.286577200331
XWidth=57

[LeftLeg]
ThighAlpha=0.0678298473358154
ThighTheta=0.46171897649765
LowerLegAlpha=-0.0499798804521561
LowerLegTheta=-0.391905754804611

[RightLeg]
ThighAlpha=0.0321299284696579
ThighTheta=-0.176119565963745
LowerLegAlpha=0.0642598569393158
LowerLegTheta=-0.179292917251587
