[%General]
Highest=165
CenterX=33.9720924702325
CenterY=181.364904115639
XWidth=60

[LeftLeg]
ThighAlpha=-0.117809727787971
ThighTheta=0.123079754412174
LowerLegAlpha=-0.0107099711894989
LowerLegTheta=0.102679803967476

[RightLeg]
ThighAlpha=0.0428399071097374
ThighTheta=0.206039562821388
LowerLegAlpha=-0.0107099711894989
LowerLegTheta=-1.09955739974976
