[%General]
Highest=160
CenterX=32.7157968970381
CenterY=274.010930888575
XWidth=51

[LeftLeg]
ThighAlpha=-0.024989940226078
ThighTheta=0.46171897649765
LowerLegAlpha=0.00356999784708023
LowerLegTheta=-0.24275940656662

[RightLeg]
ThighAlpha=0.0856798067688942
ThighTheta=-0.179292917251587
LowerLegAlpha=0.0821098163723946
LowerLegTheta=-0.106306403875351
