[%General]
Highest=164
CenterX=47.0507139857203
CenterY=105.539413586728
XWidth=57

[LeftLeg]
ThighAlpha=-0.157079637050629
ThighTheta=0.157079637050629
LowerLegAlpha=-0.196349546313286
LowerLegTheta=0.0785398185253143

[RightLeg]
ThighAlpha=0.117809727787971
ThighTheta=0.235619455575943
LowerLegAlpha=0.0392699092626572
LowerLegTheta=-0.157079637050629
