[%General]
Highest=166
CenterX=34.4332896910752
CenterY=189.368808254621
XWidth=61

[LeftLeg]
ThighAlpha=-0.117809727787971
ThighTheta=-0.0785398185253143
LowerLegAlpha=-0.0785398185253143
LowerLegTheta=0.0785398185253143

[RightLeg]
ThighAlpha=0.157079637050629
ThighTheta=0.235619455575943
LowerLegAlpha=0.196349546313286
LowerLegTheta=-0.392699092626572
