[%General]
Highest=163
CenterX=47.5305440433127
CenterY=93.8060513139928
XWidth=55

[LeftLeg]
ThighAlpha=-0.0214199498295784
ThighTheta=-0.322092592716217
LowerLegAlpha=0.00356999784708023
LowerLegTheta=-0.747318267822266

[RightLeg]
ThighAlpha=0.13922968506813
ThighTheta=0.391905784606934
LowerLegAlpha=0.0107099786400795
LowerLegTheta=0.0396666079759598
