[%General]
Highest=160
CenterX=32.8146915554233
CenterY=242.356393857138
XWidth=58

[LeftLeg]
ThighAlpha=-0.024989940226078
ThighTheta=-0.182466238737106
LowerLegAlpha=-0.0499798804521561
LowerLegTheta=-0.956757783889771

[RightLeg]
ThighAlpha=0.13922968506813
ThighTheta=0.322092622518539
LowerLegAlpha=0.0321299284696579
LowerLegTheta=0.176119610667229
