[%General]
Highest=163
CenterX=47.6097461803844
CenterY=89.0252094627895
XWidth=56

[LeftLeg]
ThighAlpha=0
ThighTheta=-0.392699092626572
LowerLegAlpha=-0.0785398185253143
LowerLegTheta=-0.628318548202515

[RightLeg]
ThighAlpha=0.117809727787971
ThighTheta=0.471238911151886
LowerLegAlpha=0.0392699092626572
LowerLegTheta=0.0785398185253143
