[%General]
Highest=163
CenterX=32.6532046888455
CenterY=210.722746524666
XWidth=58

[LeftLeg]
ThighAlpha=-0.0999597683548927
ThighTheta=-0.388732433319092
LowerLegAlpha=-0.0499798804521561
LowerLegTheta=-0.255452752113342

[RightLeg]
ThighAlpha=0.0142799690365791
ThighTheta=0.395079135894775
LowerLegAlpha=-0.0285599306225777
LowerLegTheta=0.458545625209808
