[%General]
Highest=160
CenterX=32.7157968970381
CenterY=274.010930888575
XWidth=51

[LeftLeg]
ThighAlpha=-0.024989940226078
ThighTheta=0.49163892865181
LowerLegAlpha=0.021419957280159
LowerLegTheta=-0.24275940656662

[RightLeg]
ThighAlpha=0.121379725635052
ThighTheta=-0.169319570064545
LowerLegAlpha=0.0107099786400795
LowerLegTheta=-0.0863597691059113
