[%General]
Highest=159
CenterX=48.1301017003443
CenterY=69.77971598644
XWidth=56

[LeftLeg]
ThighAlpha=-0.0606898590922356
ThighTheta=-0.464892268180847
LowerLegAlpha=-0.121379718184471
LowerLegTheta=-0.318919241428375

[RightLeg]
ThighAlpha=0.0999597758054733
ThighTheta=0.46489229798317
LowerLegAlpha=-0.0999597683548927
LowerLegTheta=0.388732463121414
