[%General]
Highest=164
CenterX=49.2449668912085
CenterY=43.8974295364769
XWidth=55

[LeftLeg]
ThighAlpha=-0.0785398185253143
ThighTheta=-0.0785398185253143
LowerLegAlpha=-0.196349546313286
LowerLegTheta=-0.157079637050629

[RightLeg]
ThighAlpha=0.0392699092626572
ThighTheta=0.314159274101257
LowerLegAlpha=0.157079637050629
LowerLegTheta=-0.628318548202515
