[%General]
Highest=160
CenterX=32.6384993317395
CenterY=247.449485157088
XWidth=52

[LeftLeg]
ThighAlpha=-0.157079637050629
ThighTheta=0.392699092626572
LowerLegAlpha=-0.196349546313286
LowerLegTheta=-0.0785398185253143

[RightLeg]
ThighAlpha=0.117809727787971
ThighTheta=0.235619455575943
LowerLegAlpha=0.0392699092626572
LowerLegTheta=0.157079637050629
