[%General]
Highest=160
CenterX=37.6427214465553
CenterY=157.499118791485
XWidth=62

[LeftLeg]
ThighAlpha=-0.0999597683548927
ThighTheta=0.537878811359406
LowerLegAlpha=0.00356999784708023
LowerLegTheta=0.172946274280548

[RightLeg]
ThighAlpha=0.0499798879027367
ThighTheta=-0.461718916893005
LowerLegAlpha=-0.0785398185253143
LowerLegTheta=-0.604518592357635
