[%General]
Highest=165
CenterX=34.3642294929546
CenterY=185.076016735865
XWidth=61

[LeftLeg]
ThighAlpha=-0.0785398185253143
ThighTheta=0.0364932715892792
LowerLegAlpha=-0.0499798804521561
LowerLegTheta=0.103133104741573

[RightLeg]
ThighAlpha=0.103529766201973
ThighTheta=0.391905784606934
LowerLegAlpha=-0.0214199498295784
LowerLegTheta=-1.09955739974976
