[%General]
Highest=159
CenterX=32.7876598487161
CenterY=277.928377599132
XWidth=50

[LeftLeg]
ThighAlpha=-0.0392699092626572
ThighTheta=0.471238911151886
LowerLegAlpha=0.0785398185253143
LowerLegTheta=0

[RightLeg]
ThighAlpha=0.0392699092626572
ThighTheta=-0.235619455575943
LowerLegAlpha=0.157079637050629
LowerLegTheta=-0.157079637050629
