[%General]
Highest=165
CenterX=45.8707977357697
CenterY=114.720860047146
XWidth=56

[LeftLeg]
ThighAlpha=0.0196349546313286
ThighTheta=0.274889349937439
LowerLegAlpha=-0.0785398185253143
LowerLegTheta=-0.746128261089325

[RightLeg]
ThighAlpha=0.0785398185253143
ThighTheta=0.0392699092626572
LowerLegAlpha=0.0981747731566429
LowerLegTheta=-0.157079637050629
