[%General]
Highest=160
CenterX=32.6384993317395
CenterY=247.449485157088
XWidth=52

[LeftLeg]
ThighAlpha=0.046409897506237
ThighTheta=-0.109479740262032
LowerLegAlpha=-0.13922968506813
LowerLegTheta=-1.09955739974976

[RightLeg]
ThighAlpha=0.103529766201973
ThighTheta=0.249106109142303
LowerLegAlpha=0.046409897506237
LowerLegTheta=0.106306441128254
