[%General]
Highest=165
CenterX=33.9720924702325
CenterY=181.364904115639
XWidth=60

[LeftLeg]
ThighAlpha=-0.117809727787971
ThighTheta=0.157079637050629
LowerLegAlpha=0
LowerLegTheta=0.0785398185253143

[RightLeg]
ThighAlpha=0.196349546313286
ThighTheta=0.157079637050629
LowerLegAlpha=0.196349546313286
LowerLegTheta=0
