[%General]
Highest=161
CenterX=32.6131026828968
CenterY=270.027234132507
XWidth=52

[LeftLeg]
ThighAlpha=-0.0606898590922356
ThighTheta=0.322092622518539
LowerLegAlpha=-0.0321299210190773
LowerLegTheta=-0.322092592716217

[RightLeg]
ThighAlpha=0.13922968506813
ThighTheta=-0.106306403875351
LowerLegAlpha=0.0642598569393158
LowerLegTheta=-0.0333198979496956
