[%General]
Highest=163
CenterX=32.8579375542622
CenterY=205.97226598926
XWidth=59

[LeftLeg]
ThighAlpha=-0.0785398185253143
ThighTheta=-0.371959120035172
LowerLegAlpha=-0.0856797993183136
LowerLegTheta=-0.0564398318529129

[RightLeg]
ThighAlpha=0.0142799690365791
ThighTheta=0.46171897649765
LowerLegAlpha=0.00713998824357986
LowerLegTheta=0.169319659471512
