[%General]
Highest=160
CenterX=33.6466184515845
CenterY=227.1079927508
XWidth=60

[LeftLeg]
ThighAlpha=-0.0606898590922356
ThighTheta=-0.534705400466919
LowerLegAlpha=-0.0142799615859985
LowerLegTheta=-0.249106079339981

[RightLeg]
ThighAlpha=0.13922968506813
ThighTheta=0.46489229798317
LowerLegAlpha=0.00713998824357986
LowerLegTheta=0.391905784606934
