[%General]
Highest=159
CenterX=33.6232385747753
CenterY=231.54501905661
XWidth=60

[LeftLeg]
ThighAlpha=-0.0606898590922356
ThighTheta=-0.461718916893005
LowerLegAlpha=-0.0142799615859985
LowerLegTheta=-0.464892268180847

[RightLeg]
ThighAlpha=0.13922968506813
ThighTheta=0.46489229798317
LowerLegAlpha=0.0428399071097374
LowerLegTheta=0.31891930103302
