[%General]
Highest=161
CenterX=31.8373894924238
CenterY=252.217029799114
XWidth=50

[LeftLeg]
ThighAlpha=0.0589048638939857
ThighTheta=-0.0785398185253143
LowerLegAlpha=-0.0785398185253143
LowerLegTheta=-0.785398185253143

[RightLeg]
ThighAlpha=0.0981747731566429
ThighTheta=0.510508835315704
LowerLegAlpha=0.0196349546313286
LowerLegTheta=-0.431968986988068
