[%General]
Highest=165
CenterX=45.371911593171
CenterY=120.349976519776
XWidth=58

[LeftLeg]
ThighAlpha=0.0606898665428162
ThighTheta=0.322092622518539
LowerLegAlpha=-0.103529758751392
LowerLegTheta=-0.464892268180847

[RightLeg]
ThighAlpha=0.0642598569393158
ThighTheta=-0.106306403875351
LowerLegAlpha=0.0821098163723946
LowerLegTheta=-0.109479740262032
