[%General]
Highest=159
CenterX=33.6232385747753
CenterY=231.54501905661
XWidth=60

[LeftLeg]
ThighAlpha=-0.0589048638939857
ThighTheta=-0.471238911151886
LowerLegAlpha=-0.0196349546313286
LowerLegTheta=-0.471238911151886

[RightLeg]
ThighAlpha=0.0981747731566429
ThighTheta=0.471238911151886
LowerLegAlpha=0.0785398185253143
LowerLegTheta=0.314159274101257
