[%General]
Highest=164
CenterX=47.35801982563
CenterY=97.9954018870178
XWidth=55

[LeftLeg]
ThighAlpha=0.0142799690365791
ThighTheta=-0.182466238737106
LowerLegAlpha=-0.0142799615859985
LowerLegTheta=-0.956757783889771

[RightLeg]
ThighAlpha=0.103529766201973
ThighTheta=0.322092622518539
LowerLegAlpha=0.0642598569393158
LowerLegTheta=-0.0333198979496956
