[%General]
Highest=159
CenterX=32.874136989023
CenterY=281.552939618206
XWidth=48

[LeftLeg]
ThighAlpha=-0.0785398185253143
ThighTheta=0.510508835315704
LowerLegAlpha=0.0785398185253143
LowerLegTheta=0.196349546313286

[RightLeg]
ThighAlpha=0.0589048638939857
ThighTheta=-0.314159274101257
LowerLegAlpha=0.0981747731566429
LowerLegTheta=-0.157079637050629
