[%General]
Highest=162
CenterX=32.4308932346723
CenterY=266.423163319239
XWidth=54

[LeftLeg]
ThighAlpha=-0.117809727787971
ThighTheta=0.458545625209808
LowerLegAlpha=-0.0499798804521561
LowerLegTheta=-0.747318267822266

[RightLeg]
ThighAlpha=0.13922968506813
ThighTheta=0.0364932715892792
LowerLegAlpha=0.0999597758054733
LowerLegTheta=-0.176119565963745
