[%General]
Highest=164
CenterX=49.6300270606852
CenterY=34.57321834883
XWidth=55

[LeftLeg]
ThighAlpha=-0.082109808921814
ThighTheta=0.106306441128254
LowerLegAlpha=-0.103529758751392
LowerLegTheta=-0.0364932343363762

[RightLeg]
ThighAlpha=0.0499798879027367
ThighTheta=0.176119610667229
LowerLegAlpha=-0.0321299210190773
LowerLegTheta=-0.956757783889771
