[%General]
Highest=165
CenterX=45.371911593171
CenterY=120.349976519776
XWidth=58

[LeftLeg]
ThighAlpha=0.0785398185253143
ThighTheta=0.353429168462753
LowerLegAlpha=-0.0981747731566429
LowerLegTheta=-0.510508835315704

[RightLeg]
ThighAlpha=0.0589048638939857
ThighTheta=-0.117809727787971
LowerLegAlpha=0.0981747731566429
LowerLegTheta=-0.117809727787971
