[%General]
Highest=159
CenterX=48.1301017003443
CenterY=69.77971598644
XWidth=56

[LeftLeg]
ThighAlpha=-0.0606898590922356
ThighTheta=-0.454918920993805
LowerLegAlpha=-0.121379718184471
LowerLegTheta=-0.348839163780212

[RightLeg]
ThighAlpha=0.0821098163723946
ThighTheta=0.454919010400772
LowerLegAlpha=-0.082109808921814
LowerLegTheta=0.408679097890854
