[%General]
Highest=166
CenterX=34.4332896910752
CenterY=189.368808254621
XWidth=61

[LeftLeg]
ThighAlpha=-0.117809727787971
ThighTheta=-0.0333198830485344
LowerLegAlpha=-0.0678298398852348
LowerLegTheta=0.0333199612796307

[RightLeg]
ThighAlpha=0.13922968506813
ThighTheta=0.312119334936142
LowerLegAlpha=0.021419957280159
LowerLegTheta=-0.597718596458435
