[%General]
Highest=160
CenterX=37.6427214465553
CenterY=157.499118791485
XWidth=62

[LeftLeg]
ThighAlpha=-0.0999597683548927
ThighTheta=0.507958889007568
LowerLegAlpha=-0.0142799615859985
LowerLegTheta=0.212839543819427

[RightLeg]
ThighAlpha=0.0499798879027367
ThighTheta=-0.431798994541168
LowerLegAlpha=-0.0606898590922356
LowerLegTheta=-0.604518592357635
