[%General]
Highest=160
CenterX=48.0384826110778
CenterY=65.4070155756738
XWidth=56

[LeftLeg]
ThighAlpha=-0.0785398185253143
ThighTheta=-0.392699092626572
LowerLegAlpha=-0.117809727787971
LowerLegTheta=-0.314159274101257

[RightLeg]
ThighAlpha=0.0785398185253143
ThighTheta=0.471238911151886
LowerLegAlpha=-0.117809727787971
LowerLegTheta=0.314159274101257
