[%General]
Highest=163
CenterX=47.6097461803844
CenterY=89.0252094627895
XWidth=56

[LeftLeg]
ThighAlpha=-0.00356999039649963
ThighTheta=-0.391905754804611
LowerLegAlpha=-0.0678298398852348
LowerLegTheta=-0.677505135536194

[RightLeg]
ThighAlpha=0.103529766201973
ThighTheta=0.46171897649765
LowerLegAlpha=0.0499798879027367
LowerLegTheta=0.0364932715892792
