[%General]
Highest=164
CenterX=47.9687805776514
CenterY=58.0912523454857
XWidth=56

[LeftLeg]
ThighAlpha=-0.0785398185253143
ThighTheta=-0.342039197683334
LowerLegAlpha=-0.14279967546463
LowerLegTheta=-0.139399647712708

[RightLeg]
ThighAlpha=0.0142799690365791
ThighTheta=0.424999058246613
LowerLegAlpha=-0.0678298398852348
LowerLegTheta=-0.0197199191898108
