[%General]
Highest=161
CenterX=31.8373894924238
CenterY=252.217029799114
XWidth=50

[LeftLeg]
ThighAlpha=0.0285599380731583
ThighTheta=0.0333199352025986
LowerLegAlpha=-0.121379718184471
LowerLegTheta=-1.09955739974976

[RightLeg]
ThighAlpha=0.13922968506813
ThighTheta=0.534705460071564
LowerLegAlpha=-0.0392699092626572
LowerLegTheta=-0.464892268180847
