[%General]
Highest=163
CenterX=48.5541882268559
CenterY=48.7405297402531
XWidth=56

[LeftLeg]
ThighAlpha=-0.082109808921814
ThighTheta=-0.176119565963745
LowerLegAlpha=-0.157079637050629
LowerLegTheta=-0.109479740262032

[RightLeg]
ThighAlpha=0.0499798879027367
ThighTheta=0.395079135894775
LowerLegAlpha=-0.024989940226078
LowerLegTheta=-0.468065589666367
