[%General]
Highest=164
CenterX=49.6300270606852
CenterY=34.57321834883
XWidth=55

[LeftLeg]
ThighAlpha=-0.082109808921814
ThighTheta=0.0863598436117172
LowerLegAlpha=-0.103529758751392
LowerLegTheta=-0.0265199020504951

[RightLeg]
ThighAlpha=0.0499798879027367
ThighTheta=0.176119640469551
LowerLegAlpha=-0.0321299210190773
LowerLegTheta=-0.956757783889771
