[%General]
Highest=163
CenterX=42.0201299770703
CenterY=135.872771957384
XWidth=62

[LeftLeg]
ThighAlpha=-0.0785398185253143
ThighTheta=0.471238911151886
LowerLegAlpha=0.0785398185253143
LowerLegTheta=0.235619455575943

[RightLeg]
ThighAlpha=0.0785398185253143
ThighTheta=-0.392699092626572
LowerLegAlpha=-0.0392699092626572
LowerLegTheta=-0.235619455575943
