[%General]
Highest=163
CenterX=32.6532046888455
CenterY=210.722746524666
XWidth=58

[LeftLeg]
ThighAlpha=-0.117809727787971
ThighTheta=-0.471238911151886
LowerLegAlpha=0
LowerLegTheta=-0.0785398185253143

[RightLeg]
ThighAlpha=0.0392699092626572
ThighTheta=0.392699092626572
LowerLegAlpha=-0.0392699092626572
LowerLegTheta=0.471238911151886
