[%General]
Highest=161
CenterX=33.2845207220066
CenterY=222.592835633844
XWidth=59

[LeftLeg]
ThighAlpha=-0.0214199498295784
ThighTheta=-0.537878751754761
LowerLegAlpha=-0.0678298398852348
LowerLegTheta=-0.172946244478226

[RightLeg]
ThighAlpha=0.0856798067688942
ThighTheta=0.46489229798317
LowerLegAlpha=0.00713998824357986
LowerLegTheta=0.46171897649765
