[%General]
Highest=165
CenterX=33.9720924702325
CenterY=181.364904115639
XWidth=60

[LeftLeg]
ThighAlpha=-0.0999597683548927
ThighTheta=0.103133104741573
LowerLegAlpha=-0.0285599306225777
LowerLegTheta=0.112653113901615

[RightLeg]
ThighAlpha=0.0249899476766586
ThighTheta=0.176119610667229
LowerLegAlpha=-0.0107099711894989
LowerLegTheta=-1.09955739974976
