[%General]
Highest=162
CenterX=35.6763397864787
CenterY=168.276007231746
XWidth=60

[LeftLeg]
ThighAlpha=-0.157079637050629
ThighTheta=0.471238911151886
LowerLegAlpha=0.0785398185253143
LowerLegTheta=0.0785398185253143

[RightLeg]
ThighAlpha=0.0392699092626572
ThighTheta=-0.314159274101257
LowerLegAlpha=-0.117809727787971
LowerLegTheta=-0.785398185253143
