[%General]
Highest=161
CenterX=32.6131026828968
CenterY=270.027234132507
XWidth=52

[LeftLeg]
ThighAlpha=-0.196349546313286
ThighTheta=0
LowerLegAlpha=0.0392699092626572
LowerLegTheta=-0.235619455575943

[RightLeg]
ThighAlpha=0.157079637050629
ThighTheta=-0.0785398185253143
LowerLegAlpha=0.0392699092626572
LowerLegTheta=-0.0785398185253143
