[%General]
Highest=164
CenterX=47.35801982563
CenterY=97.9954018870178
XWidth=55

[LeftLeg]
ThighAlpha=-0.0214199498295784
ThighTheta=-0.192439526319504
LowerLegAlpha=0.00356999784708023
LowerLegTheta=-0.926837861537933

[RightLeg]
ThighAlpha=0.121379725635052
ThighTheta=0.312119334936142
LowerLegAlpha=0.0285599380731583
LowerLegTheta=-0.0333198830485344
