[%General]
Highest=165
CenterX=49.8564716303521
CenterY=39.0777192593948
XWidth=55

[LeftLeg]
ThighAlpha=-0.082109808921814
ThighTheta=0.0364932715892792
LowerLegAlpha=-0.157079637050629
LowerLegTheta=-0.176119565963745

[RightLeg]
ThighAlpha=0.0856798067688942
ThighTheta=0.179292947053909
LowerLegAlpha=0.0856798067688942
LowerLegTheta=-0.468065589666367
