[%General]
Highest=163
CenterX=42.0201299770703
CenterY=135.872771957384
XWidth=62

[LeftLeg]
ThighAlpha=-0.0214199498295784
ThighTheta=0.46489229798317
LowerLegAlpha=0.021419957280159
LowerLegTheta=0.252279460430145

[RightLeg]
ThighAlpha=0.103529766201973
ThighTheta=-0.388732433319092
LowerLegAlpha=-0.0499798804521561
LowerLegTheta=-0.2522794008255
