[%General]
Highest=160
CenterX=32.8146915554233
CenterY=242.356393857138
XWidth=58

[LeftLeg]
ThighAlpha=-0.0589048638939857
ThighTheta=-0.314159274101257
LowerLegAlpha=0
LowerLegTheta=-0.785398185253143

[RightLeg]
ThighAlpha=0.0981747731566429
ThighTheta=0.314159274101257
LowerLegAlpha=0.0785398185253143
LowerLegTheta=0.157079637050629
