[%General]
Highest=164
CenterX=49.2449668912085
CenterY=43.8974295364769
XWidth=55

[LeftLeg]
ThighAlpha=-0.0999597683548927
ThighTheta=-0.0396665707230568
LowerLegAlpha=-0.13922968506813
LowerLegTheta=0.0428399443626404

[RightLeg]
ThighAlpha=0.0856798067688942
ThighTheta=0.391905784606934
LowerLegAlpha=0.0428399071097374
LowerLegTheta=-0.890117883682251
