[%General]
Highest=157
CenterX=32.39245226482
CenterY=284.827920294318
XWidth=47

[LeftLeg]
ThighAlpha=-0.117809727787971
ThighTheta=0.549778699874878
LowerLegAlpha=0.157079637050629
LowerLegTheta=0.314159274101257

[RightLeg]
ThighAlpha=0.0392699092626572
ThighTheta=-0.392699092626572
LowerLegAlpha=0.157079637050629
LowerLegTheta=-0.157079637050629
