[%General]
Highest=165
CenterX=34.3466964089352
CenterY=197.43105344183
XWidth=61

[LeftLeg]
ThighAlpha=-0.0428398996591568
ThighTheta=-0.176119565963745
LowerLegAlpha=-0.13922968506813
LowerLegTheta=-0.109479740262032

[RightLeg]
ThighAlpha=0.0856798067688942
ThighTheta=0.46171897649765
LowerLegAlpha=-0.0785398185253143
LowerLegTheta=-0.322092592716217
