[%General]
Highest=165
CenterX=44.3472708286295
CenterY=128.172767554753
XWidth=59

[LeftLeg]
ThighAlpha=0.0321299284696579
ThighTheta=0.514758884906769
LowerLegAlpha=0.00356999784708023
LowerLegTheta=-0.176119565963745

[RightLeg]
ThighAlpha=0.0856798067688942
ThighTheta=-0.259079366922379
LowerLegAlpha=0.0249899476766586
LowerLegTheta=-0.222359463572502
