[%General]
Highest=164
CenterX=47.9687805776514
CenterY=58.0912523454857
XWidth=56

[LeftLeg]
ThighAlpha=-0.0999597683548927
ThighTheta=-0.322092592716217
LowerLegAlpha=-0.13922968506813
LowerLegTheta=-0.24275940656662

[RightLeg]
ThighAlpha=0.0142799690365791
ThighTheta=0.46489229798317
LowerLegAlpha=-0.0678298398852348
LowerLegTheta=-0.0396665707230568
