[%General]
Highest=161
CenterX=32.7104204316841
CenterY=214.957530603198
XWidth=58

[LeftLeg]
ThighAlpha=-0.117809727787971
ThighTheta=-0.484838873147964
LowerLegAlpha=0.021419957280159
LowerLegTheta=-0.139399647712708

[RightLeg]
ThighAlpha=0.0107099786400795
ThighTheta=0.395079135894775
LowerLegAlpha=0.00713998824357986
LowerLegTheta=0.611318647861481
