[%General]
Highest=163
CenterX=48.0558395493193
CenterY=83.8535157268791
XWidth=56

[LeftLeg]
ThighAlpha=-0.0107099711894989
ThighTheta=-0.461718916893005
LowerLegAlpha=-0.0856797993183136
LowerLegTheta=-0.537878751754761

[RightLeg]
ThighAlpha=0.121379725635052
ThighTheta=0.46171897649765
LowerLegAlpha=0.0249899476766586
LowerLegTheta=0.18246628344059
