[%General]
Highest=164
CenterX=49.2449668912085
CenterY=43.8974295364769
XWidth=55

[LeftLeg]
ThighAlpha=-0.0999597683548927
ThighTheta=-0.0496398508548737
LowerLegAlpha=-0.157079637050629
LowerLegTheta=0.102679803967476

[RightLeg]
ThighAlpha=0.0856798067688942
ThighTheta=0.401879131793976
LowerLegAlpha=0.0249899476766586
LowerLegTheta=-0.890117883682251
