[%General]
Highest=160
CenterX=32.6384993317395
CenterY=247.449485157088
XWidth=52

[LeftLeg]
ThighAlpha=0.0285599380731583
ThighTheta=-0.0795597806572914
LowerLegAlpha=-0.103529758751392
LowerLegTheta=-1.09955739974976

[RightLeg]
ThighAlpha=0.13922968506813
ThighTheta=0.259079456329346
LowerLegAlpha=-0.00713998079299927
LowerLegTheta=0.116279773414135
