[%General]
Highest=159
CenterX=32.874136989023
CenterY=281.552939618206
XWidth=48

[LeftLeg]
ThighAlpha=-0.0428398996591568
ThighTheta=0.514758884906769
LowerLegAlpha=0.021419957280159
LowerLegTheta=0.199239581823349

[RightLeg]
ThighAlpha=0.0321299284696579
ThighTheta=-0.288999319076538
LowerLegAlpha=0.121379725635052
LowerLegTheta=-0.162519589066505
