[%General]
Highest=161
CenterX=31.8373894924238
CenterY=252.217029799114
XWidth=50

[LeftLeg]
ThighAlpha=-0.157079637050629
ThighTheta=0.314159274101257
LowerLegAlpha=-0.196349546313286
LowerLegTheta=-0.157079637050629

[RightLeg]
ThighAlpha=0.196349546313286
ThighTheta=0.471238911151886
LowerLegAlpha=-0.196349546313286
LowerLegTheta=-0.314159274101257
