[%General]
Highest=163
CenterX=32.6532046888455
CenterY=210.722746524666
XWidth=58

[LeftLeg]
ThighAlpha=-0.0999597683548927
ThighTheta=-0.408679038286209
LowerLegAlpha=-0.0321299210190773
LowerLegTheta=-0.215559482574463

[RightLeg]
ThighAlpha=0.0142799690365791
ThighTheta=0.424999058246613
LowerLegAlpha=-0.0107099711894989
LowerLegTheta=0.378759175539017
