[%General]
Highest=159
CenterX=48.1301017003443
CenterY=69.77971598644
XWidth=56

[LeftLeg]
ThighAlpha=-0.0785398185253143
ThighTheta=-0.471238911151886
LowerLegAlpha=-0.117809727787971
LowerLegTheta=-0.314159274101257

[RightLeg]
ThighAlpha=0.117809727787971
ThighTheta=0.471238911151886
LowerLegAlpha=-0.117809727787971
LowerLegTheta=0.392699092626572
