[%General]
Highest=162
CenterX=32.4308932346723
CenterY=266.423163319239
XWidth=54

[LeftLeg]
ThighAlpha=-0.117809727787971
ThighTheta=0.498438894748688
LowerLegAlpha=-0.13922968506813
LowerLegTheta=-0.657558441162109

[RightLeg]
ThighAlpha=0.13922968506813
ThighTheta=0.0863598436117172
LowerLegAlpha=0.0999597758054733
LowerLegTheta=-0.206039488315582
