[%General]
Highest=160
CenterX=32.7424712096285
CenterY=218.590163650533
XWidth=58

[LeftLeg]
ThighAlpha=-0.0999597683548927
ThighTheta=-0.461718916893005
LowerLegAlpha=0.021419957280159
LowerLegTheta=-0.255452752113342

[RightLeg]
ThighAlpha=0.0678298473358154
ThighTheta=0.46489229798317
LowerLegAlpha=0.00713998824357986
LowerLegTheta=0.531532108783722
