[%General]
Highest=160
CenterX=32.6384993317395
CenterY=247.449485157088
XWidth=52

[LeftLeg]
ThighAlpha=0
ThighTheta=-0.235619455575943
LowerLegAlpha=0
LowerLegTheta=-0.785398185253143

[RightLeg]
ThighAlpha=0.0981747731566429
ThighTheta=0.235619455575943
LowerLegAlpha=0.0589048638939857
LowerLegTheta=0.157079637050629
