[%General]
Highest=163
CenterX=48.5541882268559
CenterY=48.7405297402531
XWidth=56

[LeftLeg]
ThighAlpha=-0.0785398185253143
ThighTheta=-0.157079637050629
LowerLegAlpha=-0.196349546313286
LowerLegTheta=-0.157079637050629

[RightLeg]
ThighAlpha=0
ThighTheta=0.392699092626572
LowerLegAlpha=0.157079637050629
LowerLegTheta=-0.471238911151886
