[%General]
Highest=164
CenterX=47.0507139857203
CenterY=105.539413586728
XWidth=57

[LeftLeg]
ThighAlpha=-0.00713998079299927
ThighTheta=0.245932787656784
LowerLegAlpha=-0.0142799615859985
LowerLegTheta=-1.09955739974976

[RightLeg]
ThighAlpha=0.13922968506813
ThighTheta=0.176119610667229
LowerLegAlpha=-0.00713998079299927
LowerLegTheta=-0.0999597311019897
