[%General]
Highest=161
CenterX=32.7104204316841
CenterY=214.957530603198
XWidth=58

[LeftLeg]
ThighAlpha=-0.0999597683548927
ThighTheta=-0.464892268180847
LowerLegAlpha=-0.0321299210190773
LowerLegTheta=-0.179292917251587

[RightLeg]
ThighAlpha=0.0107099786400795
ThighTheta=0.395079135894775
LowerLegAlpha=0.00713998824357986
LowerLegTheta=0.601345300674438
