[%General]
Highest=163
CenterX=34.9438667593592
CenterY=173.122797935125
XWidth=61

[LeftLeg]
ThighAlpha=-0.0785398185253143
ThighTheta=0.314159274101257
LowerLegAlpha=-0.0196349546313286
LowerLegTheta=0.0785398185253143

[RightLeg]
ThighAlpha=0
ThighTheta=-0.235619455575943
LowerLegAlpha=0
LowerLegTheta=-0.785398185253143
