[%General]
Highest=159
CenterX=32.7876598487161
CenterY=277.928377599132
XWidth=50

[LeftLeg]
ThighAlpha=-0.0214199498295784
ThighTheta=0.534705460071564
LowerLegAlpha=0.00356999784708023
LowerLegTheta=-0.182466238737106

[RightLeg]
ThighAlpha=0.0678298473358154
ThighTheta=-0.249106079339981
LowerLegAlpha=0.0821098163723946
LowerLegTheta=-0.106306403875351
