[%General]
Highest=162
CenterX=31.748498190366
CenterY=256.976157606059
XWidth=53

[LeftLeg]
ThighAlpha=-0.0214199498295784
ThighTheta=0.106306441128254
LowerLegAlpha=-0.0142799615859985
LowerLegTheta=-1.09955739974976

[RightLeg]
ThighAlpha=0.103529766201973
ThighTheta=0.322092622518539
LowerLegAlpha=0.0321299284696579
LowerLegTheta=-0.322092592716217
