[%General]
Highest=160
CenterX=38.8023053788178
CenterY=153.158153300502
XWidth=62

[LeftLeg]
ThighAlpha=-0.0392699092626572
ThighTheta=0.484838932752609
LowerLegAlpha=-0.0321299210190773
LowerLegTheta=0.34883925318718

[RightLeg]
ThighAlpha=0.0678298473358154
ThighTheta=-0.484838873147964
LowerLegAlpha=-0.082109808921814
LowerLegTheta=-0.478038877248764
