[%General]
Highest=165
CenterX=34.3642294929546
CenterY=185.076016735865
XWidth=61

[LeftLeg]
ThighAlpha=-0.0981747731566429
ThighTheta=0.0392699092626572
LowerLegAlpha=-0.0196349546313286
LowerLegTheta=0.0785398185253143

[RightLeg]
ThighAlpha=0.0785398185253143
ThighTheta=0.274889349937439
LowerLegAlpha=-0.0589048638939857
LowerLegTheta=-0.785398185253143
