[%General]
Highest=165
CenterX=45.371911593171
CenterY=120.349976519776
XWidth=58

[LeftLeg]
ThighAlpha=0.0785398185253143
ThighTheta=0.314159274101257
LowerLegAlpha=-0.157079637050629
LowerLegTheta=-0.471238911151886

[RightLeg]
ThighAlpha=0.0392699092626572
ThighTheta=-0.0785398185253143
LowerLegAlpha=0.117809727787971
LowerLegTheta=-0.157079637050629
