[%General]
Highest=162
CenterX=48.1042950773951
CenterY=78.897838516246
XWidth=56

[LeftLeg]
ThighAlpha=-0.0285599306225777
ThighTheta=-0.461718916893005
LowerLegAlpha=-0.0999597683548927
LowerLegTheta=-0.464892268180847

[RightLeg]
ThighAlpha=0.121379725635052
ThighTheta=0.46489229798317
LowerLegAlpha=0.00713998824357986
LowerLegTheta=0.322092622518539
