[%General]
Highest=164
CenterX=33.3382815122204
CenterY=201.575611021268
XWidth=60

[LeftLeg]
ThighAlpha=-0.0606898590922356
ThighTheta=-0.295799285173416
LowerLegAlpha=-0.103529758751392
LowerLegTheta=-0.0727597996592522

[RightLeg]
ThighAlpha=0.0678298473358154
ThighTheta=0.454919010400772
LowerLegAlpha=-0.0678298398852348
LowerLegTheta=-0.109479710459709
