[%General]
Highest=162
CenterX=48.1042950773951
CenterY=78.897838516246
XWidth=56

[LeftLeg]
ThighAlpha=-0.0392699092626572
ThighTheta=-0.471238911151886
LowerLegAlpha=-0.117809727787971
LowerLegTheta=-0.471238911151886

[RightLeg]
ThighAlpha=0.117809727787971
ThighTheta=0.471238911151886
LowerLegAlpha=0.0392699092626572
LowerLegTheta=0.314159274101257
