[%General]
Highest=163
CenterX=34.2101925328477
CenterY=177.140757122414
XWidth=58

[LeftLeg]
ThighAlpha=-0.117809727787971
ThighTheta=0.235619455575943
LowerLegAlpha=0
LowerLegTheta=0

[RightLeg]
ThighAlpha=0.196349546313286
ThighTheta=0.157079637050629
LowerLegAlpha=0.196349546313286
LowerLegTheta=0.157079637050629
