[%General]
Highest=164
CenterX=49.6300270606852
CenterY=34.57321834883
XWidth=55

[LeftLeg]
ThighAlpha=-0.117809727787971
ThighTheta=0.0785398185253143
LowerLegAlpha=-0.0785398185253143
LowerLegTheta=0

[RightLeg]
ThighAlpha=0.0392699092626572
ThighTheta=0.157079637050629
LowerLegAlpha=0.117809727787971
LowerLegTheta=-0.785398185253143
