[%General]
Highest=160
CenterX=48.0384826110778
CenterY=65.4070155756738
XWidth=56

[LeftLeg]
ThighAlpha=-0.0678298398852348
ThighTheta=-0.391905754804611
LowerLegAlpha=-0.157079637050629
LowerLegTheta=-0.325265914201736

[RightLeg]
ThighAlpha=0.0678298473358154
ThighTheta=0.46489229798317
LowerLegAlpha=-0.103529758751392
LowerLegTheta=0.31891930103302
