[%General]
Highest=164
CenterX=47.35801982563
CenterY=97.9954018870178
XWidth=55

[LeftLeg]
ThighAlpha=-0.0196349546313286
ThighTheta=-0.274889349937439
LowerLegAlpha=0
LowerLegTheta=-0.785398185253143

[RightLeg]
ThighAlpha=0.0981747731566429
ThighTheta=0.314159274101257
LowerLegAlpha=0.0392699092626572
LowerLegTheta=-0.0392699092626572
