[%General]
Highest=165
CenterX=34.3642294929546
CenterY=185.076016735865
XWidth=61

[LeftLeg]
ThighAlpha=-0.0785398185253143
ThighTheta=0.0265199784189463
LowerLegAlpha=-0.0499798804521561
LowerLegTheta=0.0931598246097565

[RightLeg]
ThighAlpha=0.103529766201973
ThighTheta=0.342039257287979
LowerLegAlpha=-0.0392699092626572
LowerLegTheta=-0.979877710342407
