[%General]
Highest=165
CenterX=45.371911593171
CenterY=120.349976519776
XWidth=58

[LeftLeg]
ThighAlpha=0.0606898665428162
ThighTheta=0.342039257287979
LowerLegAlpha=-0.103529758751392
LowerLegTheta=-0.514758765697479

[RightLeg]
ThighAlpha=0.0678298473358154
ThighTheta=-0.116279698908329
LowerLegAlpha=0.0999597758054733
LowerLegTheta=-0.139399647712708
