[%General]
Highest=159
CenterX=32.874136989023
CenterY=281.552939618206
XWidth=48

[LeftLeg]
ThighAlpha=-0.0606898590922356
ThighTheta=0.534705460071564
LowerLegAlpha=0.021419957280159
LowerLegTheta=0.179292947053909

[RightLeg]
ThighAlpha=0.0499798879027367
ThighTheta=-0.318919241428375
LowerLegAlpha=0.103529766201973
LowerLegTheta=-0.112653076648712
