[%General]
Highest=165
CenterX=45.8707977357697
CenterY=114.720860047146
XWidth=56

[LeftLeg]
ThighAlpha=0.0642598569393158
ThighTheta=0.249106109142303
LowerLegAlpha=-0.117809727787971
LowerLegTheta=-0.674331784248352

[RightLeg]
ThighAlpha=0.0678298473358154
ThighTheta=0.0364932715892792
LowerLegAlpha=0.13922968506813
LowerLegTheta=-0.179292917251587
