[%General]
Highest=161
CenterX=36.6170997191011
CenterY=162.540531367041
XWidth=62

[LeftLeg]
ThighAlpha=-0.0428398996591568
ThighTheta=0.46171897649765
LowerLegAlpha=-0.0856797993183136
LowerLegTheta=0.179292947053909

[RightLeg]
ThighAlpha=0.0285599380731583
ThighTheta=-0.391905754804611
LowerLegAlpha=-0.0499798804521561
LowerLegTheta=-0.677505135536194
