[%General]
Highest=162
CenterX=35.6763397864787
CenterY=168.276007231746
XWidth=60

[LeftLeg]
ThighAlpha=-0.0214199498295784
ThighTheta=0.391905784606934
LowerLegAlpha=-0.0856797993183136
LowerLegTheta=0.109479777514935

[RightLeg]
ThighAlpha=0.0321299284696579
ThighTheta=-0.322092592716217
LowerLegAlpha=-0.0999597683548927
LowerLegTheta=-0.817131459712982
