[%General]
Highest=164
CenterX=42.6063788747993
CenterY=131.728742269068
XWidth=61

[LeftLeg]
ThighAlpha=-0.0785398185253143
ThighTheta=0.549778699874878
LowerLegAlpha=0.117809727787971
LowerLegTheta=0

[RightLeg]
ThighAlpha=0.0392699092626572
ThighTheta=-0.314159274101257
LowerLegAlpha=0.0392699092626572
LowerLegTheta=-0.235619455575943
