[%General]
Highest=164
CenterX=33.3382815122204
CenterY=201.575611021268
XWidth=60

[LeftLeg]
ThighAlpha=-0.0606898590922356
ThighTheta=-0.2459327429533
LowerLegAlpha=-0.103529758751392
LowerLegTheta=-0.182466238737106

[RightLeg]
ThighAlpha=0.0856798067688942
ThighTheta=0.46489229798317
LowerLegAlpha=-0.0856797993183136
LowerLegTheta=-0.109479740262032
