[%General]
Highest=159
CenterX=32.7876598487161
CenterY=277.928377599132
XWidth=50

[LeftLeg]
ThighAlpha=-0.0214199498295784
ThighTheta=0.514758884906769
LowerLegAlpha=0.00356999784708023
LowerLegTheta=-0.10267972946167

[RightLeg]
ThighAlpha=0.0678298473358154
ThighTheta=-0.282199323177338
LowerLegAlpha=0.103529766201973
LowerLegTheta=-0.0999597311019897
