[%General]
Highest=162
CenterX=48.3942013219662
CenterY=61.8016932518239
XWidth=56

[LeftLeg]
ThighAlpha=-0.082109808921814
ThighTheta=-0.37875908613205
LowerLegAlpha=-0.121379718184471
LowerLegTheta=-0.222359463572502

[RightLeg]
ThighAlpha=0.0821098163723946
ThighTheta=0.46171897649765
LowerLegAlpha=-0.121379718184471
LowerLegTheta=0.169319659471512
