[%General]
Highest=165
CenterX=46.3244631122553
CenterY=109.676200799404
XWidth=57

[LeftLeg]
ThighAlpha=0.0392699092626572
ThighTheta=0.235619455575943
LowerLegAlpha=-0.117809727787971
LowerLegTheta=-0.785398185253143

[RightLeg]
ThighAlpha=0.0785398185253143
ThighTheta=0.157079637050629
LowerLegAlpha=0.0785398185253143
LowerLegTheta=-0.157079637050629
