[%General]
Highest=162
CenterX=31.748498190366
CenterY=256.976157606059
XWidth=53

[LeftLeg]
ThighAlpha=-0.157079637050629
ThighTheta=0.235619455575943
LowerLegAlpha=-0.196349546313286
LowerLegTheta=-0.157079637050629

[RightLeg]
ThighAlpha=0.196349546313286
ThighTheta=0.314159274101257
LowerLegAlpha=-0.117809727787971
LowerLegTheta=-0.235619455575943
