[%General]
Highest=163
CenterX=34.2101925328477
CenterY=177.140757122414
XWidth=58

[LeftLeg]
ThighAlpha=-0.0981747731566429
ThighTheta=0.196349546313286
LowerLegAlpha=-0.0196349546313286
LowerLegTheta=0.117809727787971

[RightLeg]
ThighAlpha=0
ThighTheta=-0.157079637050629
LowerLegAlpha=-0.0785398185253143
LowerLegTheta=-0.785398185253143
