[%General]
Highest=165
CenterX=34.787419513044
CenterY=193.516113211726
XWidth=62

[LeftLeg]
ThighAlpha=-0.0606898590922356
ThighTheta=-0.106306403875351
LowerLegAlpha=-0.121379718184471
LowerLegTheta=-0.0396665707230568

[RightLeg]
ThighAlpha=0.121379725635052
ThighTheta=0.391905784606934
LowerLegAlpha=-0.0642598494887352
LowerLegTheta=-0.534705400466919
