[%General]
Highest=161
CenterX=36.6170997191011
CenterY=162.540531367041
XWidth=62

[LeftLeg]
ThighAlpha=-0.0785398185253143
ThighTheta=0.371959179639816
LowerLegAlpha=0.00356999784708023
LowerLegTheta=0.31891930103302

[RightLeg]
ThighAlpha=0.0285599380731583
ThighTheta=-0.401879042387009
LowerLegAlpha=-0.0499798804521561
LowerLegTheta=-0.657558441162109
