[%General]
Highest=160
CenterX=48.049048516122
CenterY=74.4117727359598
XWidth=56

[LeftLeg]
ThighAlpha=-0.0392699092626572
ThighTheta=-0.471238911151886
LowerLegAlpha=-0.117809727787971
LowerLegTheta=-0.471238911151886

[RightLeg]
ThighAlpha=0.117809727787971
ThighTheta=0.471238911151886
LowerLegAlpha=-0.0392699092626572
LowerLegTheta=0.392699092626572
