[%General]
Highest=162
CenterX=48.3942013219662
CenterY=61.8016932518239
XWidth=56

[LeftLeg]
ThighAlpha=-0.0642598494887352
ThighTheta=-0.388732433319092
LowerLegAlpha=-0.13922968506813
LowerLegTheta=-0.2522794008255

[RightLeg]
ThighAlpha=0.0821098163723946
ThighTheta=0.46171897649765
LowerLegAlpha=-0.121379718184471
LowerLegTheta=0.179292947053909
