[%General]
Highest=166
CenterX=34.4332896910752
CenterY=189.368808254621
XWidth=61

[LeftLeg]
ThighAlpha=-0.117809727787971
ThighTheta=-0.0333198979496956
LowerLegAlpha=-0.0856797993183136
LowerLegTheta=0.0333199352025986

[RightLeg]
ThighAlpha=0.13922968506813
ThighTheta=0.322092622518539
LowerLegAlpha=0.00356999784708023
LowerLegTheta=-0.607691943645477
