[%General]
Highest=161
CenterX=40.422745997153
CenterY=148.349012987995
XWidth=62

[LeftLeg]
ThighAlpha=-0.0392699092626572
ThighTheta=0.484838932752609
LowerLegAlpha=-0.0142799615859985
LowerLegTheta=0.431799054145813

[RightLeg]
ThighAlpha=0.0856798067688942
ThighTheta=-0.491638839244843
LowerLegAlpha=-0.0285599306225777
LowerLegTheta=-0.395079076290131
