[%General]
Highest=160
CenterX=48.049048516122
CenterY=74.4117727359598
XWidth=56

[LeftLeg]
ThighAlpha=-0.0589048638939857
ThighTheta=-0.471238911151886
LowerLegAlpha=-0.0981747731566429
LowerLegTheta=-0.431968986988068

[RightLeg]
ThighAlpha=0.0981747731566429
ThighTheta=0.471238911151886
LowerLegAlpha=0
LowerLegTheta=0.353429168462753
