[%General]
Highest=165
CenterX=47.1249626009774
CenterY=101.789854891792
XWidth=56

[LeftLeg]
ThighAlpha=-0.00713998079299927
ThighTheta=0.0333199612796307
LowerLegAlpha=0.00356999784708023
LowerLegTheta=-1.06963741779327

[RightLeg]
ThighAlpha=0.103529766201973
ThighTheta=0.229159519076347
LowerLegAlpha=0.0428399071097374
LowerLegTheta=-0.0333198830485344
