[%General]
Highest=165
CenterX=46.3244631122553
CenterY=109.676200799404
XWidth=57

[LeftLeg]
ThighAlpha=-0.024989940226078
ThighTheta=0.249106109142303
LowerLegAlpha=0.00356999784708023
LowerLegTheta=-1.09955739974976

[RightLeg]
ThighAlpha=0.0856798067688942
ThighTheta=0.106306441128254
LowerLegAlpha=0.0821098163723946
LowerLegTheta=-0.0364932343363762
