[%General]
Highest=163
CenterX=32.8579375542622
CenterY=205.97226598926
XWidth=59

[LeftLeg]
ThighAlpha=-0.0606898590922356
ThighTheta=-0.322092592716217
LowerLegAlpha=-0.121379718184471
LowerLegTheta=-0.176119565963745

[RightLeg]
ThighAlpha=0.0142799690365791
ThighTheta=0.46171897649765
LowerLegAlpha=0.00713998824357986
LowerLegTheta=0.179292947053909
