[%General]
Highest=159
CenterX=33.4940429550158
CenterY=236.993068531131
XWidth=59

[LeftLeg]
ThighAlpha=-0.0392699092626572
ThighTheta=-0.392699092626572
LowerLegAlpha=0
LowerLegTheta=-0.628318548202515

[RightLeg]
ThighAlpha=0.157079637050629
ThighTheta=0.392699092626572
LowerLegAlpha=0.0392699092626572
LowerLegTheta=0.314159274101257
