[%General]
Highest=164
CenterX=42.6063788747993
CenterY=131.728742269068
XWidth=61

[LeftLeg]
ThighAlpha=-0.00356999039649963
ThighTheta=0.537878811359406
LowerLegAlpha=0.021419957280159
LowerLegTheta=0.0102000124752522

[RightLeg]
ThighAlpha=0.0678298473358154
ThighTheta=-0.318919241428375
LowerLegAlpha=0.00356999784708023
LowerLegTheta=-0.222359463572502
