[%General]
Highest=163
CenterX=34.9438667593592
CenterY=173.122797935125
XWidth=61

[LeftLeg]
ThighAlpha=-0.117809727787971
ThighTheta=0.314159274101257
LowerLegAlpha=0.0392699092626572
LowerLegTheta=0.0785398185253143

[RightLeg]
ThighAlpha=0.196349546313286
ThighTheta=0.157079637050629
LowerLegAlpha=0.196349546313286
LowerLegTheta=0.314159274101257
