[%General]
Highest=161
CenterX=40.422745997153
CenterY=148.349012987995
XWidth=62

[LeftLeg]
ThighAlpha=-0.117809727787971
ThighTheta=0.549778699874878
LowerLegAlpha=0.0785398185253143
LowerLegTheta=0.314159274101257

[RightLeg]
ThighAlpha=0.0785398185253143
ThighTheta=-0.471238911151886
LowerLegAlpha=0
LowerLegTheta=-0.392699092626572
