[%General]
Highest=161
CenterX=40.9786004563436
CenterY=143.882039234747
XWidth=62

[LeftLeg]
ThighAlpha=-0.0785398185253143
ThighTheta=0.471238911151886
LowerLegAlpha=0.0392699092626572
LowerLegTheta=0.549778699874878

[RightLeg]
ThighAlpha=0.117809727787971
ThighTheta=-0.471238911151886
LowerLegAlpha=-0.0785398185253143
LowerLegTheta=-0.314159274101257
