[%General]
Highest=163
CenterX=34.2101925328477
CenterY=177.140757122414
XWidth=58

[LeftLeg]
ThighAlpha=-0.0606898590922356
ThighTheta=0.249106109142303
LowerLegAlpha=-0.0642598494887352
LowerLegTheta=0.0364932715892792

[RightLeg]
ThighAlpha=-0.0285599306225777
ThighTheta=0.0333199352025986
LowerLegAlpha=0.00356999784708023
LowerLegTheta=-1.09955739974976
