[%General]
Highest=162
CenterX=35.6763397864787
CenterY=168.276007231746
XWidth=60

[LeftLeg]
ThighAlpha=-0.0392699092626572
ThighTheta=0.342039257287979
LowerLegAlpha=-0.0499798804521561
LowerLegTheta=0.199239581823349

[RightLeg]
ThighAlpha=0.0321299284696579
ThighTheta=-0.312119245529175
LowerLegAlpha=-0.117809727787971
LowerLegTheta=-0.80715811252594
