[%General]
Highest=162
CenterX=32.4636407039726
CenterY=261.557448840157
XWidth=53

[LeftLeg]
ThighAlpha=-0.0999597683548927
ThighTheta=0.172946274280548
LowerLegAlpha=-0.103529758751392
LowerLegTheta=-0.322092592716217

[RightLeg]
ThighAlpha=0.0499798879027367
ThighTheta=0.106306441128254
LowerLegAlpha=0.13922968506813
LowerLegTheta=-0.106306403875351
