[%General]
Highest=160
CenterX=33.2625882755158
CenterY=124.32681973098
XWidth=60

[LeftLeg]
ThighAlpha=-0.0606898590922356
ThighTheta=0.395079135894775
LowerLegAlpha=-0.13922968506813
LowerLegTheta=0.521558880805969

[RightLeg]
ThighAlpha=0.0856798067688942
ThighTheta=-0.371959120035172
LowerLegAlpha=0.0606898665428162
LowerLegTheta=-0.229159444570541
