[%General]
Highest=162
CenterX=33.8017919767342
CenterY=114.192060131725
XWidth=59

[LeftLeg]
ThighAlpha=-0.0606898590922356
ThighTheta=0.395079135894775
LowerLegAlpha=0.021419957280159
LowerLegTheta=-0.132599666714668

[RightLeg]
ThighAlpha=0.0499798879027367
ThighTheta=-0.229159444570541
LowerLegAlpha=0.021419957280159
LowerLegTheta=-0.0632398128509521
