[%General]
Highest=160
CenterX=32.7707877112788
CenterY=173.646178377804
XWidth=59

[LeftLeg]
ThighAlpha=-0.117809727787971
ThighTheta=-0.00339995324611664
LowerLegAlpha=-0.157079637050629
LowerLegTheta=-0.139399647712708

[RightLeg]
ThighAlpha=0.0821098163723946
ThighTheta=0.365159213542938
LowerLegAlpha=-0.0464098900556564
LowerLegTheta=-0.358359158039093
