[%General]
Highest=158
CenterX=33.0482469283788
CenterY=146.684746778544
XWidth=59

[LeftLeg]
ThighAlpha=-0.0785398185253143
ThighTheta=0.574598729610443
LowerLegAlpha=-0.0856797993183136
LowerLegTheta=-0.00339995324611664

[RightLeg]
ThighAlpha=0.103529766201973
ThighTheta=-0.235959425568581
LowerLegAlpha=0.021419957280159
LowerLegTheta=-0.710598349571228
