[%General]
Highest=162
CenterX=34.0452646607794
CenterY=102.941092485855
XWidth=57

[LeftLeg]
ThighAlpha=-0.0428398996591568
ThighTheta=0.252279460430145
LowerLegAlpha=0.0606898665428162
LowerLegTheta=-0.537878751754761

[RightLeg]
ThighAlpha=0.103529766201973
ThighTheta=-0.00339995324611664
LowerLegAlpha=0.0642598569393158
LowerLegTheta=-0.0265199020504951
