[%General]
Highest=155
CenterX=30.8409767575874
CenterY=199.302799654245
XWidth=58

[LeftLeg]
ThighAlpha=-0.0785398185253143
ThighTheta=-0.424998998641968
LowerLegAlpha=-0.13922968506813
LowerLegTheta=-0.295799285173416

[RightLeg]
ThighAlpha=0.0142799690365791
ThighTheta=0.49163892865181
LowerLegAlpha=-0.0107099711894989
LowerLegTheta=0.484838932752609
