[%General]
Highest=159
CenterX=32.4747946666667
CenterY=151.164224
XWidth=59

[LeftLeg]
ThighAlpha=-0.082109808921814
ThighTheta=0.454919010400772
LowerLegAlpha=-0.13922968506813
LowerLegTheta=0.0102000124752522

[RightLeg]
ThighAlpha=0.0678298473358154
ThighTheta=-0.162519589066505
LowerLegAlpha=0.0606898665428162
LowerLegTheta=-0.784038186073303
