[%General]
Highest=153
CenterX=28.3523250525837
CenterY=293.17940992553
XWidth=46

[LeftLeg]
ThighAlpha=-0.0606898590922356
ThighTheta=0.229159519076347
LowerLegAlpha=-0.103529758751392
LowerLegTheta=0.176119640469551

[RightLeg]
ThighAlpha=-0.00356999039649963
ThighTheta=-0.169319570064545
LowerLegAlpha=-0.0142799615859985
LowerLegTheta=-0.724198341369629
