[%General]
Highest=155
CenterX=30.4809478944293
CenterY=211.258500399528
XWidth=57

[LeftLeg]
ThighAlpha=-0.117809727787971
ThighTheta=-0.401879042387009
LowerLegAlpha=-0.0321299210190773
LowerLegTheta=-0.484838873147964

[RightLeg]
ThighAlpha=0.0856798067688942
ThighTheta=0.401879131793976
LowerLegAlpha=0.021419957280159
LowerLegTheta=0.31891930103302
