[%General]
Highest=157
CenterX=33.2634984068694
CenterY=138.597245774153
XWidth=59

[LeftLeg]
ThighAlpha=-0.117809727787971
ThighTheta=0.657558560371399
LowerLegAlpha=-0.103529758751392
LowerLegTheta=0.0632398948073387

[RightLeg]
ThighAlpha=0.121379725635052
ThighTheta=-0.371959120035172
LowerLegAlpha=0.0606898665428162
LowerLegTheta=-0.544678747653961
