[%General]
Highest=163
CenterX=34.0588197216528
CenterY=110.767159348366
XWidth=59

[LeftLeg]
ThighAlpha=-0.0428398996591568
ThighTheta=0.365159213542938
LowerLegAlpha=0.00356999784708023
LowerLegTheta=-0.2454794049263

[RightLeg]
ThighAlpha=0.103529766201973
ThighTheta=-0.146199628710747
LowerLegAlpha=0.0428399071097374
LowerLegTheta=-0.0863597691059113
