[%General]
Highest=159
CenterX=31.7465888591595
CenterY=235.131009600833
XWidth=56

[LeftLeg]
ThighAlpha=-0.0392699092626572
ThighTheta=0.235959500074387
LowerLegAlpha=-0.13922968506813
LowerLegTheta=-0.926837861537933

[RightLeg]
ThighAlpha=0.0856798067688942
ThighTheta=0.0863598436117172
LowerLegAlpha=0.121379725635052
LowerLegTheta=0.00340002961456776
