[%General]
Highest=140
CenterX=27.3482467431433
CenterY=303.712689364471
XWidth=41

[LeftLeg]
ThighAlpha=-0.117809727787971
ThighTheta=-0.0863597691059113
LowerLegAlpha=-0.157079637050629
LowerLegTheta=0.139399722218513

[RightLeg]
ThighAlpha=0.0856798067688942
ThighTheta=0.424999058246613
LowerLegAlpha=0.0678298473358154
LowerLegTheta=-0.424998998641968
