[%General]
Highest=158
CenterX=32.9553942692976
CenterY=71.4223827884522
XWidth=54

[LeftLeg]
ThighAlpha=-0.00713998079299927
ThighTheta=-0.342039197683334
LowerLegAlpha=0.00713998824357986
LowerLegTheta=-0.544678747653961

[RightLeg]
ThighAlpha=0.0642598569393158
ThighTheta=0.46171897649765
LowerLegAlpha=-0.0107099711894989
LowerLegTheta=0.199239581823349
