[%General]
Highest=161
CenterX=32.6024017551287
CenterY=31.2273103421731
XWidth=51

[LeftLeg]
ThighAlpha=-0.00713998079299927
ThighTheta=0.109479792416096
LowerLegAlpha=-0.121379718184471
LowerLegTheta=-0.116279698908329

[RightLeg]
ThighAlpha=0.0321299284696579
ThighTheta=-0.0564398318529129
LowerLegAlpha=0.0499798879027367
LowerLegTheta=-0.52835875749588
