[%General]
Highest=154
CenterX=30.6844784386127
CenterY=261.174363708295
XWidth=55

[LeftLeg]
ThighAlpha=-0.117809727787971
ThighTheta=0.424999058246613
LowerLegAlpha=-0.0142799615859985
LowerLegTheta=0.468518972396851

[RightLeg]
ThighAlpha=0.0856798067688942
ThighTheta=-0.37875908613205
LowerLegAlpha=0.021419957280159
LowerLegTheta=-0.132599666714668
