[%General]
Highest=161
CenterX=32.7338588588589
CenterY=169.90620978121
XWidth=59

[LeftLeg]
ThighAlpha=-0.117809727787971
ThighTheta=0.0564399100840092
LowerLegAlpha=-0.13922968506813
LowerLegTheta=-0.109479710459709

[RightLeg]
ThighAlpha=0.0678298473358154
ThighTheta=0.312119334936142
LowerLegAlpha=0.13922968506813
LowerLegTheta=-0.454918920993805
