[%General]
Highest=161
CenterX=32.869450007703
CenterY=51.1061777846249
XWidth=55

[LeftLeg]
ThighAlpha=-0.0428398996591568
ThighTheta=-0.318919241428375
LowerLegAlpha=-0.0713998302817345
LowerLegTheta=-0.169319570064545

[RightLeg]
ThighAlpha=0.0678298473358154
ThighTheta=0.31891930103302
LowerLegAlpha=-0.0642598494887352
LowerLegTheta=0.0564399100840092
