[%General]
Highest=158
CenterX=33.4344329100892
CenterY=134.910303706246
XWidth=59

[LeftLeg]
ThighAlpha=-0.117809727787971
ThighTheta=0.544678807258606
LowerLegAlpha=-0.121379718184471
LowerLegTheta=0.31891930103302

[RightLeg]
ThighAlpha=0.103529766201973
ThighTheta=-0.395079076290131
LowerLegAlpha=0.0999597758054733
LowerLegTheta=-0.38555908203125
