[%General]
Highest=158
CenterX=31.4194990394562
CenterY=239.054578592188
XWidth=57

[LeftLeg]
ThighAlpha=-0.0785398185253143
ThighTheta=0.34883925318718
LowerLegAlpha=-0.0321299210190773
LowerLegTheta=-0.81395810842514

[RightLeg]
ThighAlpha=0.13922968506813
ThighTheta=0.0265199784189463
LowerLegAlpha=0.0999597758054733
LowerLegTheta=-0.0265199020504951
