[%General]
Highest=161
CenterX=34.2848247035742
CenterY=95.2723598908129
XWidth=58

[LeftLeg]
ThighAlpha=-0.0392699092626572
ThighTheta=0.176119640469551
LowerLegAlpha=0.021419957280159
LowerLegTheta=-1.06963741779327

[RightLeg]
ThighAlpha=0.0856798067688942
ThighTheta=0.146199703216553
LowerLegAlpha=0.0821098163723946
LowerLegTheta=0.00340002961456776
