[%General]
Highest=157
CenterX=31.4787459037349
CenterY=191.874067446022
XWidth=58

[LeftLeg]
ThighAlpha=-0.117809727787971
ThighTheta=-0.395079076290131
LowerLegAlpha=-0.0678298398852348
LowerLegTheta=-0.0931597501039505

[RightLeg]
ThighAlpha=0.0142799690365791
ThighTheta=0.46171897649765
LowerLegAlpha=-0.0285599306225777
LowerLegTheta=0.484838932752609
