[%General]
Highest=158
CenterX=31.0251146804509
CenterY=246.056210335449
XWidth=57

[LeftLeg]
ThighAlpha=-0.0999597683548927
ThighTheta=0.431799054145813
LowerLegAlpha=0.021419957280159
LowerLegTheta=-0.275399327278137

[RightLeg]
ThighAlpha=0.13922968506813
ThighTheta=-0.146199628710747
LowerLegAlpha=0.00713998824357986
LowerLegTheta=0.0333199612796307
