[%General]
Highest=160
CenterX=32.6193110491713
CenterY=166.112066214175
XWidth=60

[LeftLeg]
ThighAlpha=-0.0464098900556564
ThighTheta=0.259079456329346
LowerLegAlpha=-0.157079637050629
LowerLegTheta=-0.235959425568581

[RightLeg]
ThighAlpha=0.0999597758054733
ThighTheta=0.371959179639816
LowerLegAlpha=-0.0499798804521561
LowerLegTheta=-0.920037806034088
