[%General]
Highest=140
CenterX=26.990646468205
CenterY=309.617509247842
XWidth=39

[LeftLeg]
ThighAlpha=-0.117809727787971
ThighTheta=-0.139399647712708
LowerLegAlpha=-0.0499798804521561
LowerLegTheta=0.0197199955582619

[RightLeg]
ThighAlpha=0.0107099786400795
ThighTheta=0.60451865196228
LowerLegAlpha=-0.00713998079299927
LowerLegTheta=-0.657558441162109
