[%General]
Highest=162
CenterX=32.756556102237
CenterY=39.2190779885164
XWidth=52

[LeftLeg]
ThighAlpha=-0.0999597683548927
ThighTheta=-0.0564398318529129
LowerLegAlpha=-0.121379718184471
LowerLegTheta=-0.259079366922379

[RightLeg]
ThighAlpha=0.0856798067688942
ThighTheta=0.252279460430145
LowerLegAlpha=0.0606898665428162
LowerLegTheta=-0.597718596458435
