[%General]
Highest=153
CenterX=28.7005447057261
CenterY=288.90861048374
XWidth=49

[LeftLeg]
ThighAlpha=-0.0606898590922356
ThighTheta=0.312119334936142
LowerLegAlpha=-0.0856797993183136
LowerLegTheta=0.206039562821388

[RightLeg]
ThighAlpha=0.0107099786400795
ThighTheta=-0.116279698908329
LowerLegAlpha=0.00356999784708023
LowerLegTheta=-0.830278038978577
