[%General]
Highest=153
CenterX=27.7876071815079
CenterY=296.814995698865
XWidth=44

[LeftLeg]
ThighAlpha=-0.0642598494887352
ThighTheta=0.0564399100840092
LowerLegAlpha=-0.121379718184471
LowerLegTheta=0.235959500074387

[RightLeg]
ThighAlpha=0.121379725635052
ThighTheta=-0.288999319076538
LowerLegAlpha=0.021419957280159
LowerLegTheta=0.784038245677948
