[%General]
Highest=160
CenterX=32.9197214113791
CenterY=54.755518000717
XWidth=54

[LeftLeg]
ThighAlpha=-0.0392699092626572
ThighTheta=-0.401879042387009
LowerLegAlpha=-0.0499798804521561
LowerLegTheta=-0.169319570064545

[RightLeg]
ThighAlpha=0.0321299284696579
ThighTheta=0.342039257287979
LowerLegAlpha=-0.0142799615859985
LowerLegTheta=0.235959500074387
