[%General]
Highest=160
CenterX=32.1879922459153
CenterY=158.924530600942
XWidth=58

[LeftLeg]
ThighAlpha=-0.13922968506813
ThighTheta=0.288999378681183
LowerLegAlpha=-0.0856797993183136
LowerLegTheta=-0.0333198830485344

[RightLeg]
ThighAlpha=0.0642598569393158
ThighTheta=-0.0265199020504951
LowerLegAlpha=0.021419957280159
LowerLegTheta=-0.866998016834259
