[%General]
Highest=139
CenterX=27.1676255877258
CenterY=306.798162583519
XWidth=41

[LeftLeg]
ThighAlpha=-0.117809727787971
ThighTheta=-0.169319570064545
LowerLegAlpha=-0.103529758751392
LowerLegTheta=0.162519663572311

[RightLeg]
ThighAlpha=0.0142799690365791
ThighTheta=0.438599050045013
LowerLegAlpha=0.0642598569393158
LowerLegTheta=-0.641238510608673
