[%General]
Highest=156
CenterX=29.9966461297519
CenterY=212.766913405139
XWidth=56

[LeftLeg]
ThighAlpha=-0.0981747731566429
ThighTheta=-0.196349546313286
LowerLegAlpha=-0.0981747731566429
LowerLegTheta=-0.274889349937439

[RightLeg]
ThighAlpha=0.0196349546313286
ThighTheta=0.431968986988068
LowerLegAlpha=-0.0392699092626572
LowerLegTheta=0.0392699092626572
