[%General]
Highest=158
CenterX=31.9490279413032
CenterY=188.930204175401
XWidth=53

[LeftLeg]
ThighAlpha=0
ThighTheta=0.196349546313286
LowerLegAlpha=-0.0981747731566429
LowerLegTheta=0

[RightLeg]
ThighAlpha=0.0392699092626572
ThighTheta=0.0392699092626572
LowerLegAlpha=0
LowerLegTheta=-0.785398185253143
