[%General]
Highest=157
CenterX=31.8990355250636
CenterY=184.65158165367
XWidth=54

[LeftLeg]
ThighAlpha=-0.0392699092626572
ThighTheta=0.274889349937439
LowerLegAlpha=-0.0981747731566429
LowerLegTheta=0.0392699092626572

[RightLeg]
ThighAlpha=0.0785398185253143
ThighTheta=-0.353429168462753
LowerLegAlpha=0
LowerLegTheta=-0.589048624038696
