[%General]
Highest=155
CenterX=32.7258316288083
CenterY=88.2841129292712
XWidth=54

[LeftLeg]
ThighAlpha=0.0196349546313286
ThighTheta=-0.431968986988068
LowerLegAlpha=-0.0589048638939857
LowerLegTheta=-0.589048624038696

[RightLeg]
ThighAlpha=0.0981747731566429
ThighTheta=0.510508835315704
LowerLegAlpha=0.0392699092626572
LowerLegTheta=0.235619455575943
