[%General]
Highest=151
CenterX=30.327505407354
CenterY=244.364308186406
XWidth=51

[LeftLeg]
ThighAlpha=-0.0785398185253143
ThighTheta=-0.471238911151886
LowerLegAlpha=-0.0196349546313286
LowerLegTheta=-0.589048624038696

[RightLeg]
ThighAlpha=0.0589048638939857
ThighTheta=0.431968986988068
LowerLegAlpha=0.0785398185253143
LowerLegTheta=0.431968986988068
