[%General]
Highest=159
CenterX=31.9731901264565
CenterY=193.257482467281
XWidth=53

[LeftLeg]
ThighAlpha=-0.0589048638939857
ThighTheta=0.117809727787971
LowerLegAlpha=-0.0981747731566429
LowerLegTheta=-0.0392699092626572

[RightLeg]
ThighAlpha=0.0981747731566429
ThighTheta=-0.274889349937439
LowerLegAlpha=-0.0981747731566429
LowerLegTheta=0
