[%General]
Highest=158
CenterX=31.486676413715
CenterY=126.143116540112
XWidth=55

[LeftLeg]
ThighAlpha=-0.0589048638939857
ThighTheta=0.235619455575943
LowerLegAlpha=0.0589048638939857
LowerLegTheta=-0.274889349937439

[RightLeg]
ThighAlpha=0.0981747731566429
ThighTheta=-0.117809727787971
LowerLegAlpha=0.0785398185253143
LowerLegTheta=-0.0785398185253143
