[%General]
Highest=141
CenterX=38.0489396872042
CenterY=220.42744521835
XWidth=53

[LeftLeg]
ThighAlpha=-0.0981747731566429
ThighTheta=-0.471238911151886
LowerLegAlpha=0
LowerLegTheta=-0.431968986988068

[RightLeg]
ThighAlpha=-0.0196349546313286
ThighTheta=0.471238911151886
LowerLegAlpha=0.0981747731566429
LowerLegTheta=0.353429168462753
