[%General]
Highest=142
CenterX=39.1140790822688
CenterY=151.440064839702
XWidth=56

[LeftLeg]
ThighAlpha=-0.0606898590922356
ThighTheta=0.60451865196228
LowerLegAlpha=-0.117809727787971
LowerLegTheta=0.179292947053909

[RightLeg]
ThighAlpha=0.0856798067688942
ThighTheta=-0.391905754804611
LowerLegAlpha=0.0428399071097374
LowerLegTheta=-0.391905754804611
