[%General]
Highest=145
CenterX=38.0117174053727
CenterY=166.500984482355
XWidth=55

[LeftLeg]
ThighAlpha=-0.117809727787971
ThighTheta=0.484838932752609
LowerLegAlpha=-0.0142799615859985
LowerLegTheta=-0.0795597806572914

[RightLeg]
ThighAlpha=0.0107099786400795
ThighTheta=-0.318919241428375
LowerLegAlpha=0.0606898665428162
LowerLegTheta=-0.620838522911072
