[%General]
Highest=142
CenterX=39.4256615427809
CenterY=238.915476942514
XWidth=52

[LeftLeg]
ThighAlpha=-0.0214199498295784
ThighTheta=0.0333199352025986
LowerLegAlpha=-0.0321299210190773
LowerLegTheta=-0.956757783889771

[RightLeg]
ThighAlpha=0.0856798067688942
ThighTheta=0.249106109142303
LowerLegAlpha=0.00713998824357986
LowerLegTheta=0.0364932715892792
