[%General]
Highest=143
CenterX=38.193236521181
CenterY=199.3526957638
XWidth=54

[LeftLeg]
ThighAlpha=-0.082109808921814
ThighTheta=-0.322092592716217
LowerLegAlpha=-0.082109808921814
LowerLegTheta=-0.030146561563015

[RightLeg]
ThighAlpha=-0.0392699092626572
ThighTheta=0.46489229798317
LowerLegAlpha=0.021419957280159
LowerLegTheta=0.322092622518539
