[%General]
Highest=143
CenterX=38.9412921976302
CenterY=250.694448170505
XWidth=50

[LeftLeg]
ThighAlpha=-0.0606898590922356
ThighTheta=0.249106109142303
LowerLegAlpha=0.0606898665428162
LowerLegTheta=-0.607691943645477

[RightLeg]
ThighAlpha=0.103529766201973
ThighTheta=0.0364932715892792
LowerLegAlpha=0.0499798879027367
LowerLegTheta=0.0333199352025986
