[%General]
Highest=142
CenterX=39.4256615427809
CenterY=238.915476942514
XWidth=52

[LeftLeg]
ThighAlpha=-0.0214199498295784
ThighTheta=0.00340002961456776
LowerLegAlpha=-0.0321299210190773
LowerLegTheta=-0.956757783889771

[RightLeg]
ThighAlpha=0.0678298473358154
ThighTheta=0.259079456329346
LowerLegAlpha=0.0606898665428162
LowerLegTheta=0.0564399100840092
