[%General]
Highest=145
CenterX=39.4993415854622
CenterY=135.480563602844
XWidth=55

[LeftLeg]
ThighAlpha=-0.0785398185253143
ThighTheta=0.46171897649765
LowerLegAlpha=-0.0678298398852348
LowerLegTheta=0.335239291191101

[RightLeg]
ThighAlpha=0.0499798879027367
ThighTheta=-0.2522794008255
LowerLegAlpha=0.0428399071097374
LowerLegTheta=-0.146199628710747
