[%General]
Highest=142
CenterX=39.4819277108434
CenterY=83.2842218547392
XWidth=53

[LeftLeg]
ThighAlpha=0.0142799690365791
ThighTheta=-0.391905754804611
LowerLegAlpha=-0.0678298398852348
LowerLegTheta=-0.398252427577972

[RightLeg]
ThighAlpha=0.0321299284696579
ThighTheta=0.531532108783722
LowerLegAlpha=0.021419957280159
LowerLegTheta=0.395079135894775
