[%General]
Highest=142
CenterX=39.3434300282505
CenterY=148.117563563702
XWidth=56

[LeftLeg]
ThighAlpha=-0.0981747731566429
ThighTheta=0.589048624038696
LowerLegAlpha=-0.0981747731566429
LowerLegTheta=0.274889349937439

[RightLeg]
ThighAlpha=0.0785398185253143
ThighTheta=-0.431968986988068
LowerLegAlpha=0.0785398185253143
LowerLegTheta=-0.314159274101257
