[%General]
Highest=146
CenterX=38.9998371392343
CenterY=51.0254760769168
XWidth=50

[LeftLeg]
ThighAlpha=-0.00713998079299927
ThighTheta=0.179292947053909
LowerLegAlpha=-0.121379718184471
LowerLegTheta=-0.176119565963745

[RightLeg]
ThighAlpha=-0.00356999039649963
ThighTheta=0.106306441128254
LowerLegAlpha=0.121379725635052
LowerLegTheta=-0.677505135536194
