[%General]
Highest=142
CenterX=39.1752932342508
CenterY=34.0307734134279
XWidth=49

[LeftLeg]
ThighAlpha=-0.0785398185253143
ThighTheta=0.454919010400772
LowerLegAlpha=-0.0499798804521561
LowerLegTheta=0.070039875805378

[RightLeg]
ThighAlpha=0.0321299284696579
ThighTheta=-0.431798994541168
LowerLegAlpha=0.021419957280159
LowerLegTheta=-0.507958829402924
