[%General]
Highest=146
CenterX=39.0076186777539
CenterY=47.6353771645269
XWidth=50

[LeftLeg]
ThighAlpha=-0.00713998079299927
ThighTheta=0.245932787656784
LowerLegAlpha=-0.117809727787971
LowerLegTheta=-0.172946244478226

[RightLeg]
ThighAlpha=0.103529766201973
ThighTheta=0.106306441128254
LowerLegAlpha=-0.0392699092626572
LowerLegTheta=-0.959931075572968
