[%General]
Highest=140
CenterX=37.8803295747744
CenterY=216.605607902952
XWidth=53

[LeftLeg]
ThighAlpha=-0.0981747731566429
ThighTheta=-0.510508835315704
LowerLegAlpha=0
LowerLegTheta=-0.314159274101257

[RightLeg]
ThighAlpha=-0.0392699092626572
ThighTheta=0.510508835315704
LowerLegAlpha=0.0981747731566429
LowerLegTheta=0.392699092626572
