[%General]
Highest=142
CenterX=39.500333000333
CenterY=21.3486097236097
XWidth=46

[LeftLeg]
ThighAlpha=-0.0464098900556564
ThighTheta=0.46489229798317
LowerLegAlpha=-0.0678298398852348
LowerLegTheta=0.315745949745178

[RightLeg]
ThighAlpha=0.0321299284696579
ThighTheta=-0.464892268180847
LowerLegAlpha=0.00713998824357986
LowerLegTheta=-0.106306403875351
