[%General]
Highest=146
CenterX=39.5002650621571
CenterY=132.163530097808
XWidth=56

[LeftLeg]
ThighAlpha=-0.0392699092626572
ThighTheta=0.46171897649765
LowerLegAlpha=-0.0321299210190773
LowerLegTheta=0.106306441128254

[RightLeg]
ThighAlpha=0.0321299284696579
ThighTheta=-0.176119565963745
LowerLegAlpha=0.021419957280159
LowerLegTheta=-0.109479740262032
