[%General]
Highest=145
CenterX=38.4192857238507
CenterY=184.831300132571
XWidth=54

[LeftLeg]
ThighAlpha=-0.0785398185253143
ThighTheta=-0.0364932343363762
LowerLegAlpha=-0.13922968506813
LowerLegTheta=0.0333199352025986

[RightLeg]
ThighAlpha=0.0856798067688942
ThighTheta=0.31891930103302
LowerLegAlpha=0.0999597758054733
LowerLegTheta=-0.395079076290131
