[%General]
Highest=141
CenterX=38.6650527137837
CenterY=261.025474424053
XWidth=49

[LeftLeg]
ThighAlpha=-0.00356999039649963
ThighTheta=0.46171897649765
LowerLegAlpha=0.00356999784708023
LowerLegTheta=0.030146598815918

[RightLeg]
ThighAlpha=-0.00356999039649963
ThighTheta=-0.179292917251587
LowerLegAlpha=0.0999597758054733
LowerLegTheta=-0.106306403875351
