[%General]
Highest=142
CenterX=39.4256615427809
CenterY=238.915476942514
XWidth=52

[LeftLeg]
ThighAlpha=-0.0196349546313286
ThighTheta=0
LowerLegAlpha=-0.0392699092626572
LowerLegTheta=-0.785398185253143

[RightLeg]
ThighAlpha=0.0589048638939857
ThighTheta=0.235619455575943
LowerLegAlpha=0.0589048638939857
LowerLegTheta=0.117809727787971
