[%General]
Highest=143
CenterX=37.8383942980097
CenterY=177.502003765465
XWidth=54

[LeftLeg]
ThighAlpha=-0.0999597683548927
ThighTheta=0.169319659471512
LowerLegAlpha=-0.103529758751392
LowerLegTheta=-0.0265199020504951

[RightLeg]
ThighAlpha=0.0856798067688942
ThighTheta=0.169319659471512
LowerLegAlpha=-0.0499798804521561
LowerLegTheta=-0.80715811252594
