[%General]
Highest=145
CenterX=38.0117174053727
CenterY=166.500984482355
XWidth=55

[LeftLeg]
ThighAlpha=-0.0981747731566429
ThighTheta=0.471238911151886
LowerLegAlpha=-0.0589048638939857
LowerLegTheta=-0.0785398185253143

[RightLeg]
ThighAlpha=0
ThighTheta=-0.314159274101257
LowerLegAlpha=0.0785398185253143
LowerLegTheta=-0.628318548202515
