[%General]
Highest=142
CenterX=39.4819277108434
CenterY=83.2842218547392
XWidth=53

[LeftLeg]
ThighAlpha=0.0196349546313286
ThighTheta=-0.471238911151886
LowerLegAlpha=-0.0589048638939857
LowerLegTheta=-0.274889349937439

[RightLeg]
ThighAlpha=0.0196349546313286
ThighTheta=0.510508835315704
LowerLegAlpha=0.0392699092626572
LowerLegTheta=0.431968986988068
