[%General]
Highest=143
CenterX=39.1426307448494
CenterY=37.5640216129878
XWidth=49

[LeftLeg]
ThighAlpha=-0.0392699092626572
ThighTheta=0.391905784606934
LowerLegAlpha=-0.0464098900556564
LowerLegTheta=0.0364932715892792

[RightLeg]
ThighAlpha=0.103529766201973
ThighTheta=-0.2522794008255
LowerLegAlpha=-0.0107099711894989
LowerLegTheta=-0.817131459712982
