[%General]
Highest=145
CenterX=39.4993415854622
CenterY=135.480563602844
XWidth=55

[LeftLeg]
ThighAlpha=-0.0785398185253143
ThighTheta=0.46171897649765
LowerLegAlpha=-0.0321299210190773
LowerLegTheta=0.255452781915665

[RightLeg]
ThighAlpha=0.0321299284696579
ThighTheta=-0.2522794008255
LowerLegAlpha=0.0606898665428162
LowerLegTheta=-0.176119565963745
