[%General]
Highest=139
CenterX=38.7708297570187
CenterY=264.356622294355
XWidth=48

[LeftLeg]
ThighAlpha=-0.0214199498295784
ThighTheta=0.534705460071564
LowerLegAlpha=-0.0499798804521561
LowerLegTheta=0.31891930103302

[RightLeg]
ThighAlpha=0.0321299284696579
ThighTheta=-0.2522794008255
LowerLegAlpha=0.0821098163723946
LowerLegTheta=-0.0999597311019897
