[%General]
Highest=144
CenterX=38.4303860523039
CenterY=162.349799363498
XWidth=55

[LeftLeg]
ThighAlpha=-0.117809727787971
ThighTheta=0.60451865196228
LowerLegAlpha=-0.0321299210190773
LowerLegTheta=-0.0333198979496956

[RightLeg]
ThighAlpha=0.0678298473358154
ThighTheta=-0.322092592716217
LowerLegAlpha=0.00356999784708023
LowerLegTheta=-0.607691943645477
