[%General]
Highest=141
CenterX=38.6650527137837
CenterY=261.025474424053
XWidth=49

[LeftLeg]
ThighAlpha=-0.0214199498295784
ThighTheta=0.46171897649765
LowerLegAlpha=0.00356999784708023
LowerLegTheta=0.070039875805378

[RightLeg]
ThighAlpha=0.0142799690365791
ThighTheta=-0.199239507317543
LowerLegAlpha=0.0999597758054733
LowerLegTheta=-0.0564398318529129
