[%General]
Highest=143
CenterX=39.3722907886815
CenterY=76.662552679109
XWidth=52

[LeftLeg]
ThighAlpha=0.0142799690365791
ThighTheta=-0.37875908613205
LowerLegAlpha=-0.0856797993183136
LowerLegTheta=-0.215559482574463

[RightLeg]
ThighAlpha=0.0321299284696579
ThighTheta=0.49163892865181
LowerLegAlpha=-0.0142799615859985
LowerLegTheta=0.305319339036942
