[%General]
Highest=145
CenterX=40.2251539252568
CenterY=105.380068469078
XWidth=56

[LeftLeg]
ThighAlpha=-0.0589048638939857
ThighTheta=-0.235619455575943
LowerLegAlpha=0.0785398185253143
LowerLegTheta=-0.785398185253143

[RightLeg]
ThighAlpha=0.0589048638939857
ThighTheta=0.392699092626572
LowerLegAlpha=0.0589048638939857
LowerLegTheta=-0.0392699092626572
