[%General]
Highest=144
CenterX=39.6900004097633
CenterY=138.317511917282
XWidth=55

[LeftLeg]
ThighAlpha=-0.117809727787971
ThighTheta=0.544678807258606
LowerLegAlpha=-0.0464098900556564
LowerLegTheta=0.438599050045013

[RightLeg]
ThighAlpha=0.0678298473358154
ThighTheta=-0.342039197683334
LowerLegAlpha=0.021419957280159
LowerLegTheta=-0.116279698908329
