[%General]
Highest=142
CenterX=39.2152194211018
CenterY=235.429731488555
XWidth=52

[LeftLeg]
ThighAlpha=-0.024989940226078
ThighTheta=-0.0364932343363762
LowerLegAlpha=-0.0499798804521561
LowerLegTheta=-1.09955739974976

[RightLeg]
ThighAlpha=0.0499798879027367
ThighTheta=0.31891930103302
LowerLegAlpha=0.0606898665428162
LowerLegTheta=0.112653113901615
