[%General]
Highest=143
CenterX=38.9412921976302
CenterY=250.694448170505
XWidth=50

[LeftLeg]
ThighAlpha=-0.0589048638939857
ThighTheta=0.274889349937439
LowerLegAlpha=0.0981747731566429
LowerLegTheta=-0.589048624038696

[RightLeg]
ThighAlpha=0.0981747731566429
ThighTheta=0.0392699092626572
LowerLegAlpha=0.0196349546313286
LowerLegTheta=0
