[%General]
Highest=143
CenterX=38.6616324264298
CenterY=158.62166851749
XWidth=55

[LeftLeg]
ThighAlpha=-0.0606898590922356
ThighTheta=0.60451865196228
LowerLegAlpha=-0.0999597683548927
LowerLegTheta=0.0364932715892792

[RightLeg]
ThighAlpha=0.103529766201973
ThighTheta=-0.395079076290131
LowerLegAlpha=0.021419957280159
LowerLegTheta=-0.464892268180847
