[%General]
Highest=144
CenterX=38.3098223896663
CenterY=195.667962863294
XWidth=55

[LeftLeg]
ThighAlpha=-0.0785398185253143
ThighTheta=-0.196349546313286
LowerLegAlpha=-0.0981747731566429
LowerLegTheta=-0.196349546313286

[RightLeg]
ThighAlpha=0
ThighTheta=0.431968986988068
LowerLegAlpha=-0.0392699092626572
LowerLegTheta=0.196349546313286
