[%General]
Highest=139
CenterX=38.7708297570187
CenterY=264.356622294355
XWidth=48

[LeftLeg]
ThighAlpha=-0.0392699092626572
ThighTheta=0.514758884906769
LowerLegAlpha=0.021419957280159
LowerLegTheta=0.34883925318718

[RightLeg]
ThighAlpha=0.0321299284696579
ThighTheta=-0.282199323177338
LowerLegAlpha=0.0999597758054733
LowerLegTheta=-0.070039801299572
