[%General]
Highest=143
CenterX=39.1978302939556
CenterY=246.954642408148
XWidth=50

[LeftLeg]
ThighAlpha=-0.0196349546313286
ThighTheta=0.196349546313286
LowerLegAlpha=0.0392699092626572
LowerLegTheta=-0.785398185253143

[RightLeg]
ThighAlpha=0.0981747731566429
ThighTheta=0.157079637050629
LowerLegAlpha=0.0981747731566429
LowerLegTheta=0.0392699092626572
