[%General]
Highest=146
CenterX=39.0076186777539
CenterY=47.6353771645269
XWidth=50

[LeftLeg]
ThighAlpha=0
ThighTheta=0.235619455575943
LowerLegAlpha=-0.0981747731566429
LowerLegTheta=-0.157079637050629

[RightLeg]
ThighAlpha=0.0981747731566429
ThighTheta=-0.274889349937439
LowerLegAlpha=0
LowerLegTheta=-0.431968986988068
