[%General]
Highest=147
CenterX=39.1225290381937
CenterY=122.443207809964
XWidth=54

[LeftLeg]
ThighAlpha=-0.0981747731566429
ThighTheta=0.353429168462753
LowerLegAlpha=0.0981747731566429
LowerLegTheta=-0.746128261089325

[RightLeg]
ThighAlpha=0.0196349546313286
ThighTheta=0
LowerLegAlpha=0.0981747731566429
LowerLegTheta=-0.0392699092626572
