[%General]
Highest=141
CenterX=38.0489396872042
CenterY=220.42744521835
XWidth=53

[LeftLeg]
ThighAlpha=-0.0785398185253143
ThighTheta=-0.478038877248764
LowerLegAlpha=-0.0321299210190773
LowerLegTheta=-0.408679038286209

[RightLeg]
ThighAlpha=0.0285599380731583
ThighTheta=0.484838932752609
LowerLegAlpha=0.021419957280159
LowerLegTheta=0.34883925318718
