[%General]
Highest=146
CenterX=39.0763396878728
CenterY=62.5516641102427
XWidth=51

[LeftLeg]
ThighAlpha=-0.024989940226078
ThighTheta=-0.123079679906368
LowerLegAlpha=-0.157079637050629
LowerLegTheta=-0.192439526319504

[RightLeg]
ThighAlpha=0.0499798879027367
ThighTheta=0.342039257287979
LowerLegAlpha=-0.0214199498295784
LowerLegTheta=-0.358359158039093
