[%General]
Highest=145
CenterX=37.8100500990971
CenterY=174.028834507818
XWidth=55

[LeftLeg]
ThighAlpha=-0.157079637050629
ThighTheta=0.252279460430145
LowerLegAlpha=0.00356999784708023
LowerLegTheta=-0.0727597996592522

[RightLeg]
ThighAlpha=0.0321299284696579
ThighTheta=-0.00339995324611664
LowerLegAlpha=0.00356999784708023
LowerLegTheta=-0.830278038978577
