[%General]
Highest=146
CenterX=39.3166201471708
CenterY=114.97254503933
XWidth=54

[LeftLeg]
ThighAlpha=-0.0785398185253143
ThighTheta=0.146199703216553
LowerLegAlpha=0.021419957280159
LowerLegTheta=-1.0097975730896

[RightLeg]
ThighAlpha=0.0321299284696579
ThighTheta=0.206039562821388
LowerLegAlpha=0.0606898665428162
LowerLegTheta=-0.123079679906368
