[%General]
Highest=142
CenterX=39.461288632792
CenterY=86.8276453640649
XWidth=53

[LeftLeg]
ThighAlpha=0.0142799690365791
ThighTheta=-0.461718916893005
LowerLegAlpha=-0.0321299210190773
LowerLegTheta=-0.395079076290131

[RightLeg]
ThighAlpha=0.0285599380731583
ThighTheta=0.534705460071564
LowerLegAlpha=0.021419957280159
LowerLegTheta=0.31891930103302
