[%General]
Highest=142
CenterX=39.508909527795
CenterY=27.6105186425119
XWidth=47

[LeftLeg]
ThighAlpha=-0.0392699092626572
ThighTheta=0.507958889007568
LowerLegAlpha=-0.0856797993183136
LowerLegTheta=0.070039875805378

[RightLeg]
ThighAlpha=0.0499798879027367
ThighTheta=-0.461718916893005
LowerLegAlpha=0.0285599380731583
LowerLegTheta=-0.312119245529175
