[%General]
Highest=143
CenterX=39.3041015149998
CenterY=18.6127809330339
XWidth=46

[LeftLeg]
ThighAlpha=-0.0785398185253143
ThighTheta=0.46489229798317
LowerLegAlpha=0.00713998824357986
LowerLegTheta=0.172946274280548

[RightLeg]
ThighAlpha=0.0321299284696579
ThighTheta=-0.464892268180847
LowerLegAlpha=-0.00713998079299927
LowerLegTheta=0.0364932715892792
