[%General]
Highest=141
CenterX=38.592706711985
CenterY=257.496839363426
XWidth=49

[LeftLeg]
ThighAlpha=-0.024989940226078
ThighTheta=0.395079135894775
LowerLegAlpha=0.0249899476766586
LowerLegTheta=-0.112653076648712

[RightLeg]
ThighAlpha=0.0142799690365791
ThighTheta=-0.106306403875351
LowerLegAlpha=0.121379725635052
LowerLegTheta=-0.109479740262032
