[%General]
Highest=145
CenterX=38.4192857238507
CenterY=184.831300132571
XWidth=54

[LeftLeg]
ThighAlpha=-0.117809727787971
ThighTheta=0.0265199784189463
LowerLegAlpha=-0.13922968506813
LowerLegTheta=-0.10267972946167

[RightLeg]
ThighAlpha=0.0499798879027367
ThighTheta=0.31891930103302
LowerLegAlpha=-0.0428398996591568
LowerLegTheta=-0.215559482574463
