[%General]
Highest=143
CenterX=37.8383942980097
CenterY=177.502003765465
XWidth=54

[LeftLeg]
ThighAlpha=-0.0999597683548927
ThighTheta=0.179292947053909
LowerLegAlpha=-0.103529758751392
LowerLegTheta=-0.0364932343363762

[RightLeg]
ThighAlpha=0.0856798067688942
ThighTheta=0.179292947053909
LowerLegAlpha=-0.0499798804521561
LowerLegTheta=-0.747318267822266
