[%General]
Highest=142
CenterX=39.1140790822688
CenterY=151.440064839702
XWidth=56

[LeftLeg]
ThighAlpha=-0.0785398185253143
ThighTheta=0.60451865196228
LowerLegAlpha=-0.0999597683548927
LowerLegTheta=0.229159519076347

[RightLeg]
ThighAlpha=0.0856798067688942
ThighTheta=-0.431798994541168
LowerLegAlpha=0.0606898665428162
LowerLegTheta=-0.342039197683334
