[%General]
Highest=142
CenterX=39.3434300282505
CenterY=148.117563563702
XWidth=56

[LeftLeg]
ThighAlpha=-0.0999597683548927
ThighTheta=0.607692003250122
LowerLegAlpha=-0.121379718184471
LowerLegTheta=0.315745949745178

[RightLeg]
ThighAlpha=0.103529766201973
ThighTheta=-0.395079076290131
LowerLegAlpha=0.021419957280159
LowerLegTheta=-0.315745919942856
