[%General]
Highest=147
CenterX=39.1225290381937
CenterY=122.443207809964
XWidth=54

[LeftLeg]
ThighAlpha=-0.0606898590922356
ThighTheta=0.31891930103302
LowerLegAlpha=0.021419957280159
LowerLegTheta=-0.67115843296051

[RightLeg]
ThighAlpha=0.0499798879027367
ThighTheta=0.0364932715892792
LowerLegAlpha=0.0606898665428162
LowerLegTheta=-0.10313306748867
