[%General]
Highest=145
CenterX=39.1107230778039
CenterY=44.4915555046659
XWidth=50

[LeftLeg]
ThighAlpha=0.0321299284696579
ThighTheta=0.31891930103302
LowerLegAlpha=-0.160649627447128
LowerLegTheta=-0.0999597311019897

[RightLeg]
ThighAlpha=0.121379725635052
ThighTheta=-0.2522794008255
LowerLegAlpha=-0.0499798804521561
LowerLegTheta=-0.674331784248352
