[%General]
Highest=142
CenterX=39.1752932342508
CenterY=34.0307734134279
XWidth=49

[LeftLeg]
ThighAlpha=-0.0606898590922356
ThighTheta=0.46489229798317
LowerLegAlpha=-0.0678298398852348
LowerLegTheta=0.030146598815918

[RightLeg]
ThighAlpha=0.0321299284696579
ThighTheta=-0.391905754804611
LowerLegAlpha=0.021419957280159
LowerLegTheta=-0.537878751754761
