[%General]
Highest=142
CenterX=39.5025024205976
CenterY=24.4127698454909
XWidth=47

[LeftLeg]
ThighAlpha=-0.0214199498295784
ThighTheta=0.46489229798317
LowerLegAlpha=-0.121379718184471
LowerLegTheta=0.245932787656784

[RightLeg]
ThighAlpha=0.0499798879027367
ThighTheta=-0.534705400466919
LowerLegAlpha=0.0285599380731583
LowerLegTheta=-0.106306403875351
