[%General]
Highest=143
CenterX=39.3041015149998
CenterY=18.6127809330339
XWidth=46

[LeftLeg]
ThighAlpha=-0.0785398185253143
ThighTheta=0.484838932752609
LowerLegAlpha=0.0249899476766586
LowerLegTheta=0.212839543819427

[RightLeg]
ThighAlpha=-0.00356999039649963
ThighTheta=-0.424998998641968
LowerLegAlpha=0.0642598569393158
LowerLegTheta=-0.0333198830485344
