[%General]
Highest=141
CenterX=38.8747461947208
CenterY=231.916089454661
XWidth=52

[LeftLeg]
ThighAlpha=-0.0464098900556564
ThighTheta=-0.106306403875351
LowerLegAlpha=-0.0107099711894989
LowerLegTheta=-1.09955739974976

[RightLeg]
ThighAlpha=0.0678298473358154
ThighTheta=0.468065619468689
LowerLegAlpha=0.00713998824357986
LowerLegTheta=0.030146598815918
