[%General]
Highest=145
CenterX=40.0813923428896
CenterY=108.428133805548
XWidth=56

[LeftLeg]
ThighAlpha=-0.0107099711894989
ThighTheta=-0.0396665707230568
LowerLegAlpha=-0.0142799615859985
LowerLegTheta=-0.956757783889771

[RightLeg]
ThighAlpha=0.0856798067688942
ThighTheta=0.322092622518539
LowerLegAlpha=0.021419957280159
LowerLegTheta=-0.0364932343363762
