[%General]
Highest=143
CenterX=39.6176267046611
CenterY=141.771816269761
XWidth=55

[LeftLeg]
ThighAlpha=-0.0606898590922356
ThighTheta=0.534705460071564
LowerLegAlpha=-0.0999597683548927
LowerLegTheta=0.46171897649765

[RightLeg]
ThighAlpha=0.0678298473358154
ThighTheta=-0.318919241428375
LowerLegAlpha=0.0428399071097374
LowerLegTheta=-0.2522794008255
