[%General]
Highest=145
CenterX=38.3076236948423
CenterY=181.194711160082
XWidth=54

[LeftLeg]
ThighAlpha=-0.0428398996591568
ThighTheta=0.0364932715892792
LowerLegAlpha=-0.157079637050629
LowerLegTheta=0.0333199352025986

[RightLeg]
ThighAlpha=0.0499798879027367
ThighTheta=0.245932787656784
LowerLegAlpha=-0.024989940226078
LowerLegTheta=-0.388732433319092
