[%General]
Highest=141
CenterX=38.0489396872042
CenterY=220.42744521835
XWidth=53

[LeftLeg]
ThighAlpha=-0.0785398185253143
ThighTheta=-0.468065589666367
LowerLegAlpha=-0.0321299210190773
LowerLegTheta=-0.388732433319092

[RightLeg]
ThighAlpha=0.0107099786400795
ThighTheta=0.46489229798317
LowerLegAlpha=0.021419957280159
LowerLegTheta=0.388732463121414
