[%General]
Highest=146
CenterX=39.1661427666612
CenterY=55.0563818058129
XWidth=51

[LeftLeg]
ThighAlpha=-0.0606898590922356
ThighTheta=-0.00339995324611664
LowerLegAlpha=-0.0678298398852348
LowerLegTheta=0.0102000124752522

[RightLeg]
ThighAlpha=0.103529766201973
ThighTheta=0.288999378681183
LowerLegAlpha=-0.0428398996591568
LowerLegTheta=-0.926837861537933
