[%General]
Highest=146
CenterX=39.0877730043989
CenterY=125.965374424408
XWidth=54

[LeftLeg]
ThighAlpha=-0.0999597683548927
ThighTheta=0.391905784606934
LowerLegAlpha=0.0606898665428162
LowerLegTheta=-0.325265914201736

[RightLeg]
ThighAlpha=0.0142799690365791
ThighTheta=-0.0333198979496956
LowerLegAlpha=0.0999597758054733
LowerLegTheta=-0.112653076648712
