[%General]
Highest=142
CenterX=39.5025024205976
CenterY=24.4127698454909
XWidth=47

[LeftLeg]
ThighAlpha=-0.0392699092626572
ThighTheta=0.484838932752609
LowerLegAlpha=-0.103529758751392
LowerLegTheta=0.235959500074387

[RightLeg]
ThighAlpha=0.0499798879027367
ThighTheta=-0.544678747653961
LowerLegAlpha=0.0285599380731583
LowerLegTheta=-0.0863597691059113
