[%General]
Highest=146
CenterX=39.0880400519192
CenterY=118.773558316336
XWidth=54

[LeftLeg]
ThighAlpha=-0.0981747731566429
ThighTheta=0.196349546313286
LowerLegAlpha=0.0981747731566429
LowerLegTheta=-0.706858336925507

[RightLeg]
ThighAlpha=0.0392699092626572
ThighTheta=0.0785398185253143
LowerLegAlpha=0.0981747731566429
LowerLegTheta=-0.0392699092626572
