[%General]
Highest=145
CenterX=38.3076236948423
CenterY=181.194711160082
XWidth=54

[LeftLeg]
ThighAlpha=-0.0785398185253143
ThighTheta=-0.00339995324611664
LowerLegAlpha=-0.13922968506813
LowerLegTheta=0.0931598246097565

[RightLeg]
ThighAlpha=0.0321299284696579
ThighTheta=0.265879422426224
LowerLegAlpha=-0.00713998079299927
LowerLegTheta=-0.408679038286209
