[%General]
Highest=146
CenterX=39.1661427666612
CenterY=55.0563818058129
XWidth=51

[LeftLeg]
ThighAlpha=-0.0428398996591568
ThighTheta=-0.0333198979496956
LowerLegAlpha=-0.103529758751392
LowerLegTheta=0.030146598815918

[RightLeg]
ThighAlpha=0.103529766201973
ThighTheta=0.249106109142303
LowerLegAlpha=-0.0428398996591568
LowerLegTheta=-0.956757783889771
