[%General]
Highest=144
CenterX=38.3098223896663
CenterY=195.667962863294
XWidth=55

[LeftLeg]
ThighAlpha=-0.0642598494887352
ThighTheta=-0.176119565963745
LowerLegAlpha=-0.157079637050629
LowerLegTheta=-0.255452752113342

[RightLeg]
ThighAlpha=0.0107099786400795
ThighTheta=0.46489229798317
LowerLegAlpha=-0.0464098900556564
LowerLegTheta=0.030146598815918
