[%General]
Highest=145
CenterX=39.0527670683216
CenterY=66.3891541073954
XWidth=52

[LeftLeg]
ThighAlpha=-0.0285599306225777
ThighTheta=-0.176119565963745
LowerLegAlpha=-0.103529758751392
LowerLegTheta=-0.2522794008255

[RightLeg]
ThighAlpha=0.0499798879027367
ThighTheta=0.391905784606934
LowerLegAlpha=-0.0499798804521561
LowerLegTheta=-0.182466238737106
