[%General]
Highest=144
CenterX=38.5556052899288
CenterY=192.094743981011
XWidth=55

[LeftLeg]
ThighAlpha=-0.0856797993183136
ThighTheta=-0.146199628710747
LowerLegAlpha=-0.121379718184471
LowerLegTheta=-0.139399647712708

[RightLeg]
ThighAlpha=0.0142799690365791
ThighTheta=0.424999058246613
LowerLegAlpha=0.021419957280159
LowerLegTheta=-0.2454794049263
