[%General]
Highest=145
CenterX=39.1107230778039
CenterY=44.4915555046659
XWidth=50

[LeftLeg]
ThighAlpha=0.0321299284696579
ThighTheta=0.288999378681183
LowerLegAlpha=-0.160649627447128
LowerLegTheta=-0.070039801299572

[RightLeg]
ThighAlpha=0.13922968506813
ThighTheta=-0.2522794008255
LowerLegAlpha=-0.0678298398852348
LowerLegTheta=-0.66435843706131
