[%General]
Highest=143
CenterX=38.9412921976302
CenterY=250.694448170505
XWidth=50

[LeftLeg]
ThighAlpha=-0.0428398996591568
ThighTheta=0.259079456329346
LowerLegAlpha=0.0606898665428162
LowerLegTheta=-0.627638518810272

[RightLeg]
ThighAlpha=0.121379725635052
ThighTheta=0.0564399100840092
LowerLegAlpha=0.0142799690365791
LowerLegTheta=0.00340002961456776
