[%General]
Highest=145
CenterX=37.7685225362044
CenterY=170.345595812768
XWidth=55

[LeftLeg]
ThighAlpha=-0.0785398185253143
ThighTheta=0.322092622518539
LowerLegAlpha=-0.103529758751392
LowerLegTheta=0.103133104741573

[RightLeg]
ThighAlpha=0.0321299284696579
ThighTheta=-0.176119565963745
LowerLegAlpha=0.0249899476766586
LowerLegTheta=-0.680678427219391
