[%General]
Highest=145
CenterX=37.8100500990971
CenterY=174.028834507818
XWidth=55

[LeftLeg]
ThighAlpha=-0.13922968506813
ThighTheta=0.322092622518539
LowerLegAlpha=-0.0499798804521561
LowerLegTheta=-0.112653076648712

[RightLeg]
ThighAlpha=0.0678298473358154
ThighTheta=-0.10313306748867
LowerLegAlpha=-0.0678298398852348
LowerLegTheta=-0.680678427219391
