[%General]
Highest=140
CenterX=37.8803295747744
CenterY=216.605607902952
XWidth=53

[LeftLeg]
ThighAlpha=-0.0785398185253143
ThighTheta=-0.534705400466919
LowerLegAlpha=-0.0321299210190773
LowerLegTheta=-0.318919241428375

[RightLeg]
ThighAlpha=0.0107099786400795
ThighTheta=0.534705460071564
LowerLegAlpha=0.021419957280159
LowerLegTheta=0.391905784606934
