[%General]
Highest=145
CenterX=39.0527670683216
CenterY=66.3891541073954
XWidth=52

[LeftLeg]
ThighAlpha=-0.0107099711894989
ThighTheta=-0.206039488315582
LowerLegAlpha=-0.13922968506813
LowerLegTheta=-0.192439526319504

[RightLeg]
ThighAlpha=0.0321299284696579
ThighTheta=0.395079135894775
LowerLegAlpha=-0.0142799615859985
LowerLegTheta=-0.192439526319504
