[%General]
Highest=143
CenterX=39.3722907886815
CenterY=76.662552679109
XWidth=52

[LeftLeg]
ThighAlpha=0.0142799690365791
ThighTheta=-0.388732433319092
LowerLegAlpha=-0.0678298398852348
LowerLegTheta=-0.255452752113342

[RightLeg]
ThighAlpha=0.0321299284696579
ThighTheta=0.46171897649765
LowerLegAlpha=-0.0142799615859985
LowerLegTheta=0.325265944004059
