[%General]
Highest=147
CenterX=39.1379019837561
CenterY=129.021785775402
XWidth=55

[LeftLeg]
ThighAlpha=-0.117809727787971
ThighTheta=0.458545625209808
LowerLegAlpha=0.021419957280159
LowerLegTheta=0.0333199352025986

[RightLeg]
ThighAlpha=-0.00356999039649963
ThighTheta=-0.106306403875351
LowerLegAlpha=0.0999597758054733
LowerLegTheta=-0.179292917251587
