[%General]
Highest=141
CenterX=37.7752445755749
CenterY=209.577028953795
XWidth=54

[LeftLeg]
ThighAlpha=-0.117809727787971
ThighTheta=-0.491638839244843
LowerLegAlpha=0.021419957280159
LowerLegTheta=-0.109479710459709

[RightLeg]
ThighAlpha=-0.0392699092626572
ThighTheta=0.514758884906769
LowerLegAlpha=0.021419957280159
LowerLegTheta=0.581398725509644
