[%General]
Highest=141
CenterX=38.558078826869
CenterY=228.253227393977
XWidth=52

[LeftLeg]
ThighAlpha=-0.0589048638939857
ThighTheta=-0.314159274101257
LowerLegAlpha=-0.0196349546313286
LowerLegTheta=-0.746128261089325

[RightLeg]
ThighAlpha=0
ThighTheta=0.431968986988068
LowerLegAlpha=0.0981747731566429
LowerLegTheta=0.235619455575943
