[%General]
Highest=146
CenterX=39.0880400519192
CenterY=118.773558316336
XWidth=54

[LeftLeg]
ThighAlpha=-0.082109808921814
ThighTheta=0.245932787656784
LowerLegAlpha=0.021419957280159
LowerLegTheta=-0.81395810842514

[RightLeg]
ThighAlpha=0.0499798879027367
ThighTheta=0.106306441128254
LowerLegAlpha=0.0606898665428162
LowerLegTheta=-0.0364932343363762
