[%General]
Highest=146
CenterX=39.0763396878728
CenterY=62.5516641102427
XWidth=51

[LeftLeg]
ThighAlpha=-0.024989940226078
ThighTheta=-0.10313306748867
LowerLegAlpha=-0.13922968506813
LowerLegTheta=-0.2522794008255

[RightLeg]
ThighAlpha=0.0499798879027367
ThighTheta=0.322092622518539
LowerLegAlpha=-0.0392699092626572
LowerLegTheta=-0.2522794008255
