[%General]
Highest=143
CenterX=38.9412921976302
CenterY=250.694448170505
XWidth=50

[LeftLeg]
ThighAlpha=-0.0392699092626572
ThighTheta=0.235619455575943
LowerLegAlpha=0.0981747731566429
LowerLegTheta=-0.628318548202515

[RightLeg]
ThighAlpha=0.0981747731566429
ThighTheta=0.0785398185253143
LowerLegAlpha=0.0589048638939857
LowerLegTheta=-0.0785398185253143
