[%General]
Highest=146
CenterX=39.7353047473991
CenterY=111.378281746134
XWidth=55

[LeftLeg]
ThighAlpha=-0.0428398996591568
ThighTheta=0.176119610667229
LowerLegAlpha=-0.0499798804521561
LowerLegTheta=-1.09955739974976

[RightLeg]
ThighAlpha=0.0678298473358154
ThighTheta=0.249106109142303
LowerLegAlpha=0.021419957280159
LowerLegTheta=0.0333199352025986
