[%General]
Highest=137
CenterX=38.7850696111378
CenterY=270.771419427108
XWidth=48

[LeftLeg]
ThighAlpha=-0.117809727787971
ThighTheta=0.567798733711243
LowerLegAlpha=0.00356999784708023
LowerLegTheta=0.49163892865181

[RightLeg]
ThighAlpha=0.0321299284696579
ThighTheta=-0.348839163780212
LowerLegAlpha=0.0999597758054733
LowerLegTheta=-0.2454794049263
