[%General]
Highest=143
CenterX=39.3751017928467
CenterY=79.9266315939144
XWidth=53

[LeftLeg]
ThighAlpha=0
ThighTheta=-0.431968986988068
LowerLegAlpha=-0.0392699092626572
LowerLegTheta=-0.274889349937439

[RightLeg]
ThighAlpha=0.0196349546313286
ThighTheta=0.471238911151886
LowerLegAlpha=0
LowerLegTheta=0.431968986988068
