[%General]
Highest=145
CenterX=39.0527670683216
CenterY=66.3891541073954
XWidth=52

[LeftLeg]
ThighAlpha=-0.0392699092626572
ThighTheta=-0.235619455575943
LowerLegAlpha=-0.0981747731566429
LowerLegTheta=-0.157079637050629

[RightLeg]
ThighAlpha=0.0392699092626572
ThighTheta=0.392699092626572
LowerLegAlpha=-0.0589048638939857
LowerLegTheta=-0.157079637050629
