[%General]
Highest=141
CenterX=38.6650527137837
CenterY=261.025474424053
XWidth=49

[LeftLeg]
ThighAlpha=-0.0785398185253143
ThighTheta=0.471238911151886
LowerLegAlpha=0.0785398185253143
LowerLegTheta=0.157079637050629

[RightLeg]
ThighAlpha=0
ThighTheta=-0.157079637050629
LowerLegAlpha=0.0981747731566429
LowerLegTheta=-0.0785398185253143
