[%General]
Highest=142
CenterX=39.4819277108434
CenterY=83.2842218547392
XWidth=53

[LeftLeg]
ThighAlpha=-0.00356999039649963
ThighTheta=-0.431798994541168
LowerLegAlpha=-0.0142799615859985
LowerLegTheta=-0.358359158039093

[RightLeg]
ThighAlpha=0.0321299284696579
ThighTheta=0.49163892865181
LowerLegAlpha=0.021419957280159
LowerLegTheta=0.454919010400772
