[%General]
Highest=137
CenterX=38.6661082918658
CenterY=273.840600417139
XWidth=47

[LeftLeg]
ThighAlpha=-0.0999597683548927
ThighTheta=0.607692003250122
LowerLegAlpha=-0.0321299210190773
LowerLegTheta=0.531532108783722

[RightLeg]
ThighAlpha=0.0499798879027367
ThighTheta=-0.395079076290131
LowerLegAlpha=0.0821098163723946
LowerLegTheta=-0.24275940656662
