[%General]
Highest=143
CenterX=39.8547388134573
CenterY=94.0937462377099
XWidth=55

[LeftLeg]
ThighAlpha=0.0142799690365791
ThighTheta=-0.391905754804611
LowerLegAlpha=-0.0142799615859985
LowerLegTheta=-0.604518592357635

[RightLeg]
ThighAlpha=0.0856798067688942
ThighTheta=0.534705460071564
LowerLegAlpha=0.00713998824357986
LowerLegTheta=0.18246628344059
