[%General]
Highest=143
CenterX=39.8547388134573
CenterY=94.0937462377099
XWidth=55

[LeftLeg]
ThighAlpha=0.0142799690365791
ThighTheta=-0.431798994541168
LowerLegAlpha=-0.0321299210190773
LowerLegTheta=-0.544678747653961

[RightLeg]
ThighAlpha=0.0856798067688942
ThighTheta=0.514758884906769
LowerLegAlpha=0.00713998824357986
LowerLegTheta=0.19243960082531
