[%General]
Highest=140
CenterX=38.2627581462607
CenterY=224.384422075278
XWidth=53

[LeftLeg]
ThighAlpha=-0.121379718184471
ThighTheta=-0.461718916893005
LowerLegAlpha=0.00356999784708023
LowerLegTheta=-0.468065589666367

[RightLeg]
ThighAlpha=-0.00356999039649963
ThighTheta=0.46489229798317
LowerLegAlpha=0.0606898665428162
LowerLegTheta=0.245932787656784
