[%General]
Highest=142
CenterX=39.5854138155535
CenterY=90.329949643251
XWidth=54

[LeftLeg]
ThighAlpha=0
ThighTheta=-0.471238911151886
LowerLegAlpha=-0.0196349546313286
LowerLegTheta=-0.431968986988068

[RightLeg]
ThighAlpha=0.0589048638939857
ThighTheta=0.510508835315704
LowerLegAlpha=0.0392699092626572
LowerLegTheta=0.314159274101257
