[%General]
Highest=142
CenterX=39.3125215134906
CenterY=30.7735589271057
XWidth=48

[LeftLeg]
ThighAlpha=-0.0606898590922356
ThighTheta=0.46489229798317
LowerLegAlpha=-0.0856797993183136
LowerLegTheta=0.109479777514935

[RightLeg]
ThighAlpha=0.0999597758054733
ThighTheta=-0.461718916893005
LowerLegAlpha=-0.0142799615859985
LowerLegTheta=-0.398252427577972
