[%General]
Highest=139
CenterX=38.8172153580864
CenterY=267.644428975969
XWidth=48

[LeftLeg]
ThighAlpha=-0.0392699092626572
ThighTheta=0.544678807258606
LowerLegAlpha=-0.0499798804521561
LowerLegTheta=0.46171897649765

[RightLeg]
ThighAlpha=0.0678298473358154
ThighTheta=-0.342039197683334
LowerLegAlpha=0.021419957280159
LowerLegTheta=-0.123079679906368
