[%General]
Highest=147
CenterX=39.1379019837561
CenterY=129.021785775402
XWidth=55

[LeftLeg]
ThighAlpha=-0.117809727787971
ThighTheta=0.408679097890854
LowerLegAlpha=0.021419957280159
LowerLegTheta=0.0931598246097565

[RightLeg]
ThighAlpha=0.0142799690365791
ThighTheta=-0.116279698908329
LowerLegAlpha=0.0642598569393158
LowerLegTheta=-0.139399647712708
