[%General]
Highest=143
CenterX=39.3751017928467
CenterY=79.9266315939144
XWidth=53

[LeftLeg]
ThighAlpha=0.0142799690365791
ThighTheta=-0.401879042387009
LowerLegAlpha=-0.0678298398852348
LowerLegTheta=-0.275399327278137

[RightLeg]
ThighAlpha=0.0107099786400795
ThighTheta=0.484838932752609
LowerLegAlpha=0.021419957280159
LowerLegTheta=0.408679097890854
