[%General]
Highest=143
CenterX=39.3751017928467
CenterY=79.9266315939144
XWidth=53

[LeftLeg]
ThighAlpha=-0.00356999039649963
ThighTheta=-0.391905754804611
LowerLegAlpha=-0.0499798804521561
LowerLegTheta=-0.325265914201736

[RightLeg]
ThighAlpha=0.0285599380731583
ThighTheta=0.534705460071564
LowerLegAlpha=0.00356999784708023
LowerLegTheta=0.31891930103302
