[%General]
Highest=146
CenterX=39.3166201471708
CenterY=114.97254503933
XWidth=54

[LeftLeg]
ThighAlpha=-0.0606898590922356
ThighTheta=0.245932787656784
LowerLegAlpha=-0.0142799615859985
LowerLegTheta=-1.02974426746368

[RightLeg]
ThighAlpha=0.0321299284696579
ThighTheta=0.176119610667229
LowerLegAlpha=0.0606898665428162
LowerLegTheta=-0.0333198979496956
