[%General]
Highest=142
CenterX=38.6322435564781
CenterY=254.007375257505
XWidth=50

[LeftLeg]
ThighAlpha=-0.0428398996591568
ThighTheta=0.322092622518539
LowerLegAlpha=0.021419957280159
LowerLegTheta=-0.112653076648712

[RightLeg]
ThighAlpha=0.0499798879027367
ThighTheta=-0.0333198979496956
LowerLegAlpha=0.0999597758054733
LowerLegTheta=-0.109479740262032
