[%General]
Highest=142
CenterX=39.1752932342508
CenterY=34.0307734134279
XWidth=49

[LeftLeg]
ThighAlpha=-0.0981747731566429
ThighTheta=0.471238911151886
LowerLegAlpha=-0.0196349546313286
LowerLegTheta=0.0392699092626572

[RightLeg]
ThighAlpha=0.0392699092626572
ThighTheta=-0.392699092626572
LowerLegAlpha=0.0785398185253143
LowerLegTheta=-0.589048624038696
