[%General]
Highest=137
CenterX=38.6661082918658
CenterY=273.840600417139
XWidth=47

[LeftLeg]
ThighAlpha=-0.117809727787971
ThighTheta=0.59771865606308
LowerLegAlpha=-0.0499798804521561
LowerLegTheta=0.551478803157806

[RightLeg]
ThighAlpha=0.0499798879027367
ThighTheta=-0.395079076290131
LowerLegAlpha=0.0821098163723946
LowerLegTheta=-0.24275940656662
