[%General]
Highest=145
CenterX=38.4192857238507
CenterY=184.831300132571
XWidth=54

[LeftLeg]
ThighAlpha=-0.0981747731566429
ThighTheta=0
LowerLegAlpha=-0.0981747731566429
LowerLegTheta=-0.0785398185253143

[RightLeg]
ThighAlpha=0.0589048638939857
ThighTheta=0.274889349937439
LowerLegAlpha=-0.0392699092626572
LowerLegTheta=-0.0392699092626572
