[%General]
Highest=142
CenterX=38.9336171510983
CenterY=154.934601730641
XWidth=56

[LeftLeg]
ThighAlpha=-0.0785398185253143
ThighTheta=0.60451865196228
LowerLegAlpha=-0.0999597683548927
LowerLegTheta=0.109479792416096

[RightLeg]
ThighAlpha=0.103529766201973
ThighTheta=-0.424998998641968
LowerLegAlpha=0.00356999784708023
LowerLegTheta=-0.395079076290131
