[%General]
Highest=143
CenterX=40.1477532058248
CenterY=98.19472668985
XWidth=56

[LeftLeg]
ThighAlpha=-0.0214199498295784
ThighTheta=-0.395079076290131
LowerLegAlpha=0.021419957280159
LowerLegTheta=-0.66435843706131

[RightLeg]
ThighAlpha=0.0856798067688942
ThighTheta=0.507958889007568
LowerLegAlpha=-0.0142799615859985
LowerLegTheta=0.070039875805378
