[%General]
Highest=145
CenterX=37.7685225362044
CenterY=170.345595812768
XWidth=55

[LeftLeg]
ThighAlpha=-0.0785398185253143
ThighTheta=0.342039257287979
LowerLegAlpha=-0.121379718184471
LowerLegTheta=0.00340002961456776

[RightLeg]
ThighAlpha=0.0321299284696579
ThighTheta=-0.0863597691059113
LowerLegAlpha=0.00713998824357986
LowerLegTheta=-0.830278038978577
