[%General]
Highest=142
CenterX=38.9336171510983
CenterY=154.934601730641
XWidth=56

[LeftLeg]
ThighAlpha=-0.0606898590922356
ThighTheta=0.60451865196228
LowerLegAlpha=-0.117809727787971
LowerLegTheta=0.109479777514935

[RightLeg]
ThighAlpha=0.103529766201973
ThighTheta=-0.395079076290131
LowerLegAlpha=0.00356999784708023
LowerLegTheta=-0.464892268180847
