[%General]
Highest=147
CenterX=39.2256117714747
CenterY=59.0171381703779
XWidth=51

[LeftLeg]
ThighAlpha=-0.0392699092626572
ThighTheta=-0.116279698908329
LowerLegAlpha=-0.0678298398852348
LowerLegTheta=-0.109479710459709

[RightLeg]
ThighAlpha=0.103529766201973
ThighTheta=0.342039257287979
LowerLegAlpha=-0.0428398996591568
LowerLegTheta=-0.866998016834259
