[%General]
Highest=144
CenterX=39.1182497631496
CenterY=41.0595576452975
XWidth=48

[LeftLeg]
ThighAlpha=-0.0464098900556564
ThighTheta=0.391905784606934
LowerLegAlpha=-0.0464098900556564
LowerLegTheta=-0.10313306748867

[RightLeg]
ThighAlpha=-0.0107099711894989
ThighTheta=-0.176119565963745
LowerLegAlpha=0.0606898665428162
LowerLegTheta=-0.890117883682251
