[%General]
Highest=142
CenterX=39.461288632792
CenterY=86.8276453640649
XWidth=53

[LeftLeg]
ThighAlpha=0.0196349546313286
ThighTheta=-0.471238911151886
LowerLegAlpha=-0.0589048638939857
LowerLegTheta=-0.353429168462753

[RightLeg]
ThighAlpha=0.0589048638939857
ThighTheta=0.510508835315704
LowerLegAlpha=0.0196349546313286
LowerLegTheta=0.392699092626572
