[%General]
Highest=142
CenterX=37.8693864031577
CenterY=206.18391343951
XWidth=54

[LeftLeg]
ThighAlpha=-0.0999597683548927
ThighTheta=-0.464892268180847
LowerLegAlpha=0.00356999784708023
LowerLegTheta=-0.0333198979496956

[RightLeg]
ThighAlpha=-0.0214199498295784
ThighTheta=0.534705460071564
LowerLegAlpha=-0.0107099711894989
LowerLegTheta=0.534705460071564
