[%General]
Highest=143
CenterX=39.1978302939556
CenterY=246.954642408148
XWidth=50

[LeftLeg]
ThighAlpha=-0.0107099711894989
ThighTheta=0.106306441128254
LowerLegAlpha=-0.0142799615859985
LowerLegTheta=-0.52835875749588

[RightLeg]
ThighAlpha=0.13922968506813
ThighTheta=0.176119610667229
LowerLegAlpha=-0.00356999039649963
LowerLegTheta=-0.030146561563015
