[%General]
Highest=139
CenterX=38.7708297570187
CenterY=264.356622294355
XWidth=48

[LeftLeg]
ThighAlpha=-0.0785398185253143
ThighTheta=0.510508835315704
LowerLegAlpha=0.0589048638939857
LowerLegTheta=0.353429168462753

[RightLeg]
ThighAlpha=0.0196349546313286
ThighTheta=-0.274889349937439
LowerLegAlpha=0.0981747731566429
LowerLegTheta=-0.0785398185253143
