[%General]
Highest=142
CenterX=39.3434300282505
CenterY=148.117563563702
XWidth=56

[LeftLeg]
ThighAlpha=-0.117809727787971
ThighTheta=0.59771865606308
LowerLegAlpha=-0.0856797993183136
LowerLegTheta=0.295799374580383

[RightLeg]
ThighAlpha=0.103529766201973
ThighTheta=-0.424998998641968
LowerLegAlpha=0.021419957280159
LowerLegTheta=-0.265879362821579
