[%General]
Highest=147
CenterX=39.2256117714747
CenterY=59.0171381703779
XWidth=51

[LeftLeg]
ThighAlpha=-0.0214199498295784
ThighTheta=-0.106306403875351
LowerLegAlpha=-0.103529758751392
LowerLegTheta=-0.179292917251587

[RightLeg]
ThighAlpha=0.103529766201973
ThighTheta=0.322092622518539
LowerLegAlpha=-0.0428398996591568
LowerLegTheta=-0.886944591999054
