[%General]
Highest=137
CenterX=38.7850696111378
CenterY=270.771419427108
XWidth=48

[LeftLeg]
ThighAlpha=-0.0999597683548927
ThighTheta=0.607692003250122
LowerLegAlpha=-0.0321299210190773
LowerLegTheta=0.46171897649765

[RightLeg]
ThighAlpha=0.0142799690365791
ThighTheta=-0.318919241428375
LowerLegAlpha=0.0999597758054733
LowerLegTheta=-0.255452752113342
