[%General]
Highest=143
CenterX=40.1477532058248
CenterY=98.19472668985
XWidth=56

[LeftLeg]
ThighAlpha=-0.0214199498295784
ThighTheta=-0.395079076290131
LowerLegAlpha=0.021419957280159
LowerLegTheta=-0.674331784248352

[RightLeg]
ThighAlpha=0.103529766201973
ThighTheta=0.537878811359406
LowerLegAlpha=0.00356999784708023
LowerLegTheta=0.030146598815918
