[%General]
Highest=142
CenterX=39.4524682166991
CenterY=242.886181422517
XWidth=51

[LeftLeg]
ThighAlpha=-0.0107099711894989
ThighTheta=0.106306441128254
LowerLegAlpha=0.00713998824357986
LowerLegTheta=-0.817131459712982

[RightLeg]
ThighAlpha=0.121379725635052
ThighTheta=0.252279460430145
LowerLegAlpha=0.00713998824357986
LowerLegTheta=-0.112653076648712
