[%General]
Highest=144
CenterX=39.2939389093235
CenterY=73.484776538031
XWidth=53

[LeftLeg]
ThighAlpha=-0.024989940226078
ThighTheta=-0.318919241428375
LowerLegAlpha=-0.0321299210190773
LowerLegTheta=-0.255452752113342

[RightLeg]
ThighAlpha=0.0285599380731583
ThighTheta=0.46171897649765
LowerLegAlpha=-0.00713998079299927
LowerLegTheta=0.179292947053909
