[%General]
Highest=143
CenterX=39.5919591292759
CenterY=145.070274322523
XWidth=57

[LeftLeg]
ThighAlpha=-0.0606898590922356
ThighTheta=0.534705460071564
LowerLegAlpha=-0.121379718184471
LowerLegTheta=0.46171897649765

[RightLeg]
ThighAlpha=0.0856798067688942
ThighTheta=-0.391905754804611
LowerLegAlpha=0.0249899476766586
LowerLegTheta=-0.255452752113342
