[%General]
Highest=141
CenterX=38.558078826869
CenterY=228.253227393977
XWidth=52

[LeftLeg]
ThighAlpha=-0.0606898590922356
ThighTheta=-0.388732433319092
LowerLegAlpha=-0.0142799615859985
LowerLegTheta=-0.680678427219391

[RightLeg]
ThighAlpha=0.0142799690365791
ThighTheta=0.46171897649765
LowerLegAlpha=0.0821098163723946
LowerLegTheta=0.179292947053909
