[%General]
Highest=142
CenterX=37.8693864031577
CenterY=206.18391343951
XWidth=54

[LeftLeg]
ThighAlpha=-0.0999597683548927
ThighTheta=-0.424998998641968
LowerLegAlpha=0.00356999784708023
LowerLegTheta=-0.123079679906368

[RightLeg]
ThighAlpha=-0.0392699092626572
ThighTheta=0.514758884906769
LowerLegAlpha=0.00713998824357986
LowerLegTheta=0.514758884906769
