[%General]
Highest=145
CenterX=40.0813923428896
CenterY=108.428133805548
XWidth=56

[LeftLeg]
ThighAlpha=-0.0589048638939857
ThighTheta=-0.117809727787971
LowerLegAlpha=0.0981747731566429
LowerLegTheta=-0.785398185253143

[RightLeg]
ThighAlpha=0.0392699092626572
ThighTheta=0.274889349937439
LowerLegAlpha=0.0981747731566429
LowerLegTheta=0
