[%General]
Highest=145
CenterX=38.6198052169175
CenterY=188.322073145815
XWidth=55

[LeftLeg]
ThighAlpha=-0.0981747731566429
ThighTheta=-0.0392699092626572
LowerLegAlpha=-0.0981747731566429
LowerLegTheta=-0.0785398185253143

[RightLeg]
ThighAlpha=0.0196349546313286
ThighTheta=0.314159274101257
LowerLegAlpha=0.0196349546313286
LowerLegTheta=-0.117809727787971
