[%General]
Highest=145
CenterX=38.0117174053727
CenterY=166.500984482355
XWidth=55

[LeftLeg]
ThighAlpha=-0.117809727787971
ThighTheta=0.46489229798317
LowerLegAlpha=-0.0321299210190773
LowerLegTheta=-0.0396665707230568

[RightLeg]
ThighAlpha=0.0107099786400795
ThighTheta=-0.318919241428375
LowerLegAlpha=0.0428399071097374
LowerLegTheta=-0.610865235328674
