[%General]
Highest=144
CenterX=38.5556052899288
CenterY=192.094743981011
XWidth=55

[LeftLeg]
ThighAlpha=-0.103529758751392
ThighTheta=-0.176119565963745
LowerLegAlpha=-0.103529758751392
LowerLegTheta=-0.0396665707230568

[RightLeg]
ThighAlpha=0.0142799690365791
ThighTheta=0.395079135894775
LowerLegAlpha=0.021419957280159
LowerLegTheta=-0.255452752113342
