[%General]
Highest=144
CenterX=33.5072271556529
CenterY=309.151520393649
XWidth=47

[LeftLeg]
ThighAlpha=-0.0981747731566429
ThighTheta=0.314159274101257
LowerLegAlpha=0
LowerLegTheta=-0.667588412761688

[RightLeg]
ThighAlpha=0.0981747731566429
ThighTheta=0.314159274101257
LowerLegAlpha=0.0981747731566429
LowerLegTheta=-0.510508835315704
