[%General]
Highest=154
CenterX=29.9027864162209
CenterY=256.148914666003
XWidth=56

[LeftLeg]
ThighAlpha=-0.0981747731566429
ThighTheta=-0.510508835315704
LowerLegAlpha=0
LowerLegTheta=-0.117809727787971

[RightLeg]
ThighAlpha=-0.0785398185253143
ThighTheta=0.510508835315704
LowerLegAlpha=-0.0981747731566429
LowerLegTheta=0.589048624038696
