[%General]
Highest=158
CenterX=42.0877411820908
CenterY=23.2108336208498
XWidth=53

[LeftLeg]
ThighAlpha=-0.0981747731566429
ThighTheta=0.431968986988068
LowerLegAlpha=0.0785398185253143
LowerLegTheta=0.274889349937439

[RightLeg]
ThighAlpha=0
ThighTheta=-0.431968986988068
LowerLegAlpha=0
LowerLegTheta=-0.157079637050629
