[%General]
Highest=155
CenterX=33.4961898164184
CenterY=199.555969287611
XWidth=60

[LeftLeg]
ThighAlpha=-0.0981747731566429
ThighTheta=0.471238911151886
LowerLegAlpha=0
LowerLegTheta=0.353429168462753

[RightLeg]
ThighAlpha=0
ThighTheta=-0.431968986988068
LowerLegAlpha=0
LowerLegTheta=-0.510508835315704
