[%General]
Highest=137
CenterX=34.694881016899
CenterY=286.673400009854
XWidth=45

[LeftLeg]
ThighAlpha=-0.117809727787971
ThighTheta=0.391905784606934
LowerLegAlpha=-0.0499798804521561
LowerLegTheta=0.106306441128254

[RightLeg]
ThighAlpha=-0.0214199498295784
ThighTheta=-0.2522794008255
LowerLegAlpha=-0.0178499519824982
LowerLegTheta=-0.604518592357635
