[%General]
Highest=143
CenterX=37.0976356957465
CenterY=226.699661026565
XWidth=51

[LeftLeg]
ThighAlpha=-0.0196349546313286
ThighTheta=-0.117809727787971
LowerLegAlpha=-0.0392699092626572
LowerLegTheta=-0.785398185253143

[RightLeg]
ThighAlpha=0.0196349546313286
ThighTheta=0.274889349937439
LowerLegAlpha=0.0785398185253143
LowerLegTheta=0.0785398185253143
