[%General]
Highest=146
CenterX=38.3979445281597
CenterY=48.9331795064984
XWidth=50

[LeftLeg]
ThighAlpha=-0.00713998079299927
ThighTheta=-0.0333198979496956
LowerLegAlpha=-0.103529758751392
LowerLegTheta=-0.182466238737106

[RightLeg]
ThighAlpha=0.0856798067688942
ThighTheta=0.249106109142303
LowerLegAlpha=0.0999597758054733
LowerLegTheta=-0.106306403875351
