[%General]
Highest=143
CenterX=37.0487071557426
CenterY=140.456543931533
XWidth=55

[LeftLeg]
ThighAlpha=-0.0999597683548927
ThighTheta=0.534705460071564
LowerLegAlpha=-0.121379718184471
LowerLegTheta=0.388732463121414

[RightLeg]
ThighAlpha=0.0856798067688942
ThighTheta=-0.391905754804611
LowerLegAlpha=0.0285599380731583
LowerLegTheta=-0.388732433319092
