[%General]
Highest=142
CenterX=37.3090517925986
CenterY=230.083486145805
XWidth=51

[LeftLeg]
ThighAlpha=-0.0196349546313286
ThighTheta=0
LowerLegAlpha=-0.0392699092626572
LowerLegTheta=-0.785398185253143

[RightLeg]
ThighAlpha=0.0785398185253143
ThighTheta=0.235619455575943
LowerLegAlpha=0
LowerLegTheta=0
