[%General]
Highest=145
CenterX=35.7767456047917
CenterY=177.200723753536
XWidth=54

[LeftLeg]
ThighAlpha=-0.117809727787971
ThighTheta=-0.0333198979496956
LowerLegAlpha=-0.121379718184471
LowerLegTheta=-0.0364932343363762

[RightLeg]
ThighAlpha=0.0678298473358154
ThighTheta=0.245932787656784
LowerLegAlpha=-0.0856797993183136
LowerLegTheta=0.0396666079759598
