[%General]
Highest=145
CenterX=35.3290334325952
CenterY=169.94443505286
XWidth=55

[LeftLeg]
ThighAlpha=-0.0785398185253143
ThighTheta=0.196349546313286
LowerLegAlpha=-0.0981747731566429
LowerLegTheta=-0.157079637050629

[RightLeg]
ThighAlpha=-0.0196349546313286
ThighTheta=0.235619455575943
LowerLegAlpha=0.0981747731566429
LowerLegTheta=-0.589048624038696
