[%General]
Highest=146
CenterX=37.388975278056
CenterY=121.102986136735
XWidth=54

[LeftLeg]
ThighAlpha=-0.0606898590922356
ThighTheta=0.395079135894775
LowerLegAlpha=0.00356999784708023
LowerLegTheta=0.030146598815918

[RightLeg]
ThighAlpha=0.0321299284696579
ThighTheta=-0.179292917251587
LowerLegAlpha=0.021419957280159
LowerLegTheta=-0.176119565963745
