[%General]
Highest=145
CenterX=35.5435362632898
CenterY=173.67377260107
XWidth=54

[LeftLeg]
ThighAlpha=-0.0785398185253143
ThighTheta=0.0364932715892792
LowerLegAlpha=-0.13922968506813
LowerLegTheta=-0.0364932343363762

[RightLeg]
ThighAlpha=0.0856798067688942
ThighTheta=0.388732463121414
LowerLegAlpha=0.0821098163723946
LowerLegTheta=-0.81395810842514
