[%General]
Highest=145
CenterX=38.5324440136714
CenterY=97.3281257970719
XWidth=55

[LeftLeg]
ThighAlpha=-0.00713998079299927
ThighTheta=-0.0396665707230568
LowerLegAlpha=0.00356999784708023
LowerLegTheta=-1.02974426746368

[RightLeg]
ThighAlpha=0.0856798067688942
ThighTheta=0.322092622518539
LowerLegAlpha=0.021419957280159
LowerLegTheta=-0.0396665707230568
