[%General]
Highest=143
CenterX=38.413812405043
CenterY=82.5843484287123
XWidth=53

[LeftLeg]
ThighAlpha=0.0107099786400795
ThighTheta=-0.431798994541168
LowerLegAlpha=-0.0285599306225777
LowerLegTheta=-0.478038877248764

[RightLeg]
ThighAlpha=0.0856798067688942
ThighTheta=0.537878811359406
LowerLegAlpha=0.00356999784708023
LowerLegTheta=0.18291962146759
