[%General]
Highest=138
CenterX=36.0254120217175
CenterY=264.000273074822
XWidth=48

[LeftLeg]
ThighAlpha=-0.0214199498295784
ThighTheta=0.607692003250122
LowerLegAlpha=-0.13922968506813
LowerLegTheta=0.458545625209808

[RightLeg]
ThighAlpha=-0.00356999039649963
ThighTheta=-0.391905754804611
LowerLegAlpha=0.0821098163723946
LowerLegTheta=-0.2522794008255
