[%General]
Highest=145
CenterX=35.3290334325952
CenterY=169.94443505286
XWidth=55

[LeftLeg]
ThighAlpha=-0.0678298398852348
ThighTheta=0.249106109142303
LowerLegAlpha=-0.157079637050629
LowerLegTheta=-0.112653076648712

[RightLeg]
ThighAlpha=0.0678298473358154
ThighTheta=0.18246628344059
LowerLegAlpha=0.0428399071097374
LowerLegTheta=-0.541052103042603
