[%General]
Highest=137
CenterX=34.9074440326414
CenterY=282.292675630308
XWidth=46

[LeftLeg]
ThighAlpha=-0.157079637050629
ThighTheta=0.674331784248352
LowerLegAlpha=-0.0499798804521561
LowerLegTheta=-0.0364932343363762

[RightLeg]
ThighAlpha=-0.00356999039649963
ThighTheta=-0.322092592716217
LowerLegAlpha=0.0606898665428162
LowerLegTheta=-0.604518592357635
