[%General]
Highest=143
CenterX=35.675393163198
CenterY=187.971210633232
XWidth=55

[LeftLeg]
ThighAlpha=-0.0606898590922356
ThighTheta=-0.2459327429533
LowerLegAlpha=-0.121379718184471
LowerLegTheta=-0.112653076648712

[RightLeg]
ThighAlpha=-0.0214199498295784
ThighTheta=0.46489229798317
LowerLegAlpha=0.00713998824357986
LowerLegTheta=0.172946274280548
