[%General]
Highest=143
CenterX=37.2471694900826
CenterY=233.964600891008
XWidth=50

[LeftLeg]
ThighAlpha=-0.0321299210190773
ThighTheta=0.179292947053909
LowerLegAlpha=0.021419957280159
LowerLegTheta=-0.890117883682251

[RightLeg]
ThighAlpha=0.0856798067688942
ThighTheta=0.18246628344059
LowerLegAlpha=0.0428399071097374
LowerLegTheta=-0.112653076648712
