[%General]
Highest=144
CenterX=38.5311975026125
CenterY=90.2756517943359
XWidth=55

[LeftLeg]
ThighAlpha=-0.024989940226078
ThighTheta=-0.342039197683334
LowerLegAlpha=0.021419957280159
LowerLegTheta=-0.687478423118591

[RightLeg]
ThighAlpha=0.103529766201973
ThighTheta=0.484838932752609
LowerLegAlpha=0.00356999784708023
LowerLegTheta=0.00340002961456776
