[%General]
Highest=139
CenterX=36.1280664628889
CenterY=261.054534054393
XWidth=48

[LeftLeg]
ThighAlpha=-0.0606898590922356
ThighTheta=0.537878811359406
LowerLegAlpha=-0.103529758751392
LowerLegTheta=0.531532108783722

[RightLeg]
ThighAlpha=0.0142799690365791
ThighTheta=-0.391905754804611
LowerLegAlpha=0.0428399071097374
LowerLegTheta=-0.176119565963745
