[%General]
Highest=143
CenterX=35.9690267920999
CenterY=155.301411123948
XWidth=55

[LeftLeg]
ThighAlpha=-0.0981747731566429
ThighTheta=0.510508835315704
LowerLegAlpha=-0.0589048638939857
LowerLegTheta=0

[RightLeg]
ThighAlpha=0.0785398185253143
ThighTheta=-0.274889349937439
LowerLegAlpha=0.0392699092626572
LowerLegTheta=-0.667588412761688
