[%General]
Highest=142
CenterX=35.4069722567643
CenterY=204.89838914855
XWidth=54

[LeftLeg]
ThighAlpha=-0.0981747731566429
ThighTheta=-0.510508835315704
LowerLegAlpha=0.0196349546313286
LowerLegTheta=-0.235619455575943

[RightLeg]
ThighAlpha=-0.0589048638939857
ThighTheta=0.510508835315704
LowerLegAlpha=0.0785398185253143
LowerLegTheta=0.392699092626572
