[%General]
Highest=142
CenterX=38.3145400988977
CenterY=78.9443666946566
XWidth=52

[LeftLeg]
ThighAlpha=0.0142799690365791
ThighTheta=-0.464892268180847
LowerLegAlpha=-0.0321299210190773
LowerLegTheta=-0.325265914201736

[RightLeg]
ThighAlpha=0.0678298473358154
ThighTheta=0.534705460071564
LowerLegAlpha=-0.0107099711894989
LowerLegTheta=0.249106109142303
