[%General]
Highest=142
CenterX=36.6743460764588
CenterY=223.252127048002
XWidth=51

[LeftLeg]
ThighAlpha=-0.0464098900556564
ThighTheta=-0.0863597691059113
LowerLegAlpha=-0.0142799615859985
LowerLegTheta=-1.09955739974976

[RightLeg]
ThighAlpha=0.0142799690365791
ThighTheta=0.371959179639816
LowerLegAlpha=0.0606898665428162
LowerLegTheta=0.0863598436117172
