[%General]
Highest=146
CenterX=38.2739135342589
CenterY=45.0698837340558
XWidth=50

[LeftLeg]
ThighAlpha=-0.0785398185253143
ThighTheta=0.0364932715892792
LowerLegAlpha=-0.0678298398852348
LowerLegTheta=-0.0396665707230568

[RightLeg]
ThighAlpha=0.0678298473358154
ThighTheta=0.322092622518539
LowerLegAlpha=0.0499798879027367
LowerLegTheta=-0.886944591999054
