[%General]
Highest=143
CenterX=38.0892319576503
CenterY=35.0491542559838
XWidth=49

[LeftLeg]
ThighAlpha=0.0856798067688942
ThighTheta=0.371959179639816
LowerLegAlpha=-0.157079637050629
LowerLegTheta=-0.139399647712708

[RightLeg]
ThighAlpha=0.13922968506813
ThighTheta=-0.468518882989883
LowerLegAlpha=-0.0321299210190773
LowerLegTheta=-0.38827908039093
