[%General]
Highest=137
CenterX=35.4017863184248
CenterY=273.811709181947
XWidth=47

[LeftLeg]
ThighAlpha=-0.0981747731566429
ThighTheta=0.667588412761688
LowerLegAlpha=-0.0589048638939857
LowerLegTheta=0.157079637050629

[RightLeg]
ThighAlpha=0.0196349546313286
ThighTheta=-0.431968986988068
LowerLegAlpha=0.0981747731566429
LowerLegTheta=-0.392699092626572
