[%General]
Highest=144
CenterX=37.5184487191568
CenterY=130.619583507209
XWidth=54

[LeftLeg]
ThighAlpha=-0.117809727787971
ThighTheta=0.514758884906769
LowerLegAlpha=-0.0285599306225777
LowerLegTheta=0.378759175539017

[RightLeg]
ThighAlpha=0.046409897506237
ThighTheta=-0.318919241428375
LowerLegAlpha=0.0606898665428162
LowerLegTheta=-0.282199323177338
