[%General]
Highest=145
CenterX=38.5103813201243
CenterY=94.0979367370022
XWidth=55

[LeftLeg]
ThighAlpha=-0.0392699092626572
ThighTheta=-0.235619455575943
LowerLegAlpha=0.0785398185253143
LowerLegTheta=-0.785398185253143

[RightLeg]
ThighAlpha=0.0589048638939857
ThighTheta=0.392699092626572
LowerLegAlpha=0.0785398185253143
LowerLegTheta=0
