[%General]
Highest=145
CenterX=38.2201083564277
CenterY=55.9902004843582
XWidth=50

[LeftLeg]
ThighAlpha=-0.00713998079299927
ThighTheta=-0.176119565963745
LowerLegAlpha=-0.13922968506813
LowerLegTheta=-0.179292917251587

[RightLeg]
ThighAlpha=0.0678298473358154
ThighTheta=0.391905784606934
LowerLegAlpha=-0.0785398185253143
LowerLegTheta=-0.182466238737106
