[%General]
Highest=144
CenterX=35.5836034829203
CenterY=159.187970529136
XWidth=55

[LeftLeg]
ThighAlpha=-0.0606898590922356
ThighTheta=0.395079135894775
LowerLegAlpha=-0.13922968506813
LowerLegTheta=-0.0396665707230568

[RightLeg]
ThighAlpha=0.0856798067688942
ThighTheta=-0.179292917251587
LowerLegAlpha=-0.0321299210190773
LowerLegTheta=-0.750491619110107
