[%General]
Highest=144
CenterX=38.0351421886249
CenterY=38.0584503239741
XWidth=50

[LeftLeg]
ThighAlpha=-0.00713998079299927
ThighTheta=0.229159519076347
LowerLegAlpha=-0.117809727787971
LowerLegTheta=-0.0265199020504951

[RightLeg]
ThighAlpha=-0.00356999039649963
ThighTheta=-0.0795597806572914
LowerLegAlpha=0.13922968506813
LowerLegTheta=-0.641238510608673
