[%General]
Highest=144
CenterX=36.7049876719247
CenterY=241.133796750141
XWidth=50

[LeftLeg]
ThighAlpha=-0.0981747731566429
ThighTheta=0.392699092626572
LowerLegAlpha=0.0785398185253143
LowerLegTheta=-0.667588412761688

[RightLeg]
ThighAlpha=0.0589048638939857
ThighTheta=0
LowerLegAlpha=0.0981747731566429
LowerLegTheta=-0.0392699092626572
