[%General]
Highest=142
CenterX=36.322590998614
CenterY=219.876883798964
XWidth=51

[LeftLeg]
ThighAlpha=-0.0589048638939857
ThighTheta=-0.314159274101257
LowerLegAlpha=-0.0196349546313286
LowerLegTheta=-0.785398185253143

[RightLeg]
ThighAlpha=-0.0392699092626572
ThighTheta=0.392699092626572
LowerLegAlpha=0.0981747731566429
LowerLegTheta=0.196349546313286
