[%General]
Highest=142
CenterX=36.2018952688474
CenterY=151.08184753615
XWidth=56

[LeftLeg]
ThighAlpha=-0.0999597683548927
ThighTheta=0.607692003250122
LowerLegAlpha=-0.103529758751392
LowerLegTheta=0.030146598815918

[RightLeg]
ThighAlpha=0.103529766201973
ThighTheta=-0.322092592716217
LowerLegAlpha=0.021419957280159
LowerLegTheta=-0.607691943645477
