[%General]
Highest=143
CenterX=35.9690267920999
CenterY=155.301411123948
XWidth=55

[LeftLeg]
ThighAlpha=-0.0981747731566429
ThighTheta=0.471238911151886
LowerLegAlpha=-0.0785398185253143
LowerLegTheta=0.0785398185253143

[RightLeg]
ThighAlpha=0.0785398185253143
ThighTheta=-0.235619455575943
LowerLegAlpha=0.0392699092626572
LowerLegTheta=-0.785398185253143
