[%General]
Highest=144
CenterX=36.7049876719247
CenterY=241.133796750141
XWidth=50

[LeftLeg]
ThighAlpha=-0.117809727787971
ThighTheta=0.395079135894775
LowerLegAlpha=-0.0499798804521561
LowerLegTheta=-0.325265914201736

[RightLeg]
ThighAlpha=0.0856798067688942
ThighTheta=0.0364932715892792
LowerLegAlpha=0.0321299284696579
LowerLegTheta=-0.106306403875351
