[%General]
Highest=143
CenterX=38.083362530982
CenterY=28.9491182310118
XWidth=48

[LeftLeg]
ThighAlpha=-0.0785398185253143
ThighTheta=0.395079135894775
LowerLegAlpha=-0.0321299210190773
LowerLegTheta=0.0102000124752522

[RightLeg]
ThighAlpha=0.0856798067688942
ThighTheta=-0.401879042387009
LowerLegAlpha=0.0249899476766586
LowerLegTheta=-0.454918920993805
