[%General]
Highest=143
CenterX=36.3867836765071
CenterY=247.734944802778
XWidth=50

[LeftLeg]
ThighAlpha=-0.0428398996591568
ThighTheta=0.454919010400772
LowerLegAlpha=0.021419957280159
LowerLegTheta=-0.0727597996592522

[RightLeg]
ThighAlpha=0.0142799690365791
ThighTheta=-0.146199628710747
LowerLegAlpha=0.103529766201973
LowerLegTheta=-0.0795597806572914
