[%General]
Highest=142
CenterX=35.9689201028337
CenterY=216.2472747641
XWidth=51

[LeftLeg]
ThighAlpha=-0.0785398185253143
ThighTheta=-0.391905754804611
LowerLegAlpha=0.00356999784708023
LowerLegTheta=-0.607691943645477

[RightLeg]
ThighAlpha=-0.00356999039649963
ThighTheta=0.468065619468689
LowerLegAlpha=0.0249899476766586
LowerLegTheta=0.172946274280548
