[%General]
Highest=145
CenterX=35.7767456047917
CenterY=177.200723753536
XWidth=54

[LeftLeg]
ThighAlpha=-0.117809727787971
ThighTheta=-0.00339995324611664
LowerLegAlpha=-0.157079637050629
LowerLegTheta=-0.0564398318529129

[RightLeg]
ThighAlpha=0.0321299284696579
ThighTheta=0.342039257287979
LowerLegAlpha=0.0999597758054733
LowerLegTheta=-0.38827908039093
