[%General]
Highest=143
CenterX=35.675393163198
CenterY=187.971210633232
XWidth=55

[LeftLeg]
ThighAlpha=-0.0785398185253143
ThighTheta=-0.235619455575943
LowerLegAlpha=-0.0981747731566429
LowerLegTheta=-0.157079637050629

[RightLeg]
ThighAlpha=-0.0392699092626572
ThighTheta=0.392699092626572
LowerLegAlpha=0.0196349546313286
LowerLegTheta=0.314159274101257
