[%General]
Highest=145
CenterX=38.5103813201243
CenterY=94.0979367370022
XWidth=55

[LeftLeg]
ThighAlpha=-0.0214199498295784
ThighTheta=-0.2522794008255
LowerLegAlpha=0.00356999784708023
LowerLegTheta=-0.747318267822266

[RightLeg]
ThighAlpha=0.0499798879027367
ThighTheta=0.391905784606934
LowerLegAlpha=0.0606898665428162
LowerLegTheta=0.0396666079759598
