[%General]
Highest=142
CenterX=37.3090517925986
CenterY=230.083486145805
XWidth=51

[LeftLeg]
ThighAlpha=-0.024989940226078
ThighTheta=0.106306441128254
LowerLegAlpha=0.00356999784708023
LowerLegTheta=-0.956757783889771

[RightLeg]
ThighAlpha=0.0678298473358154
ThighTheta=0.249106109142303
LowerLegAlpha=0.0249899476766586
LowerLegTheta=-0.0333198979496956
