[%General]
Highest=142
CenterX=38.2240009287686
CenterY=71.8898377234849
XWidth=51

[LeftLeg]
ThighAlpha=0.0142799690365791
ThighTheta=-0.37875908613205
LowerLegAlpha=-0.0499798804521561
LowerLegTheta=-0.335239201784134

[RightLeg]
ThighAlpha=0.0321299284696579
ThighTheta=0.537878811359406
LowerLegAlpha=-0.0142799615859985
LowerLegTheta=0.408679097890854
