[%General]
Highest=137
CenterX=34.694881016899
CenterY=286.673400009854
XWidth=45

[LeftLeg]
ThighAlpha=-0.117809727787971
ThighTheta=0.431799054145813
LowerLegAlpha=-0.0856797993183136
LowerLegTheta=0.0863598436117172

[RightLeg]
ThighAlpha=-0.0214199498295784
ThighTheta=-0.222359463572502
LowerLegAlpha=-0.0178499519824982
LowerLegTheta=-0.66435843706131
