[%General]
Highest=145
CenterX=35.5435362632898
CenterY=173.67377260107
XWidth=54

[LeftLeg]
ThighAlpha=-0.0785398185253143
ThighTheta=-0.00339995324611664
LowerLegAlpha=-0.157079637050629
LowerLegTheta=0.0931598246097565

[RightLeg]
ThighAlpha=0.0999597758054733
ThighTheta=0.401879131793976
LowerLegAlpha=-0.0321299210190773
LowerLegTheta=-0.890117883682251
