[%General]
Highest=140
CenterX=36.2726193961997
CenterY=257.962767187043
XWidth=49

[LeftLeg]
ThighAlpha=-0.0107099711894989
ThighTheta=0.514758884906769
LowerLegAlpha=-0.13922968506813
LowerLegTheta=0.49163892865181

[RightLeg]
ThighAlpha=0.0142799690365791
ThighTheta=-0.312119245529175
LowerLegAlpha=0.0999597758054733
LowerLegTheta=-0.182919546961784
