[%General]
Highest=144
CenterX=36.7049876719247
CenterY=241.133796750141
XWidth=50

[LeftLeg]
ThighAlpha=-0.0785398185253143
ThighTheta=0.314159274101257
LowerLegAlpha=0.0785398185253143
LowerLegTheta=-0.628318548202515

[RightLeg]
ThighAlpha=0.0589048638939857
ThighTheta=0
LowerLegAlpha=0.0981747731566429
LowerLegTheta=-0.0785398185253143
