[%General]
Highest=142
CenterX=37.3090517925986
CenterY=230.083486145805
XWidth=51

[LeftLeg]
ThighAlpha=-0.024989940226078
ThighTheta=0.0863598436117172
LowerLegAlpha=0.021419957280159
LowerLegTheta=-0.956757783889771

[RightLeg]
ThighAlpha=0.0856798067688942
ThighTheta=0.259079456329346
LowerLegAlpha=-0.0107099711894989
LowerLegTheta=-0.0632398128509521
