[%General]
Highest=146
CenterX=35.2675411311564
CenterY=162.820227396064
XWidth=54

[LeftLeg]
ThighAlpha=-0.0785398185253143
ThighTheta=0.34883925318718
LowerLegAlpha=-0.103529758751392
LowerLegTheta=-0.0931597501039505

[RightLeg]
ThighAlpha=0.0499798879027367
ThighTheta=0.18291962146759
LowerLegAlpha=-0.0142799615859985
LowerLegTheta=-1.09955739974976
