[%General]
Highest=144
CenterX=36.9271090542238
CenterY=237.751866013856
XWidth=50

[LeftLeg]
ThighAlpha=-0.0428398996591568
ThighTheta=0.259079456329346
LowerLegAlpha=0.021419957280159
LowerLegTheta=-0.777238190174103

[RightLeg]
ThighAlpha=0.103529766201973
ThighTheta=0.116279773414135
LowerLegAlpha=0.0499798879027367
LowerLegTheta=0.00340002961456776
