[%General]
Highest=141
CenterX=35.7325436854363
CenterY=212.439711954736
XWidth=52

[LeftLeg]
ThighAlpha=-0.0999597683548927
ThighTheta=-0.491638839244843
LowerLegAlpha=-0.0107099711894989
LowerLegTheta=-0.418199002742767

[RightLeg]
ThighAlpha=-0.00356999039649963
ThighTheta=0.478038966655731
LowerLegAlpha=0.021419957280159
LowerLegTheta=0.212839543819427
