[%General]
Highest=142
CenterX=36.343882281798
CenterY=251.184454126804
XWidth=49

[LeftLeg]
ThighAlpha=-0.0392699092626572
ThighTheta=0.454919010400772
LowerLegAlpha=0.00356999784708023
LowerLegTheta=0.212839543819427

[RightLeg]
ThighAlpha=0.0142799690365791
ThighTheta=-0.192439526319504
LowerLegAlpha=0.0821098163723946
LowerLegTheta=-0.0999597311019897
