[%General]
Highest=144
CenterX=38.0351421886249
CenterY=38.0584503239741
XWidth=50

[LeftLeg]
ThighAlpha=-0.00713998079299927
ThighTheta=0.249106109142303
LowerLegAlpha=-0.0999597683548927
LowerLegTheta=-0.106306403875351

[RightLeg]
ThighAlpha=0.121379725635052
ThighTheta=-0.318919241428375
LowerLegAlpha=-0.0392699092626572
LowerLegTheta=-0.391905754804611
