[%General]
Highest=139
CenterX=36.1280664628889
CenterY=261.054534054393
XWidth=48

[LeftLeg]
ThighAlpha=-0.0785398185253143
ThighTheta=0.567798733711243
LowerLegAlpha=-0.0856797993183136
LowerLegTheta=0.49163892865181

[RightLeg]
ThighAlpha=0.0321299284696579
ThighTheta=-0.431798994541168
LowerLegAlpha=0.0606898665428162
LowerLegTheta=-0.0564398318529129
