[%General]
Highest=144
CenterX=36.9271090542238
CenterY=237.751866013856
XWidth=50

[LeftLeg]
ThighAlpha=-0.0428398996591568
ThighTheta=0.179292947053909
LowerLegAlpha=0.021419957280159
LowerLegTheta=-0.677505135536194

[RightLeg]
ThighAlpha=0.103529766201973
ThighTheta=0.106306441128254
LowerLegAlpha=0.0678298473358154
LowerLegTheta=0.0333199352025986
