[%General]
Highest=147
CenterX=35.2913020489095
CenterY=166.256497025777
XWidth=55

[LeftLeg]
ThighAlpha=-0.117809727787971
ThighTheta=0.249106109142303
LowerLegAlpha=-0.0678298398852348
LowerLegTheta=-0.106306403875351

[RightLeg]
ThighAlpha=0.121379725635052
ThighTheta=-0.10313306748867
LowerLegAlpha=-0.0999597683548927
LowerLegTheta=-0.541052103042603
