[%General]
Highest=143
CenterX=36.3577516202379
CenterY=244.354951972901
XWidth=49

[LeftLeg]
ThighAlpha=-0.0999597683548927
ThighTheta=0.46171897649765
LowerLegAlpha=0.021419957280159
LowerLegTheta=-0.255452752113342

[RightLeg]
ThighAlpha=0.0285599380731583
ThighTheta=-0.106306403875351
LowerLegAlpha=0.0821098163723946
LowerLegTheta=0.0333199352025986
