[%General]
Highest=147
CenterX=35.2913020489095
CenterY=166.256497025777
XWidth=55

[LeftLeg]
ThighAlpha=-0.117809727787971
ThighTheta=0.199239581823349
LowerLegAlpha=-0.0856797993183136
LowerLegTheta=0.00340002961456776

[RightLeg]
ThighAlpha=0.121379725635052
ThighTheta=-0.123079679906368
LowerLegAlpha=-0.0999597683548927
LowerLegTheta=-0.501158833503723
