[%General]
Highest=146
CenterX=38.2328009291057
CenterY=52.2483484646028
XWidth=50

[LeftLeg]
ThighAlpha=-0.0285599306225777
ThighTheta=-0.106306403875351
LowerLegAlpha=-0.157079637050629
LowerLegTheta=-0.182466238737106

[RightLeg]
ThighAlpha=0.0821098163723946
ThighTheta=0.31891930103302
LowerLegAlpha=-0.121379718184471
LowerLegTheta=-0.2459327429533
