[%General]
Highest=145
CenterX=38.0684988997527
CenterY=41.3205916381207
XWidth=50

[LeftLeg]
ThighAlpha=-0.00356999039649963
ThighTheta=0.249106109142303
LowerLegAlpha=-0.157079637050629
LowerLegTheta=-0.2459327429533

[RightLeg]
ThighAlpha=-0.0392699092626572
ThighTheta=0.0364932715892792
LowerLegAlpha=0.0999597758054733
LowerLegTheta=-0.677505135536194
