[%General]
Highest=137
CenterX=34.9074440326414
CenterY=282.292675630308
XWidth=46

[LeftLeg]
ThighAlpha=-0.0981747731566429
ThighTheta=0.549778699874878
LowerLegAlpha=-0.0589048638939857
LowerLegTheta=0

[RightLeg]
ThighAlpha=-0.0196349546313286
ThighTheta=-0.314159274101257
LowerLegAlpha=0.0785398185253143
LowerLegTheta=-0.628318548202515
