[%General]
Highest=146
CenterX=37.388975278056
CenterY=121.102986136735
XWidth=54

[LeftLeg]
ThighAlpha=-0.0785398185253143
ThighTheta=0.424999058246613
LowerLegAlpha=0.021419957280159
LowerLegTheta=0.0401199460029602

[RightLeg]
ThighAlpha=0.0321299284696579
ThighTheta=-0.169319570064545
LowerLegAlpha=0.021419957280159
LowerLegTheta=-0.146199628710747
