[%General]
Highest=145
CenterX=35.884010529618
CenterY=180.782219676201
XWidth=55

[LeftLeg]
ThighAlpha=-0.0999597683548927
ThighTheta=-0.0632398128509521
LowerLegAlpha=-0.157079637050629
LowerLegTheta=-0.132599666714668

[RightLeg]
ThighAlpha=0.0321299284696579
ThighTheta=0.401879131793976
LowerLegAlpha=0.00356999784708023
LowerLegTheta=-0.215559482574463
