[%General]
Highest=143
CenterX=37.0976356957465
CenterY=226.699661026565
XWidth=51

[LeftLeg]
ThighAlpha=-0.0214199498295784
ThighTheta=-0.109479710459709
LowerLegAlpha=-0.0321299210190773
LowerLegTheta=-0.81395810842514

[RightLeg]
ThighAlpha=0.046409897506237
ThighTheta=0.282199382781982
LowerLegAlpha=0.00356999784708023
LowerLegTheta=0.0863598436117172
