[%General]
Highest=141
CenterX=35.7325436854363
CenterY=212.439711954736
XWidth=52

[LeftLeg]
ThighAlpha=-0.0981747731566429
ThighTheta=-0.471238911151886
LowerLegAlpha=0
LowerLegTheta=-0.431968986988068

[RightLeg]
ThighAlpha=-0.0392699092626572
ThighTheta=0.431968986988068
LowerLegAlpha=0.0981747731566429
LowerLegTheta=0.353429168462753
