[%General]
Highest=145
CenterX=37.6595998219103
CenterY=127.607940706597
XWidth=55

[LeftLeg]
ThighAlpha=-0.0606898590922356
ThighTheta=0.46489229798317
LowerLegAlpha=-0.0999597683548927
LowerLegTheta=0.388732463121414

[RightLeg]
ThighAlpha=0.0678298473358154
ThighTheta=-0.322092592716217
LowerLegAlpha=0.021419957280159
LowerLegTheta=-0.106306403875351
