[%General]
Highest=142
CenterX=36.322590998614
CenterY=219.876883798964
XWidth=51

[LeftLeg]
ThighAlpha=-0.0606898590922356
ThighTheta=-0.259079366922379
LowerLegAlpha=0.0249899476766586
LowerLegTheta=-0.896917939186096

[RightLeg]
ThighAlpha=0.0142799690365791
ThighTheta=0.448119014501572
LowerLegAlpha=0.021419957280159
LowerLegTheta=0.070039875805378
