[%General]
Highest=146
CenterX=38.3304395352976
CenterY=100.290502580268
XWidth=54

[LeftLeg]
ThighAlpha=-0.00713998079299927
ThighTheta=0.0863598436117172
LowerLegAlpha=0.021419957280159
LowerLegTheta=-1.09955739974976

[RightLeg]
ThighAlpha=0.0499798879027367
ThighTheta=0.295799374580383
LowerLegAlpha=0.0606898665428162
LowerLegTheta=-0.123079679906368
