[%General]
Highest=143
CenterX=37.0487071557426
CenterY=140.456543931533
XWidth=55

[LeftLeg]
ThighAlpha=-0.0981747731566429
ThighTheta=0.549778699874878
LowerLegAlpha=-0.0785398185253143
LowerLegTheta=0.353429168462753

[RightLeg]
ThighAlpha=0.0981747731566429
ThighTheta=-0.431968986988068
LowerLegAlpha=0.0196349546313286
LowerLegTheta=-0.314159274101257
