[%General]
Highest=145
CenterX=37.6595998219103
CenterY=127.607940706597
XWidth=55

[LeftLeg]
ThighAlpha=-0.0785398185253143
ThighTheta=0.484838932752609
LowerLegAlpha=-0.082109808921814
LowerLegTheta=0.34883925318718

[RightLeg]
ThighAlpha=0.0678298473358154
ThighTheta=-0.312119245529175
LowerLegAlpha=0.021419957280159
LowerLegTheta=-0.176119565963745
