[%General]
Highest=137
CenterX=35.8793182638365
CenterY=267.177454807913
XWidth=48

[LeftLeg]
ThighAlpha=-0.117809727787971
ThighTheta=0.607692003250122
LowerLegAlpha=-0.0678298398852348
LowerLegTheta=0.391905784606934

[RightLeg]
ThighAlpha=0.0499798879027367
ThighTheta=-0.461718916893005
LowerLegAlpha=0.0606898665428162
LowerLegTheta=-0.255452752113342
