[%General]
Highest=142
CenterX=38.1575590896409
CenterY=25.5605776768039
XWidth=47

[LeftLeg]
ThighAlpha=-0.0642598494887352
ThighTheta=0.391905784606934
LowerLegAlpha=-0.0678298398852348
LowerLegTheta=0.103133104741573

[RightLeg]
ThighAlpha=0.0142799690365791
ThighTheta=-0.461718916893005
LowerLegAlpha=0.0428399071097374
LowerLegTheta=-0.325265914201736
