[%General]
Highest=144
CenterX=38.4203338001567
CenterY=63.241728874099
XWidth=50

[LeftLeg]
ThighAlpha=-0.0285599306225777
ThighTheta=-0.315745919942856
LowerLegAlpha=-0.0321299210190773
LowerLegTheta=-0.112653076648712

[RightLeg]
ThighAlpha=0.0142799690365791
ThighTheta=0.46489229798317
LowerLegAlpha=-0.0142799615859985
LowerLegTheta=0.030146598815918
