[%General]
Highest=140
CenterX=36.2726193961997
CenterY=257.962767187043
XWidth=49

[LeftLeg]
ThighAlpha=-0.0107099711894989
ThighTheta=0.534705460071564
LowerLegAlpha=-0.13922968506813
LowerLegTheta=0.46171897649765

[RightLeg]
ThighAlpha=0.0142799690365791
ThighTheta=-0.322092592716217
LowerLegAlpha=0.0642598569393158
LowerLegTheta=-0.172946244478226
