[%General]
Highest=143
CenterX=38.083362530982
CenterY=28.9491182310118
XWidth=48

[LeftLeg]
ThighAlpha=-0.0606898590922356
ThighTheta=0.395079135894775
LowerLegAlpha=-0.0856797993183136
LowerLegTheta=0.030146598815918

[RightLeg]
ThighAlpha=0.0856798067688942
ThighTheta=-0.391905754804611
LowerLegAlpha=0.0428399071097374
LowerLegTheta=-0.464892268180847
