[%General]
Highest=137
CenterX=34.9074440326414
CenterY=282.292675630308
XWidth=46

[LeftLeg]
ThighAlpha=-0.0981747731566429
ThighTheta=0.589048624038696
LowerLegAlpha=-0.0981747731566429
LowerLegTheta=0.0392699092626572

[RightLeg]
ThighAlpha=-0.0196349546313286
ThighTheta=-0.353429168462753
LowerLegAlpha=0.0785398185253143
LowerLegTheta=-0.589048624038696
