[%General]
Highest=146
CenterX=35.2675411311564
CenterY=162.820227396064
XWidth=54

[LeftLeg]
ThighAlpha=-0.0785398185253143
ThighTheta=0.179292947053909
LowerLegAlpha=-0.121379718184471
LowerLegTheta=0.245932787656784

[RightLeg]
ThighAlpha=0.0856798067688942
ThighTheta=-0.2459327429533
LowerLegAlpha=-0.0499798804521561
LowerLegTheta=-0.541052103042603
