[%General]
Highest=147
CenterX=37.5212162044142
CenterY=110.79269129518
XWidth=52

[LeftLeg]
ThighAlpha=-0.0606898590922356
ThighTheta=0.31891930103302
LowerLegAlpha=0.021419957280159
LowerLegTheta=-0.820304751396179

[RightLeg]
ThighAlpha=0.0499798879027367
ThighTheta=0.0364932715892792
LowerLegAlpha=0.021419957280159
LowerLegTheta=-0.106306403875351
