[%General]
Highest=146
CenterX=38.0462588505454
CenterY=103.33826624992
XWidth=53

[LeftLeg]
ThighAlpha=-0.024989940226078
ThighTheta=0.179292947053909
LowerLegAlpha=-0.0142799615859985
LowerLegTheta=-0.956757783889771

[RightLeg]
ThighAlpha=0.0678298473358154
ThighTheta=0.179292947053909
LowerLegAlpha=0.021419957280159
LowerLegTheta=-0.0364932343363762
