[%General]
Highest=136
CenterX=35.6086428908515
CenterY=270.20852153981
XWidth=46

[LeftLeg]
ThighAlpha=-0.0999597683548927
ThighTheta=0.677505135536194
LowerLegAlpha=-0.0499798804521561
LowerLegTheta=0.245932787656784

[RightLeg]
ThighAlpha=0.0321299284696579
ThighTheta=-0.461718916893005
LowerLegAlpha=0.021419957280159
LowerLegTheta=-0.322092592716217
