[%General]
Highest=142
CenterX=35.4069722567643
CenterY=204.89838914855
XWidth=54

[LeftLeg]
ThighAlpha=-0.117809727787971
ThighTheta=-0.464892268180847
LowerLegAlpha=0.00713998824357986
LowerLegTheta=-0.255452752113342

[RightLeg]
ThighAlpha=0.0107099786400795
ThighTheta=0.534705460071564
LowerLegAlpha=0.00356999784708023
LowerLegTheta=0.388732463121414
