[%General]
Highest=142
CenterX=36.6743460764588
CenterY=223.252127048002
XWidth=51

[LeftLeg]
ThighAlpha=-0.0464098900556564
ThighTheta=-0.106306403875351
LowerLegAlpha=-0.0142799615859985
LowerLegTheta=-1.09955739974976

[RightLeg]
ThighAlpha=0.0321299284696579
ThighTheta=0.391905784606934
LowerLegAlpha=0.0606898665428162
LowerLegTheta=0.0364932715892792
