[%General]
Highest=146
CenterX=38.3979445281597
CenterY=48.9331795064984
XWidth=50

[LeftLeg]
ThighAlpha=-0.0196349546313286
ThighTheta=-0.0392699092626572
LowerLegAlpha=-0.0981747731566429
LowerLegTheta=-0.196349546313286

[RightLeg]
ThighAlpha=0.0981747731566429
ThighTheta=0.235619455575943
LowerLegAlpha=0.0981747731566429
LowerLegTheta=-0.0785398185253143
