[%General]
Highest=147
CenterX=37.6304198735045
CenterY=114.479806446697
XWidth=52

[LeftLeg]
ThighAlpha=-0.082109808921814
ThighTheta=0.322092622518539
LowerLegAlpha=0.021419957280159
LowerLegTheta=-0.322092592716217

[RightLeg]
ThighAlpha=0.0321299284696579
ThighTheta=0.0364932715892792
LowerLegAlpha=0.121379725635052
LowerLegTheta=-0.2459327429533
