[%General]
Highest=144
CenterX=35.8531886207361
CenterY=184.384737764595
XWidth=55

[LeftLeg]
ThighAlpha=-0.082109808921814
ThighTheta=-0.139399647712708
LowerLegAlpha=-0.121379718184471
LowerLegTheta=-0.206039488315582

[RightLeg]
ThighAlpha=-0.00356999039649963
ThighTheta=0.371959179639816
LowerLegAlpha=0.021419957280159
LowerLegTheta=0.116279773414135
