[%General]
Highest=146
CenterX=37.7044196819832
CenterY=106.975885814448
XWidth=52

[LeftLeg]
ThighAlpha=-0.0785398185253143
ThighTheta=0.196349546313286
LowerLegAlpha=0.0981747731566429
LowerLegTheta=-0.785398185253143

[RightLeg]
ThighAlpha=0.0392699092626572
ThighTheta=0.157079637050629
LowerLegAlpha=0.0981747731566429
LowerLegTheta=-0.157079637050629
