[%General]
Highest=144
CenterX=38.4274879763226
CenterY=86.3588208868453
XWidth=54

[LeftLeg]
ThighAlpha=-0.024989940226078
ThighTheta=-0.391905754804611
LowerLegAlpha=0.0249899476766586
LowerLegTheta=-0.537878751754761

[RightLeg]
ThighAlpha=0.0856798067688942
ThighTheta=0.534705460071564
LowerLegAlpha=0.0107099786400795
LowerLegTheta=0.0364932715892792
