[%General]
Highest=146
CenterX=37.7044196819832
CenterY=106.975885814448
XWidth=52

[LeftLeg]
ThighAlpha=-0.0642598494887352
ThighTheta=0.249106109142303
LowerLegAlpha=0.0606898665428162
LowerLegTheta=-0.959931075572968

[RightLeg]
ThighAlpha=0.0499798879027367
ThighTheta=0.106306441128254
LowerLegAlpha=0.0606898665428162
LowerLegTheta=-0.10313306748867
