[%General]
Highest=143
CenterX=38.1430892938826
CenterY=32.1310157209235
XWidth=49

[LeftLeg]
ThighAlpha=0.0196349546313286
ThighTheta=0.353429168462753
LowerLegAlpha=-0.0981747731566429
LowerLegTheta=0

[RightLeg]
ThighAlpha=0.0785398185253143
ThighTheta=-0.235619455575943
LowerLegAlpha=0.0589048638939857
LowerLegTheta=-0.746128261089325
