[%General]
Highest=136
CenterX=35.6086428908515
CenterY=270.20852153981
XWidth=46

[LeftLeg]
ThighAlpha=-0.117809727787971
ThighTheta=0.687478482723236
LowerLegAlpha=-0.0142799615859985
LowerLegTheta=0.235959500074387

[RightLeg]
ThighAlpha=0.0321299284696579
ThighTheta=-0.461718916893005
LowerLegAlpha=0.021419957280159
LowerLegTheta=-0.312119245529175
