[%General]
Highest=142
CenterX=36.322590998614
CenterY=219.876883798964
XWidth=51

[LeftLeg]
ThighAlpha=-0.0606898590922356
ThighTheta=-0.249106079339981
LowerLegAlpha=0.0249899476766586
LowerLegTheta=-0.886944591999054

[RightLeg]
ThighAlpha=0.0499798879027367
ThighTheta=0.468065619468689
LowerLegAlpha=0.00356999784708023
LowerLegTheta=0.030146598815918
