[%General]
Highest=143
CenterX=37.2471694900826
CenterY=233.964600891008
XWidth=50

[LeftLeg]
ThighAlpha=-0.0499798804521561
ThighTheta=0.199239581823349
LowerLegAlpha=0.00356999784708023
LowerLegTheta=-0.860197961330414

[RightLeg]
ThighAlpha=0.103529766201973
ThighTheta=0.222359538078308
LowerLegAlpha=0.0249899476766586
LowerLegTheta=-0.10267972946167
