[%General]
Highest=142
CenterX=35.3885184071716
CenterY=194.58190986362
XWidth=55

[LeftLeg]
ThighAlpha=-0.117809727787971
ThighTheta=-0.401879042387009
LowerLegAlpha=0.00356999784708023
LowerLegTheta=-0.0632398128509521

[RightLeg]
ThighAlpha=-0.0785398185253143
ThighTheta=0.46171897649765
LowerLegAlpha=0.021419957280159
LowerLegTheta=0.514758884906769
