[%General]
Highest=146
CenterX=37.7044196819832
CenterY=106.975885814448
XWidth=52

[LeftLeg]
ThighAlpha=-0.0642598494887352
ThighTheta=0.259079456329346
LowerLegAlpha=0.0606898665428162
LowerLegTheta=-0.979877710342407

[RightLeg]
ThighAlpha=0.0499798879027367
ThighTheta=0.146199703216553
LowerLegAlpha=0.0606898665428162
LowerLegTheta=-0.152999609708786
