[%General]
Highest=144
CenterX=38.5311975026125
CenterY=90.2756517943359
XWidth=55

[LeftLeg]
ThighAlpha=-0.024989940226078
ThighTheta=-0.322092592716217
LowerLegAlpha=0.021419957280159
LowerLegTheta=-0.677505135536194

[RightLeg]
ThighAlpha=0.103529766201973
ThighTheta=0.46489229798317
LowerLegAlpha=0.00356999784708023
LowerLegTheta=0.0333199352025986
