[%General]
Highest=144
CenterX=35.8531886207361
CenterY=184.384737764595
XWidth=55

[LeftLeg]
ThighAlpha=-0.0999597683548927
ThighTheta=-0.179292917251587
LowerLegAlpha=-0.103529758751392
LowerLegTheta=-0.106306403875351

[RightLeg]
ThighAlpha=-0.0214199498295784
ThighTheta=0.391905784606934
LowerLegAlpha=0.00356999784708023
LowerLegTheta=0.176119610667229
