[%General]
Highest=141
CenterX=36.4867868713903
CenterY=147.186462882096
XWidth=55

[LeftLeg]
ThighAlpha=-0.0606898590922356
ThighTheta=0.534705460071564
LowerLegAlpha=-0.13922968506813
LowerLegTheta=0.249106109142303

[RightLeg]
ThighAlpha=0.103529766201973
ThighTheta=-0.391905754804611
LowerLegAlpha=0.0249899476766586
LowerLegTheta=-0.468065589666367
