[%General]
Highest=142
CenterX=38.1575590896409
CenterY=25.5605776768039
XWidth=47

[LeftLeg]
ThighAlpha=-0.0785398185253143
ThighTheta=0.392699092626572
LowerLegAlpha=-0.0589048638939857
LowerLegTheta=0.117809727787971

[RightLeg]
ThighAlpha=0.0785398185253143
ThighTheta=-0.589048624038696
LowerLegAlpha=-0.0196349546313286
LowerLegTheta=-0.157079637050629
