[%General]
Highest=141
CenterX=35.4073538788523
CenterY=201.424512929508
XWidth=54

[LeftLeg]
ThighAlpha=-0.0785398185253143
ThighTheta=-0.464892268180847
LowerLegAlpha=-0.0321299210190773
LowerLegTheta=-0.24275940656662

[RightLeg]
ThighAlpha=-0.0392699092626572
ThighTheta=0.534705460071564
LowerLegAlpha=0.0428399071097374
LowerLegTheta=0.46171897649765
