[%General]
Highest=146
CenterX=38.0462588505454
CenterY=103.33826624992
XWidth=53

[LeftLeg]
ThighAlpha=-0.0589048638939857
ThighTheta=0.0785398185253143
LowerLegAlpha=0.0981747731566429
LowerLegTheta=-0.785398185253143

[RightLeg]
ThighAlpha=0.0392699092626572
ThighTheta=0.196349546313286
LowerLegAlpha=0.0981747731566429
LowerLegTheta=-0.0392699092626572
