[%General]
Highest=142
CenterX=38.1078293226808
CenterY=22.3690028318536
XWidth=47

[LeftLeg]
ThighAlpha=-0.0606898590922356
ThighTheta=0.395079135894775
LowerLegAlpha=-0.0678298398852348
LowerLegTheta=0.172946274280548

[RightLeg]
ThighAlpha=0.0107099786400795
ThighTheta=-0.534705400466919
LowerLegAlpha=0.0821098163723946
LowerLegTheta=-0.106306403875351
