[%General]
Highest=146
CenterX=38.2328009291057
CenterY=52.2483484646028
XWidth=50

[LeftLeg]
ThighAlpha=-0.0285599306225777
ThighTheta=-0.0863597691059113
LowerLegAlpha=-0.157079637050629
LowerLegTheta=-0.192439526319504

[RightLeg]
ThighAlpha=0.0999597758054733
ThighTheta=0.31891930103302
LowerLegAlpha=-0.13922968506813
LowerLegTheta=-0.235959425568581
