[%General]
Highest=137
CenterX=34.9074440326414
CenterY=282.292675630308
XWidth=46

[LeftLeg]
ThighAlpha=-0.157079637050629
ThighTheta=0.544678807258606
LowerLegAlpha=0.021419957280159
LowerLegTheta=0.0632398948073387

[RightLeg]
ThighAlpha=0.0142799690365791
ThighTheta=-0.371959120035172
LowerLegAlpha=0.00713998824357986
LowerLegTheta=-0.544678747653961
