[%General]
Highest=147
CenterX=37.6304198735045
CenterY=114.479806446697
XWidth=52

[LeftLeg]
ThighAlpha=-0.082109808921814
ThighTheta=0.282199382781982
LowerLegAlpha=0.021419957280159
LowerLegTheta=-0.312119245529175

[RightLeg]
ThighAlpha=0.0499798879027367
ThighTheta=-0.00339995324611664
LowerLegAlpha=0.103529766201973
LowerLegTheta=-0.176119565963745
