[%General]
Highest=144
CenterX=38.4203338001567
CenterY=63.241728874099
XWidth=50

[LeftLeg]
ThighAlpha=0.0196349546313286
ThighTheta=-0.274889349937439
LowerLegAlpha=-0.0785398185253143
LowerLegTheta=-0.235619455575943

[RightLeg]
ThighAlpha=0.0196349546313286
ThighTheta=0.431968986988068
LowerLegAlpha=-0.0196349546313286
LowerLegTheta=0.157079637050629
