[%General]
Highest=147
CenterX=35.2913020489095
CenterY=166.256497025777
XWidth=55

[LeftLeg]
ThighAlpha=-0.0981747731566429
ThighTheta=0.196349546313286
LowerLegAlpha=-0.0981747731566429
LowerLegTheta=0

[RightLeg]
ThighAlpha=0.0785398185253143
ThighTheta=-0.0785398185253143
LowerLegAlpha=-0.0196349546313286
LowerLegTheta=-0.549778699874878
