[%General]
Highest=137
CenterX=35.4017863184248
CenterY=273.811709181947
XWidth=47

[LeftLeg]
ThighAlpha=-0.0999597683548927
ThighTheta=0.677505135536194
LowerLegAlpha=-0.0678298398852348
LowerLegTheta=0.176119610667229

[RightLeg]
ThighAlpha=0.0285599380731583
ThighTheta=-0.391905754804611
LowerLegAlpha=0.021419957280159
LowerLegTheta=-0.464892268180847
