[%General]
Highest=144
CenterX=37.5184487191568
CenterY=130.619583507209
XWidth=54

[LeftLeg]
ThighAlpha=-0.0999597683548927
ThighTheta=0.534705460071564
LowerLegAlpha=-0.0464098900556564
LowerLegTheta=0.31891930103302

[RightLeg]
ThighAlpha=0.046409897506237
ThighTheta=-0.318919241428375
LowerLegAlpha=0.0428399071097374
LowerLegTheta=-0.2522794008255
