[%General]
Highest=142
CenterX=38.1078293226808
CenterY=22.3690028318536
XWidth=47

[LeftLeg]
ThighAlpha=-0.0785398185253143
ThighTheta=0.395079135894775
LowerLegAlpha=-0.0499798804521561
LowerLegTheta=0.18291962146759

[RightLeg]
ThighAlpha=0.046409897506237
ThighTheta=-0.574598670005798
LowerLegAlpha=0.0107099786400795
LowerLegTheta=-0.0564398318529129
