[%General]
Highest=137
CenterX=35.4017863184248
CenterY=273.811709181947
XWidth=47

[LeftLeg]
ThighAlpha=-0.117809727787971
ThighTheta=0.657558560371399
LowerLegAlpha=-0.0499798804521561
LowerLegTheta=0.176119640469551

[RightLeg]
ThighAlpha=0.0285599380731583
ThighTheta=-0.431798994541168
LowerLegAlpha=0.021419957280159
LowerLegTheta=-0.395079076290131
