[%General]
Highest=145
CenterX=38.5324440136714
CenterY=97.3281257970719
XWidth=55

[LeftLeg]
ThighAlpha=-0.024989940226078
ThighTheta=-0.0795597806572914
LowerLegAlpha=0.021419957280159
LowerLegTheta=-0.920037806034088

[RightLeg]
ThighAlpha=0.0856798067688942
ThighTheta=0.342039257287979
LowerLegAlpha=0.021419957280159
LowerLegTheta=-0.0496398508548737
