[%General]
Highest=143
CenterX=35.9690267920999
CenterY=155.301411123948
XWidth=55

[LeftLeg]
ThighAlpha=-0.0999597683548927
ThighTheta=0.468065619468689
LowerLegAlpha=-0.0499798804521561
LowerLegTheta=0.030146598815918

[RightLeg]
ThighAlpha=0.0821098163723946
ThighTheta=-0.2522794008255
LowerLegAlpha=0.046409897506237
LowerLegTheta=-0.744144916534424
