[%General]
Highest=145
CenterX=37.6490361175897
CenterY=124.196057503525
XWidth=55

[LeftLeg]
ThighAlpha=-0.0785398185253143
ThighTheta=0.46171897649765
LowerLegAlpha=0.021419957280159
LowerLegTheta=0.176119610667229

[RightLeg]
ThighAlpha=0.0499798879027367
ThighTheta=-0.249106079339981
LowerLegAlpha=0.0428399071097374
LowerLegTheta=-0.182466238737106
