[%General]
Highest=136
CenterX=35.6086428908515
CenterY=270.20852153981
XWidth=46

[LeftLeg]
ThighAlpha=-0.0981747731566429
ThighTheta=0.667588412761688
LowerLegAlpha=-0.0785398185253143
LowerLegTheta=0.314159274101257

[RightLeg]
ThighAlpha=0.0196349546313286
ThighTheta=-0.471238911151886
LowerLegAlpha=0.0785398185253143
LowerLegTheta=-0.274889349937439
