[%General]
Highest=143
CenterX=36.3867836765071
CenterY=247.734944802778
XWidth=50

[LeftLeg]
ThighAlpha=-0.0606898590922356
ThighTheta=0.46489229798317
LowerLegAlpha=0.00356999784708023
LowerLegTheta=-0.112653076648712

[RightLeg]
ThighAlpha=-0.00356999039649963
ThighTheta=-0.106306403875351
LowerLegAlpha=0.121379725635052
LowerLegTheta=-0.109479740262032
