[%General]
Highest=143
CenterX=37.0976356957465
CenterY=226.699661026565
XWidth=51

[LeftLeg]
ThighAlpha=-0.0214199498295784
ThighTheta=-0.109479740262032
LowerLegAlpha=-0.0321299210190773
LowerLegTheta=-0.81395810842514

[RightLeg]
ThighAlpha=0.0642598569393158
ThighTheta=0.322092622518539
LowerLegAlpha=0.021419957280159
LowerLegTheta=-0.0333198979496956
