[%General]
Highest=142
CenterX=36.9060928613383
CenterY=143.715828832572
XWidth=55

[LeftLeg]
ThighAlpha=-0.0999597683548927
ThighTheta=0.59771865606308
LowerLegAlpha=-0.121379718184471
LowerLegTheta=0.212839543819427

[RightLeg]
ThighAlpha=0.0856798067688942
ThighTheta=-0.401879042387009
LowerLegAlpha=0.0249899476766586
LowerLegTheta=-0.418199002742767
