[%General]
Highest=143
CenterX=38.3818095016903
CenterY=66.2263941575701
XWidth=51

[LeftLeg]
ThighAlpha=-0.0196349546313286
ThighTheta=-0.353429168462753
LowerLegAlpha=-0.0196349546313286
LowerLegTheta=-0.196349546313286

[RightLeg]
ThighAlpha=0.0196349546313286
ThighTheta=0.471238911151886
LowerLegAlpha=0
LowerLegTheta=0.314159274101257
