[%General]
Highest=141
CenterX=36.2823260798658
CenterY=254.596725843779
XWidth=48

[LeftLeg]
ThighAlpha=-0.0606898590922356
ThighTheta=0.534705460071564
LowerLegAlpha=-0.0321299210190773
LowerLegTheta=0.31891930103302

[RightLeg]
ThighAlpha=0.0285599380731583
ThighTheta=-0.249106079339981
LowerLegAlpha=0.021419957280159
LowerLegTheta=-0.176119565963745
