[%General]
Highest=136
CenterX=35.1427035923618
CenterY=277.838284936936
XWidth=46

[LeftLeg]
ThighAlpha=-0.0785398185253143
ThighTheta=0.674331784248352
LowerLegAlpha=-0.121379718184471
LowerLegTheta=0.0364932715892792

[RightLeg]
ThighAlpha=-0.00356999039649963
ThighTheta=-0.391905754804611
LowerLegAlpha=0.0821098163723946
LowerLegTheta=-0.534705400466919
