[%General]
Highest=144
CenterX=36.9271090542238
CenterY=237.751866013856
XWidth=50

[LeftLeg]
ThighAlpha=-0.0785398185253143
ThighTheta=0.274889349937439
LowerLegAlpha=0.0981747731566429
LowerLegTheta=-0.746128261089325

[RightLeg]
ThighAlpha=0.0981747731566429
ThighTheta=0.117809727787971
LowerLegAlpha=0.0589048638939857
LowerLegTheta=-0.0392699092626572
