[%General]
Highest=142
CenterX=37.3490482021596
CenterY=136.948973060225
XWidth=55

[LeftLeg]
ThighAlpha=-0.0606898590922356
ThighTheta=0.60451865196228
LowerLegAlpha=-0.13922968506813
LowerLegTheta=0.391905784606934

[RightLeg]
ThighAlpha=0.0499798879027367
ThighTheta=-0.318919241428375
LowerLegAlpha=0.0428399071097374
LowerLegTheta=-0.541052103042603
