[%General]
Highest=142
CenterX=36.343882281798
CenterY=251.184454126804
XWidth=49

[LeftLeg]
ThighAlpha=-0.0392699092626572
ThighTheta=0.46489229798317
LowerLegAlpha=0.00356999784708023
LowerLegTheta=0.103133104741573

[RightLeg]
ThighAlpha=0.0142799690365791
ThighTheta=-0.182466238737106
LowerLegAlpha=0.0821098163723946
LowerLegTheta=-0.0999597311019897
