[%General]
Highest=143
CenterX=38.1430892938826
CenterY=32.1310157209235
XWidth=49

[LeftLeg]
ThighAlpha=0.0107099786400795
ThighTheta=0.322092622518539
LowerLegAlpha=-0.13922968506813
LowerLegTheta=0.0333199352025986

[RightLeg]
ThighAlpha=0.103529766201973
ThighTheta=-0.2522794008255
LowerLegAlpha=-0.0142799615859985
LowerLegTheta=-0.744144916534424
