[%General]
Highest=167
CenterX=39.4536878674506
CenterY=100.994347942277
XWidth=57

[LeftLeg]
ThighAlpha=-0.0999597683548927
ThighTheta=0.391905784606934
LowerLegAlpha=-0.0142799615859985
LowerLegTheta=0.176119610667229

[RightLeg]
ThighAlpha=0.13922968506813
ThighTheta=-0.391905754804611
LowerLegAlpha=-0.0464098900556564
LowerLegTheta=-0.179292917251587
