[%General]
Highest=167
CenterX=37.4639271259894
CenterY=21.355416005062
XWidth=49

[LeftLeg]
ThighAlpha=-0.0392699092626572
ThighTheta=-0.196349546313286
LowerLegAlpha=-0.0981747731566429
LowerLegTheta=-0.157079637050629

[RightLeg]
ThighAlpha=0.0589048638939857
ThighTheta=0.274889349937439
LowerLegAlpha=-0.0196349546313286
LowerLegTheta=-0.510508835315704
