[%General]
Highest=155
CenterX=35.8603563311093
CenterY=290.474023022216
XWidth=44

[LeftLeg]
ThighAlpha=-0.0642598494887352
ThighTheta=-0.0364932343363762
LowerLegAlpha=-0.157079637050629
LowerLegTheta=0.179292947053909

[RightLeg]
ThighAlpha=0.13922968506813
ThighTheta=0.106306441128254
LowerLegAlpha=0.0821098163723946
LowerLegTheta=0.0333199352025986
