[%General]
Highest=164
CenterX=39.0985892388451
CenterY=54.4571850393701
XWidth=51

[LeftLeg]
ThighAlpha=0.0196349546313286
ThighTheta=-0.392699092626572
LowerLegAlpha=0
LowerLegTheta=-0.706858336925507

[RightLeg]
ThighAlpha=0.0785398185253143
ThighTheta=0.431968986988068
LowerLegAlpha=-0.0196349546313286
LowerLegTheta=0.0785398185253143
