[%General]
Highest=166
CenterX=40.7964486407128
CenterY=227.257378626031
XWidth=53

[LeftLeg]
ThighAlpha=-0.0392699092626572
ThighTheta=0.249106109142303
LowerLegAlpha=-0.0856797993183136
LowerLegTheta=-0.537878751754761

[RightLeg]
ThighAlpha=0.13922968506813
ThighTheta=-0.0364932343363762
LowerLegAlpha=0.0821098163723946
LowerLegTheta=-0.030146561563015
