[%General]
Highest=165
CenterX=40.6352588852589
CenterY=62.9348455598456
XWidth=54

[LeftLeg]
ThighAlpha=0.0321299284696579
ThighTheta=-0.312119245529175
LowerLegAlpha=0.021419957280159
LowerLegTheta=-0.777238190174103

[RightLeg]
ThighAlpha=0.121379725635052
ThighTheta=0.34883925318718
LowerLegAlpha=-0.0107099711894989
LowerLegTheta=-0.0632398128509521
