[%General]
Highest=163
CenterX=38.3691592139074
CenterY=114.633238110277
XWidth=58

[LeftLeg]
ThighAlpha=-0.0785398185253143
ThighTheta=0.514758884906769
LowerLegAlpha=-0.13922968506813
LowerLegTheta=0.312119334936142

[RightLeg]
ThighAlpha=0.121379725635052
ThighTheta=-0.461718916893005
LowerLegAlpha=0.0606898665428162
LowerLegTheta=-0.484838873147964
