[%General]
Highest=167
CenterX=41.430209653338
CenterY=70.3693838374967
XWidth=53

[LeftLeg]
ThighAlpha=0.0678298473358154
ThighTheta=-0.2522794008255
LowerLegAlpha=-0.0142799615859985
LowerLegTheta=-0.674331784248352

[RightLeg]
ThighAlpha=0.121379725635052
ThighTheta=0.176119610667229
LowerLegAlpha=0.0285599380731583
LowerLegTheta=-0.030146561563015
