[%General]
Highest=169
CenterX=39.8779106356199
CenterY=94.3894710920185
XWidth=55

[LeftLeg]
ThighAlpha=-0.0589048638939857
ThighTheta=0.314159274101257
LowerLegAlpha=0.0589048638939857
LowerLegTheta=-0.157079637050629

[RightLeg]
ThighAlpha=0.0981747731566429
ThighTheta=-0.235619455575943
LowerLegAlpha=0.0196349546313286
LowerLegTheta=-0.235619455575943
