[%General]
Highest=169
CenterX=38.8615113002343
CenterY=160.036826201605
XWidth=56

[LeftLeg]
ThighAlpha=-0.082109808921814
ThighTheta=-0.176119565963745
LowerLegAlpha=-0.103529758751392
LowerLegTheta=-0.112653076648712

[RightLeg]
ThighAlpha=0.0499798879027367
ThighTheta=0.322092622518539
LowerLegAlpha=0.021419957280159
LowerLegTheta=-0.391905754804611
