[%General]
Highest=151
CenterX=36.2599022129849
CenterY=299.504148281913
XWidth=43

[LeftLeg]
ThighAlpha=-0.0999597683548927
ThighTheta=-0.249106079339981
LowerLegAlpha=-0.103529758751392
LowerLegTheta=0.176119610667229

[RightLeg]
ThighAlpha=-0.00713998079299927
ThighTheta=0.46171897649765
LowerLegAlpha=0.021419957280159
LowerLegTheta=-0.531532108783722
