[%General]
Highest=166
CenterX=36.5077423028317
CenterY=11.3688808032552
XWidth=46

[LeftLeg]
ThighAlpha=-0.082109808921814
ThighTheta=-0.0564398318529129
LowerLegAlpha=-0.0285599306225777
LowerLegTheta=-0.0197199191898108

[RightLeg]
ThighAlpha=0.13922968506813
ThighTheta=-0.0863597691059113
LowerLegAlpha=0.13922968506813
LowerLegTheta=0.0265199784189463
