[%General]
Highest=168
CenterX=38.6912463865064
CenterY=168.068053133287
XWidth=57

[LeftLeg]
ThighAlpha=-0.082109808921814
ThighTheta=-0.371959120035172
LowerLegAlpha=-0.0321299210190773
LowerLegTheta=-0.0564398318529129

[RightLeg]
ThighAlpha=0.0499798879027367
ThighTheta=0.424999058246613
LowerLegAlpha=-0.0642598494887352
LowerLegTheta=0.070039875805378
