[%General]
Highest=162
CenterX=38.832646601002
CenterY=190.328401941163
XWidth=55

[LeftLeg]
ThighAlpha=-0.0589048638939857
ThighTheta=-0.471238911151886
LowerLegAlpha=-0.0196349546313286
LowerLegTheta=-0.471238911151886

[RightLeg]
ThighAlpha=0.0589048638939857
ThighTheta=0.510508835315704
LowerLegAlpha=0
LowerLegTheta=0.235619455575943
