[%General]
Highest=169
CenterX=39.8779106356199
CenterY=94.3894710920185
XWidth=55

[LeftLeg]
ThighAlpha=-0.0214199498295784
ThighTheta=0.31891930103302
LowerLegAlpha=-0.0142799615859985
LowerLegTheta=-0.106306403875351

[RightLeg]
ThighAlpha=0.103529766201973
ThighTheta=-0.2459327429533
LowerLegAlpha=0.0107099786400795
LowerLegTheta=-0.182466238737106
