[%General]
Highest=151
CenterX=35.7075105680699
CenterY=302.464628332079
XWidth=43

[LeftLeg]
ThighAlpha=-0.0999597683548927
ThighTheta=-0.249106079339981
LowerLegAlpha=-0.103529758751392
LowerLegTheta=0.103133104741573

[RightLeg]
ThighAlpha=-0.024989940226078
ThighTheta=0.537878811359406
LowerLegAlpha=0.0321299284696579
LowerLegTheta=-0.537878751754761
