[%General]
Highest=162
CenterX=38.832646601002
CenterY=190.328401941163
XWidth=55

[LeftLeg]
ThighAlpha=-0.0606898590922356
ThighTheta=-0.491638839244843
LowerLegAlpha=-0.0142799615859985
LowerLegTheta=-0.424998998641968

[RightLeg]
ThighAlpha=0.0499798879027367
ThighTheta=0.484838932752609
LowerLegAlpha=0.00713998824357986
LowerLegTheta=0.259079456329346
