[%General]
Highest=165
CenterX=39.9281351431101
CenterY=234.731720271467
XWidth=53

[LeftLeg]
ThighAlpha=-0.0392699092626572
ThighTheta=0.322092622518539
LowerLegAlpha=0.00356999784708023
LowerLegTheta=-0.179292917251587

[RightLeg]
ThighAlpha=0.103529766201973
ThighTheta=-0.176119565963745
LowerLegAlpha=-0.024989940226078
LowerLegTheta=-0.109479740262032
