[%General]
Highest=168
CenterX=38.6912463865064
CenterY=168.068053133287
XWidth=57

[LeftLeg]
ThighAlpha=-0.0999597683548927
ThighTheta=-0.391905754804611
LowerLegAlpha=-0.0142799615859985
LowerLegTheta=-0.0364932343363762

[RightLeg]
ThighAlpha=0.0499798879027367
ThighTheta=0.395079135894775
LowerLegAlpha=-0.0464098900556564
LowerLegTheta=0.030146598815918
