[%General]
Highest=163
CenterX=38.4399029030993
CenterY=182.470637995292
XWidth=57

[LeftLeg]
ThighAlpha=-0.0606898590922356
ThighTheta=-0.468065589666367
LowerLegAlpha=-0.0678298398852348
LowerLegTheta=-0.24275940656662

[RightLeg]
ThighAlpha=-0.00356999039649963
ThighTheta=0.46489229798317
LowerLegAlpha=0.00356999784708023
LowerLegTheta=0.46171897649765
