[%General]
Highest=165
CenterX=38.6711286374106
CenterY=179.151610530251
XWidth=57

[LeftLeg]
ThighAlpha=-0.082109808921814
ThighTheta=-0.461718916893005
LowerLegAlpha=0.00713998824357986
LowerLegTheta=-0.358359158039093

[RightLeg]
ThighAlpha=0.0321299284696579
ThighTheta=0.401879131793976
LowerLegAlpha=-0.0499798804521561
LowerLegTheta=0.514758884906769
