[%General]
Highest=159
CenterX=39.1817743842796
CenterY=258.505686380425
XWidth=49

[LeftLeg]
ThighAlpha=-0.0785398185253143
ThighTheta=0.549778699874878
LowerLegAlpha=-0.0981747731566429
LowerLegTheta=0.314159274101257

[RightLeg]
ThighAlpha=0.0785398185253143
ThighTheta=-0.392699092626572
LowerLegAlpha=0.0785398185253143
LowerLegTheta=-0.549778699874878
