[%General]
Highest=167
CenterX=38.8881025455858
CenterY=172.263994704219
XWidth=56

[LeftLeg]
ThighAlpha=-0.0606898590922356
ThighTheta=-0.461718916893005
LowerLegAlpha=-0.0142799615859985
LowerLegTheta=-0.0396665707230568

[RightLeg]
ThighAlpha=0.0499798879027367
ThighTheta=0.388732463121414
LowerLegAlpha=-0.0642598494887352
LowerLegTheta=0.322092622518539
