[%General]
Highest=169
CenterX=39.8779106356199
CenterY=94.3894710920185
XWidth=55

[LeftLeg]
ThighAlpha=-0.0392699092626572
ThighTheta=0.288999378681183
LowerLegAlpha=0.00356999784708023
LowerLegTheta=-0.0863597691059113

[RightLeg]
ThighAlpha=0.103529766201973
ThighTheta=-0.235959425568581
LowerLegAlpha=0.0107099786400795
LowerLegTheta=-0.222359463572502
