[%General]
Highest=165
CenterX=36.0171842415817
CenterY=9.65958065924118
XWidth=45

[LeftLeg]
ThighAlpha=-0.0785398185253143
ThighTheta=-0.0333198979496956
LowerLegAlpha=-0.0499798804521561
LowerLegTheta=0.030146598815918

[RightLeg]
ThighAlpha=0.13922968506813
ThighTheta=-0.106306403875351
LowerLegAlpha=0.13922968506813
LowerLegTheta=0.106306441128254
