[%General]
Highest=168
CenterX=38.6592119651487
CenterY=163.795936364598
XWidth=57

[LeftLeg]
ThighAlpha=-0.0785398185253143
ThighTheta=-0.265879362821579
LowerLegAlpha=-0.0678298398852348
LowerLegTheta=-0.109479710459709

[RightLeg]
ThighAlpha=0.0499798879027367
ThighTheta=0.395079135894775
LowerLegAlpha=-0.0285599306225777
LowerLegTheta=-0.162519589066505
