[%General]
Highest=164
CenterX=39.8023862589918
CenterY=58.6836071481002
XWidth=51

[LeftLeg]
ThighAlpha=0.0589048638939857
ThighTheta=-0.353429168462753
LowerLegAlpha=0.0196349546313286
LowerLegTheta=-0.746128261089325

[RightLeg]
ThighAlpha=0.0981747731566429
ThighTheta=0.392699092626572
LowerLegAlpha=-0.0196349546313286
LowerLegTheta=0.0392699092626572
