[%General]
Highest=168
CenterX=38.6670017822054
CenterY=156.178894575698
XWidth=56

[LeftLeg]
ThighAlpha=-0.0999597683548927
ThighTheta=-0.0863597691059113
LowerLegAlpha=-0.121379718184471
LowerLegTheta=-0.109479710459709

[RightLeg]
ThighAlpha=0.0678298473358154
ThighTheta=0.199239581823349
LowerLegAlpha=-0.0785398185253143
LowerLegTheta=-0.335239201784134
