[%General]
Highest=149
CenterX=35.1579380833721
CenterY=304.666617392406
XWidth=41

[LeftLeg]
ThighAlpha=-0.117809727787971
ThighTheta=-0.2522794008255
LowerLegAlpha=-0.0499798804521561
LowerLegTheta=-0.0333198979496956

[RightLeg]
ThighAlpha=-0.0606898590922356
ThighTheta=0.74731832742691
LowerLegAlpha=-0.0606898590922356
LowerLegTheta=-0.534705400466919
