[%General]
Highest=163
CenterX=39.673951634025
CenterY=241.896603905363
XWidth=54

[LeftLeg]
ThighAlpha=-0.0606898590922356
ThighTheta=0.391905784606934
LowerLegAlpha=0.00356999784708023
LowerLegTheta=0.245932787656784

[RightLeg]
ThighAlpha=0.0678298473358154
ThighTheta=-0.318919241428375
LowerLegAlpha=0.0642598569393158
LowerLegTheta=-0.182466238737106
