[%General]
Highest=170
CenterX=39.7129856349984
CenterY=90.8623490042442
XWidth=54

[LeftLeg]
ThighAlpha=-0.0107099711894989
ThighTheta=0.249106109142303
LowerLegAlpha=-0.0142799615859985
LowerLegTheta=-0.398252427577972

[RightLeg]
ThighAlpha=0.0856798067688942
ThighTheta=-0.176119565963745
LowerLegAlpha=0.046409897506237
LowerLegTheta=-0.182466238737106
