[%General]
Highest=167
CenterX=38.7688662129026
CenterY=148.921445300903
XWidth=55

[LeftLeg]
ThighAlpha=-0.0107099711894989
ThighTheta=0.0931598246097565
LowerLegAlpha=-0.13922968506813
LowerLegTheta=-0.070039801299572

[RightLeg]
ThighAlpha=0.13922968506813
ThighTheta=0.116279773414135
LowerLegAlpha=-0.157079637050629
LowerLegTheta=-0.740518271923065
