[%General]
Highest=166
CenterX=36.5077423028317
CenterY=11.3688808032552
XWidth=46

[LeftLeg]
ThighAlpha=-0.082109808921814
ThighTheta=-0.0364932343363762
LowerLegAlpha=-0.0285599306225777
LowerLegTheta=-0.0396665707230568

[RightLeg]
ThighAlpha=0.13922968506813
ThighTheta=-0.106306403875351
LowerLegAlpha=0.13922968506813
LowerLegTheta=0.0364932715892792
