[%General]
Highest=168
CenterX=38.6592119651487
CenterY=163.795936364598
XWidth=57

[LeftLeg]
ThighAlpha=-0.0606898590922356
ThighTheta=-0.2459327429533
LowerLegAlpha=-0.121379718184471
LowerLegTheta=-0.109479740262032

[RightLeg]
ThighAlpha=0.0499798879027367
ThighTheta=0.395079135894775
LowerLegAlpha=-0.0285599306225777
LowerLegTheta=-0.182466238737106
