[%General]
Highest=165
CenterX=38.113145377727
CenterY=132.556386681902
XWidth=56

[LeftLeg]
ThighAlpha=-0.0785398185253143
ThighTheta=0.365159213542938
LowerLegAlpha=-0.0499798804521561
LowerLegTheta=0.0401199460029602

[RightLeg]
ThighAlpha=0.0856798067688942
ThighTheta=-0.342039197683334
LowerLegAlpha=0.0249899476766586
LowerLegTheta=-0.777238190174103
