[%General]
Highest=164
CenterX=40.3776714217532
CenterY=203.36587208994
XWidth=54

[LeftLeg]
ThighAlpha=-0.0214199498295784
ThighTheta=-0.312119245529175
LowerLegAlpha=0.00356999784708023
LowerLegTheta=-0.754118263721466

[RightLeg]
ThighAlpha=0.0856798067688942
ThighTheta=0.401879131793976
LowerLegAlpha=0.0285599380731583
LowerLegTheta=0.0863598436117172
