[%General]
Highest=165
CenterX=40.6352588852589
CenterY=62.9348455598456
XWidth=54

[LeftLeg]
ThighAlpha=0.0678298473358154
ThighTheta=-0.322092592716217
LowerLegAlpha=0.00356999784708023
LowerLegTheta=-0.747318267822266

[RightLeg]
ThighAlpha=0.13922968506813
ThighTheta=0.388732463121414
LowerLegAlpha=-0.0464098900556564
LowerLegTheta=-0.10313306748867
