[%General]
Highest=167
CenterX=38.7688662129026
CenterY=148.921445300903
XWidth=55

[LeftLeg]
ThighAlpha=-0.0196349546313286
ThighTheta=0.0785398185253143
LowerLegAlpha=-0.0981747731566429
LowerLegTheta=-0.0392699092626572

[RightLeg]
ThighAlpha=0.0981747731566429
ThighTheta=-0.235619455575943
LowerLegAlpha=-0.0981747731566429
LowerLegTheta=-0.274889349937439
