[%General]
Highest=165
CenterX=38.4828697041311
CenterY=42.2986414586166
XWidth=52

[LeftLeg]
ThighAlpha=0.0285599380731583
ThighTheta=-0.461718916893005
LowerLegAlpha=-0.0856797993183136
LowerLegTheta=-0.395079076290131

[RightLeg]
ThighAlpha=0.0499798879027367
ThighTheta=0.468065619468689
LowerLegAlpha=0.00713998824357986
LowerLegTheta=0.172946274280548
