[%General]
Highest=168
CenterX=38.6592119651487
CenterY=163.795936364598
XWidth=57

[LeftLeg]
ThighAlpha=-0.0785398185253143
ThighTheta=-0.274889349937439
LowerLegAlpha=-0.0785398185253143
LowerLegTheta=-0.0785398185253143

[RightLeg]
ThighAlpha=0.0196349546313286
ThighTheta=0.392699092626572
LowerLegAlpha=0
LowerLegTheta=-0.117809727787971
