[%General]
Highest=161
CenterX=39.3039413015859
CenterY=248.319814997216
XWidth=53

[LeftLeg]
ThighAlpha=-0.0214199498295784
ThighTheta=0.46489229798317
LowerLegAlpha=-0.13922968506813
LowerLegTheta=0.46171897649765

[RightLeg]
ThighAlpha=0.0856798067688942
ThighTheta=-0.464892268180847
LowerLegAlpha=0.00713998824357986
LowerLegTheta=-0.172946244478226
