[%General]
Highest=165
CenterX=36.0171842415817
CenterY=9.65958065924118
XWidth=45

[LeftLeg]
ThighAlpha=-0.0999597683548927
ThighTheta=-0.0333198830485344
LowerLegAlpha=-0.0142799615859985
LowerLegTheta=-0.0197199191898108

[RightLeg]
ThighAlpha=0.13922968506813
ThighTheta=-0.0564398318529129
LowerLegAlpha=0.13922968506813
LowerLegTheta=-0.00339995324611664
