[%General]
Highest=164
CenterX=36.0707505222013
CenterY=8.1496494529812
XWidth=45

[LeftLeg]
ThighAlpha=-0.0999597683548927
ThighTheta=0.0333199352025986
LowerLegAlpha=-0.0142799615859985
LowerLegTheta=-0.10313306748867

[RightLeg]
ThighAlpha=0.13922968506813
ThighTheta=-0.0364932343363762
LowerLegAlpha=0.13922968506813
LowerLegTheta=0.0364932715892792
