[%General]
Highest=159
CenterX=39.096115493377
CenterY=262.539544575086
XWidth=48

[LeftLeg]
ThighAlpha=-0.0606898590922356
ThighTheta=0.534705460071564
LowerLegAlpha=-0.0856797993183136
LowerLegTheta=0.249106109142303

[RightLeg]
ThighAlpha=0.0856798067688942
ThighTheta=-0.391905754804611
LowerLegAlpha=0.0107099786400795
LowerLegTheta=-0.534705400466919
