[%General]
Highest=163
CenterX=39.4406931305343
CenterY=198.921726773943
XWidth=55

[LeftLeg]
ThighAlpha=-0.0428398996591568
ThighTheta=-0.401879042387009
LowerLegAlpha=-0.0142799615859985
LowerLegTheta=-0.627638518810272

[RightLeg]
ThighAlpha=0.0678298473358154
ThighTheta=0.401879131793976
LowerLegAlpha=0.0107099786400795
LowerLegTheta=0.199239581823349
