[%General]
Highest=165
CenterX=41.6756341865909
CenterY=219.133105627407
XWidth=52

[LeftLeg]
ThighAlpha=-0.00356999039649963
ThighTheta=0.106306441128254
LowerLegAlpha=-0.0285599306225777
LowerLegTheta=-0.956757783889771

[RightLeg]
ThighAlpha=0.13922968506813
ThighTheta=0.176119610667229
LowerLegAlpha=-0.0107099711894989
LowerLegTheta=-0.0999597311019897
