[%General]
Highest=160
CenterX=38.64730693869
CenterY=272.823907743393
XWidth=47

[LeftLeg]
ThighAlpha=-0.117809727787971
ThighTheta=0.454919010400772
LowerLegAlpha=0.021419957280159
LowerLegTheta=0.0863598436117172

[RightLeg]
ThighAlpha=0.0678298473358154
ThighTheta=-0.401879042387009
LowerLegAlpha=0.00713998824357986
LowerLegTheta=-0.657558441162109
