[%General]
Highest=167
CenterX=38.4633637875646
CenterY=145.158073409127
XWidth=55

[LeftLeg]
ThighAlpha=-0.0981747731566429
ThighTheta=0.196349546313286
LowerLegAlpha=0
LowerLegTheta=-0.0785398185253143

[RightLeg]
ThighAlpha=0.0981747731566429
ThighTheta=-0.353429168462753
LowerLegAlpha=-0.0981747731566429
LowerLegTheta=-0.353429168462753
