[%General]
Highest=169
CenterX=39.9944976296471
CenterY=86.3377326031859
XWidth=54

[LeftLeg]
ThighAlpha=-0.0214199498295784
ThighTheta=0.229159519076347
LowerLegAlpha=0.00356999784708023
LowerLegTheta=-0.537878751754761

[RightLeg]
ThighAlpha=0.0856798067688942
ThighTheta=-0.0564398318529129
LowerLegAlpha=0.0606898665428162
LowerLegTheta=-0.176119565963745
