[%General]
Highest=164
CenterX=40.9471709365604
CenterY=207.828827373705
XWidth=55

[LeftLeg]
ThighAlpha=0.0196349546313286
ThighTheta=-0.235619455575943
LowerLegAlpha=0
LowerLegTheta=-0.785398185253143

[RightLeg]
ThighAlpha=0.0981747731566429
ThighTheta=0.392699092626572
LowerLegAlpha=0.0392699092626572
LowerLegTheta=-0.0785398185253143
