[%General]
Highest=163
CenterX=37.8035977846298
CenterY=118.886381902939
XWidth=58

[LeftLeg]
ThighAlpha=-0.0999597683548927
ThighTheta=0.531532108783722
LowerLegAlpha=-0.13922968506813
LowerLegTheta=0.179292947053909

[RightLeg]
ThighAlpha=0.103529766201973
ThighTheta=-0.461718916893005
LowerLegAlpha=0.021419957280159
LowerLegTheta=-0.534705400466919
