[%General]
Highest=168
CenterX=39.6877324451846
CenterY=97.783999444907
XWidth=56

[LeftLeg]
ThighAlpha=-0.0642598494887352
ThighTheta=0.322092622518539
LowerLegAlpha=0.021419957280159
LowerLegTheta=0.106306441128254

[RightLeg]
ThighAlpha=0.121379725635052
ThighTheta=-0.318919241428375
LowerLegAlpha=-0.00713998079299927
LowerLegTheta=-0.182466238737106
