[%General]
Highest=166
CenterX=38.3940920599883
CenterY=141.248198402909
XWidth=55

[LeftLeg]
ThighAlpha=-0.0981747731566429
ThighTheta=0.274889349937439
LowerLegAlpha=0
LowerLegTheta=-0.117809727787971

[RightLeg]
ThighAlpha=0.0785398185253143
ThighTheta=-0.274889349937439
LowerLegAlpha=-0.0392699092626572
LowerLegTheta=-0.667588412761688
