[%General]
Highest=156
CenterX=35.5761250730567
CenterY=287.617007597896
XWidth=43

[LeftLeg]
ThighAlpha=-0.0642598494887352
ThighTheta=0.0364932715892792
LowerLegAlpha=-0.13922968506813
LowerLegTheta=0.245932787656784

[RightLeg]
ThighAlpha=0.13922968506813
ThighTheta=0.179292947053909
LowerLegAlpha=0.0428399071097374
LowerLegTheta=0.0364932715892792
