[%General]
Highest=157
CenterX=36.3569457631142
CenterY=283.48982316639
XWidth=44

[LeftLeg]
ThighAlpha=-0.0999597683548927
ThighTheta=0.179292947053909
LowerLegAlpha=-0.0321299210190773
LowerLegTheta=0.176119610667229

[RightLeg]
ThighAlpha=-0.082109808921814
ThighTheta=-0.2522794008255
LowerLegAlpha=-0.0285599306225777
LowerLegTheta=-0.747318267822266
