[%General]
Highest=166
CenterX=38.3940920599883
CenterY=141.248198402909
XWidth=55

[LeftLeg]
ThighAlpha=-0.0999597683548927
ThighTheta=0.252279460430145
LowerLegAlpha=-0.0142799615859985
LowerLegTheta=-0.112653076648712

[RightLeg]
ThighAlpha=0.0821098163723946
ThighTheta=-0.315745919942856
LowerLegAlpha=-0.0464098900556564
LowerLegTheta=-0.610865235328674
