[%General]
Highest=166
CenterX=38.1340211311374
CenterY=35.6769049098819
XWidth=50

[LeftLeg]
ThighAlpha=0
ThighTheta=-0.471238911151886
LowerLegAlpha=-0.0589048638939857
LowerLegTheta=-0.235619455575943

[RightLeg]
ThighAlpha=0.0392699092626572
ThighTheta=0.353429168462753
LowerLegAlpha=-0.0589048638939857
LowerLegTheta=0.314159274101257
