[%General]
Highest=165
CenterX=41.5293129619031
CenterY=215.484285963122
XWidth=52

[LeftLeg]
ThighAlpha=0.0606898665428162
ThighTheta=-0.0364932343363762
LowerLegAlpha=-0.0999597683548927
LowerLegTheta=-1.02974426746368

[RightLeg]
ThighAlpha=0.121379725635052
ThighTheta=0.249106109142303
LowerLegAlpha=0.00713998824357986
LowerLegTheta=-0.106306403875351
