[%General]
Highest=159
CenterX=39.1817743842796
CenterY=258.505686380425
XWidth=49

[LeftLeg]
ThighAlpha=-0.0981747731566429
ThighTheta=0.510508835315704
LowerLegAlpha=-0.0589048638939857
LowerLegTheta=0.353429168462753

[RightLeg]
ThighAlpha=0.0785398185253143
ThighTheta=-0.431968986988068
LowerLegAlpha=0.0785398185253143
LowerLegTheta=-0.471238911151886
