[%General]
Highest=168
CenterX=38.6670017822054
CenterY=156.178894575698
XWidth=56

[LeftLeg]
ThighAlpha=-0.0999597683548927
ThighTheta=-0.106306403875351
LowerLegAlpha=-0.121379718184471
LowerLegTheta=-0.0396665707230568

[RightLeg]
ThighAlpha=0.0499798879027367
ThighTheta=0.245932787656784
LowerLegAlpha=-0.0428398996591568
LowerLegTheta=-0.38555908203125
