[%General]
Highest=164
CenterX=41.1032630442954
CenterY=211.969006535789
XWidth=52

[LeftLeg]
ThighAlpha=0.0499798879027367
ThighTheta=-0.182466238737106
LowerLegAlpha=-0.0499798804521561
LowerLegTheta=-0.81395810842514

[RightLeg]
ThighAlpha=0.103529766201973
ThighTheta=0.31891930103302
LowerLegAlpha=0.0107099786400795
LowerLegTheta=-0.10313306748867
