[%General]
Highest=165
CenterX=38.0163783035011
CenterY=136.93646956569
XWidth=54

[LeftLeg]
ThighAlpha=-0.0981747731566429
ThighTheta=0.314159274101257
LowerLegAlpha=0
LowerLegTheta=-0.0392699092626572

[RightLeg]
ThighAlpha=0.0785398185253143
ThighTheta=-0.353429168462753
LowerLegAlpha=-0.0196349546313286
LowerLegTheta=-0.667588412761688
