[%General]
Highest=153
CenterX=36.5209644400637
CenterY=296.109303207218
XWidth=45

[LeftLeg]
ThighAlpha=-0.117809727787971
ThighTheta=-0.176119565963745
LowerLegAlpha=-0.0678298398852348
LowerLegTheta=0.176119610667229

[RightLeg]
ThighAlpha=0.046409897506237
ThighTheta=0.458545625209808
LowerLegAlpha=-0.0142799615859985
LowerLegTheta=-0.817131459712982
