[%General]
Highest=168
CenterX=40.5563895044874
CenterY=74.467853513401
XWidth=53

[LeftLeg]
ThighAlpha=0.0678298473358154
ThighTheta=0.0333199352025986
LowerLegAlpha=-0.0499798804521561
LowerLegTheta=-0.956757783889771

[RightLeg]
ThighAlpha=0.0856798067688942
ThighTheta=0.106306441128254
LowerLegAlpha=0.0606898665428162
LowerLegTheta=-0.0364932343363762
