[%General]
Highest=163
CenterX=38.3691592139074
CenterY=114.633238110277
XWidth=58

[LeftLeg]
ThighAlpha=-0.0999597683548927
ThighTheta=0.531532108783722
LowerLegAlpha=-0.13922968506813
LowerLegTheta=0.255452781915665

[RightLeg]
ThighAlpha=0.121379725635052
ThighTheta=-0.461718916893005
LowerLegAlpha=0.0606898665428162
LowerLegTheta=-0.464892268180847
