[%General]
Highest=166
CenterX=41.2858605419941
CenterY=66.6601250755511
XWidth=54

[LeftLeg]
ThighAlpha=0.0856798067688942
ThighTheta=-0.322092592716217
LowerLegAlpha=-0.0142799615859985
LowerLegTheta=-0.674331784248352

[RightLeg]
ThighAlpha=0.13922968506813
ThighTheta=0.31891930103302
LowerLegAlpha=-0.0107099711894989
LowerLegTheta=-0.106306403875351
