[%General]
Highest=168
CenterX=37.643006955718
CenterY=17.9775331492695
XWidth=49

[LeftLeg]
ThighAlpha=-0.0392699092626572
ThighTheta=-0.117809727787971
LowerLegAlpha=-0.0981747731566429
LowerLegTheta=-0.196349546313286

[RightLeg]
ThighAlpha=0.0589048638939857
ThighTheta=0.196349546313286
LowerLegAlpha=-0.0392699092626572
LowerLegTheta=-0.549778699874878
