[%General]
Highest=165
CenterX=38.8815023980475
CenterY=107.887376904958
XWidth=57

[LeftLeg]
ThighAlpha=-0.0999597683548927
ThighTheta=0.395079135894775
LowerLegAlpha=-0.0999597683548927
LowerLegTheta=0.458545625209808

[RightLeg]
ThighAlpha=0.13922968506813
ThighTheta=-0.461718916893005
LowerLegAlpha=0.00356999784708023
LowerLegTheta=-0.325265914201736
