[%General]
Highest=167
CenterX=38.8881025455858
CenterY=172.263994704219
XWidth=56

[LeftLeg]
ThighAlpha=-0.0606898590922356
ThighTheta=-0.431798994541168
LowerLegAlpha=-0.0142799615859985
LowerLegTheta=-0.0795597806572914

[RightLeg]
ThighAlpha=0.0499798879027367
ThighTheta=0.378759175539017
LowerLegAlpha=-0.082109808921814
LowerLegTheta=0.342039257287979
