[%General]
Highest=166
CenterX=38.1340211311374
CenterY=35.6769049098819
XWidth=50

[LeftLeg]
ThighAlpha=-0.00356999039649963
ThighTheta=-0.461718916893005
LowerLegAlpha=-0.0499798804521561
LowerLegTheta=-0.2454794049263

[RightLeg]
ThighAlpha=0.0321299284696579
ThighTheta=0.252279460430145
LowerLegAlpha=-0.0464098900556564
LowerLegTheta=0.468518972396851
