[%General]
Highest=169
CenterX=39.9944976296471
CenterY=86.3377326031859
XWidth=54

[LeftLeg]
ThighAlpha=-0.0196349546313286
ThighTheta=0.196349546313286
LowerLegAlpha=0.0196349546313286
LowerLegTheta=-0.471238911151886

[RightLeg]
ThighAlpha=0.0785398185253143
ThighTheta=-0.0392699092626572
LowerLegAlpha=0.0785398185253143
LowerLegTheta=-0.274889349937439
