[%General]
Highest=164
CenterX=38.0166847090663
CenterY=127.785629228687
XWidth=57

[LeftLeg]
ThighAlpha=-0.117809727787971
ThighTheta=0.454919010400772
LowerLegAlpha=-0.0499798804521561
LowerLegTheta=0.0102000124752522

[RightLeg]
ThighAlpha=0.0856798067688942
ThighTheta=-0.401879042387009
LowerLegAlpha=0.0428399071097374
LowerLegTheta=-0.634438514709473
