[%General]
Highest=164
CenterX=38.6456864399858
CenterY=46.1246018566412
XWidth=51

[LeftLeg]
ThighAlpha=0.0142799690365791
ThighTheta=-0.461718916893005
LowerLegAlpha=-0.0142799615859985
LowerLegTheta=-0.464892268180847

[RightLeg]
ThighAlpha=0.0678298473358154
ThighTheta=0.46171897649765
LowerLegAlpha=-0.0321299210190773
LowerLegTheta=0.252279460430145
