[%General]
Highest=162
CenterX=39.6015828827122
CenterY=245.216575084901
XWidth=54

[LeftLeg]
ThighAlpha=-0.0785398185253143
ThighTheta=0.392699092626572
LowerLegAlpha=-0.0589048638939857
LowerLegTheta=0.471238911151886

[RightLeg]
ThighAlpha=0.0981747731566429
ThighTheta=-0.392699092626572
LowerLegAlpha=0
LowerLegTheta=-0.157079637050629
