[%General]
Highest=165
CenterX=38.2874533699736
CenterY=38.9209579566424
XWidth=50

[LeftLeg]
ThighAlpha=0.0285599380731583
ThighTheta=-0.461718916893005
LowerLegAlpha=-0.0856797993183136
LowerLegTheta=-0.325265914201736

[RightLeg]
ThighAlpha=0.0499798879027367
ThighTheta=0.391905784606934
LowerLegAlpha=-0.0499798804521561
LowerLegTheta=0.391905784606934
