[%General]
Highest=166
CenterX=40.7964486407128
CenterY=227.257378626031
XWidth=53

[LeftLeg]
ThighAlpha=-0.0392699092626572
ThighTheta=0.259079456329346
LowerLegAlpha=-0.121379718184471
LowerLegTheta=-0.507958829402924

[RightLeg]
ThighAlpha=0.13922968506813
ThighTheta=0.00340002961456776
LowerLegAlpha=0.0821098163723946
LowerLegTheta=-0.0999597311019897
