[%General]
Highest=163
CenterX=39.673951634025
CenterY=241.896603905363
XWidth=54

[LeftLeg]
ThighAlpha=-0.0981747731566429
ThighTheta=0.392699092626572
LowerLegAlpha=0.0196349546313286
LowerLegTheta=0.274889349937439

[RightLeg]
ThighAlpha=0.0785398185253143
ThighTheta=-0.353429168462753
LowerLegAlpha=0.0392699092626572
LowerLegTheta=-0.117809727787971
