[%General]
Highest=165
CenterX=41.6756341865909
CenterY=219.133105627407
XWidth=52

[LeftLeg]
ThighAlpha=0.0499798879027367
ThighTheta=0.0564399100840092
LowerLegAlpha=-0.0999597683548927
LowerLegTheta=-0.956757783889771

[RightLeg]
ThighAlpha=0.13922968506813
ThighTheta=0.176119640469551
LowerLegAlpha=-0.0107099711894989
LowerLegTheta=-0.0999597311019897
