[%General]
Highest=166
CenterX=39.3417503115286
CenterY=104.554342914265
XWidth=57

[LeftLeg]
ThighAlpha=-0.0606898590922356
ThighTheta=0.391905784606934
LowerLegAlpha=-0.121379718184471
LowerLegTheta=0.391905784606934

[RightLeg]
ThighAlpha=0.13922968506813
ThighTheta=-0.461718916893005
LowerLegAlpha=0.00713998824357986
LowerLegTheta=-0.2522794008255
