[%General]
Highest=163
CenterX=38.4336731184571
CenterY=194.570962816227
XWidth=56

[LeftLeg]
ThighAlpha=-0.0785398185253143
ThighTheta=-0.464892268180847
LowerLegAlpha=0.00356999784708023
LowerLegTheta=-0.537878751754761

[RightLeg]
ThighAlpha=0.0678298473358154
ThighTheta=0.46489229798317
LowerLegAlpha=-0.0107099711894989
LowerLegTheta=0.252279460430145
