[%General]
Highest=165
CenterX=38.0163783035011
CenterY=136.93646956569
XWidth=54

[LeftLeg]
ThighAlpha=-0.0999597683548927
ThighTheta=0.322092622518539
LowerLegAlpha=-0.0142799615859985
LowerLegTheta=-0.0396665707230568

[RightLeg]
ThighAlpha=0.0642598569393158
ThighTheta=-0.318919241428375
LowerLegAlpha=-0.0321299210190773
LowerLegTheta=-0.680678427219391
