[%General]
Highest=159
CenterX=39.1817743842796
CenterY=258.505686380425
XWidth=49

[LeftLeg]
ThighAlpha=-0.0999597683548927
ThighTheta=0.534705460071564
LowerLegAlpha=-0.0678298398852348
LowerLegTheta=0.388732463121414

[RightLeg]
ThighAlpha=0.0678298473358154
ThighTheta=-0.391905754804611
LowerLegAlpha=0.0606898665428162
LowerLegTheta=-0.534705400466919
