[%General]
Highest=160
CenterX=39.388057697758
CenterY=251.507779053984
XWidth=52

[LeftLeg]
ThighAlpha=-0.0392699092626572
ThighTheta=0.484838932752609
LowerLegAlpha=-0.13922968506813
LowerLegTheta=0.514758884906769

[RightLeg]
ThighAlpha=0.0856798067688942
ThighTheta=-0.431798994541168
LowerLegAlpha=0.0821098163723946
LowerLegTheta=-0.305319279432297
