[%General]
Highest=165
CenterX=38.7199028956245
CenterY=175.695031570593
XWidth=57

[LeftLeg]
ThighAlpha=-0.0785398185253143
ThighTheta=-0.461718916893005
LowerLegAlpha=0.00356999784708023
LowerLegTheta=-0.215559482574463

[RightLeg]
ThighAlpha=0.0321299284696579
ThighTheta=0.401879131793976
LowerLegAlpha=-0.0499798804521561
LowerLegTheta=0.431799054145813
