[%General]
Highest=167
CenterX=37.4639271259894
CenterY=21.355416005062
XWidth=49

[LeftLeg]
ThighAlpha=-0.024989940226078
ThighTheta=-0.123079679906368
LowerLegAlpha=-0.157079637050629
LowerLegTheta=-0.358359158039093

[RightLeg]
ThighAlpha=0.0499798879027367
ThighTheta=0.288999378681183
LowerLegAlpha=-0.00356999039649963
LowerLegTheta=-0.544678747653961
