[%General]
Highest=167
CenterX=37.2408238678637
CenterY=15.4836069639403
XWidth=48

[LeftLeg]
ThighAlpha=-0.0642598494887352
ThighTheta=-0.0863597691059113
LowerLegAlpha=-0.0856797993183136
LowerLegTheta=-0.139399647712708

[RightLeg]
ThighAlpha=0.121379725635052
ThighTheta=-0.0564398318529129
LowerLegAlpha=0.0999597758054733
LowerLegTheta=-0.222359463572502
