[%General]
Highest=166
CenterX=39.3417503115286
CenterY=104.554342914265
XWidth=57

[LeftLeg]
ThighAlpha=-0.0785398185253143
ThighTheta=0.401879131793976
LowerLegAlpha=-0.103529758751392
LowerLegTheta=0.371959179639816

[RightLeg]
ThighAlpha=0.13922968506813
ThighTheta=-0.431798994541168
LowerLegAlpha=0.00713998824357986
LowerLegTheta=-0.282199323177338
