[%General]
Highest=159
CenterX=39.3569183106292
CenterY=254.879705985087
XWidth=51

[LeftLeg]
ThighAlpha=-0.0785398185253143
ThighTheta=0.534705460071564
LowerLegAlpha=-0.082109808921814
LowerLegTheta=0.46171897649765

[RightLeg]
ThighAlpha=0.0856798067688942
ThighTheta=-0.461718916893005
LowerLegAlpha=0.0821098163723946
LowerLegTheta=-0.325265914201736
