[%General]
Highest=164
CenterX=40.9471709365604
CenterY=207.828827373705
XWidth=55

[LeftLeg]
ThighAlpha=0.0321299284696579
ThighTheta=-0.249106079339981
LowerLegAlpha=-0.0142799615859985
LowerLegTheta=-0.890117883682251

[RightLeg]
ThighAlpha=0.121379725635052
ThighTheta=0.391905784606934
LowerLegAlpha=0.00713998824357986
LowerLegTheta=-0.030146561563015
