[%General]
Highest=165
CenterX=40.6352588852589
CenterY=62.9348455598456
XWidth=54

[LeftLeg]
ThighAlpha=0.0196349546313286
ThighTheta=-0.314159274101257
LowerLegAlpha=0.0785398185253143
LowerLegTheta=-0.785398185253143

[RightLeg]
ThighAlpha=0.0981747731566429
ThighTheta=0.353429168462753
LowerLegAlpha=0.0392699092626572
LowerLegTheta=-0.0392699092626572
