[%General]
Highest=169
CenterX=40.4612488312738
CenterY=77.9364212973492
XWidth=52

[LeftLeg]
ThighAlpha=0.0589048638939857
ThighTheta=0.0785398185253143
LowerLegAlpha=-0.0196349546313286
LowerLegTheta=-0.785398185253143

[RightLeg]
ThighAlpha=0.0981747731566429
ThighTheta=0.0785398185253143
LowerLegAlpha=0.0392699092626572
LowerLegTheta=-0.157079637050629
