[%General]
Highest=165
CenterX=38.7199028956245
CenterY=175.695031570593
XWidth=57

[LeftLeg]
ThighAlpha=-0.0606898590922356
ThighTheta=-0.461718916893005
LowerLegAlpha=-0.0321299210190773
LowerLegTheta=-0.255452752113342

[RightLeg]
ThighAlpha=0.0321299284696579
ThighTheta=0.391905784606934
LowerLegAlpha=-0.0678298398852348
LowerLegTheta=0.46171897649765
