[%General]
Highest=165
CenterX=38.6711286374106
CenterY=179.151610530251
XWidth=57

[LeftLeg]
ThighAlpha=-0.082109808921814
ThighTheta=-0.461718916893005
LowerLegAlpha=-0.0107099711894989
LowerLegTheta=-0.398252427577972

[RightLeg]
ThighAlpha=0.0142799690365791
ThighTheta=0.391905784606934
LowerLegAlpha=-0.0321299210190773
LowerLegTheta=0.534705460071564
