[%General]
Highest=164
CenterX=39.8023862589918
CenterY=58.6836071481002
XWidth=51

[LeftLeg]
ThighAlpha=0.0499798879027367
ThighTheta=-0.391905754804611
LowerLegAlpha=-0.0142799615859985
LowerLegTheta=-0.677505135536194

[RightLeg]
ThighAlpha=0.0856798067688942
ThighTheta=0.391905784606934
LowerLegAlpha=0.00356999784708023
LowerLegTheta=0.0364932715892792
