[%General]
Highest=167
CenterX=37.2408238678637
CenterY=15.4836069639403
XWidth=48

[LeftLeg]
ThighAlpha=-0.0642598494887352
ThighTheta=-0.106306403875351
LowerLegAlpha=-0.0856797993183136
LowerLegTheta=-0.109479740262032

[RightLeg]
ThighAlpha=0.13922968506813
ThighTheta=0.0333199352025986
LowerLegAlpha=0.0999597758054733
LowerLegTheta=-0.322092592716217
