[%General]
Highest=169
CenterX=40.4612488312738
CenterY=77.9364212973492
XWidth=52

[LeftLeg]
ThighAlpha=0.0321299284696579
ThighTheta=0.106306441128254
LowerLegAlpha=-0.117809727787971
LowerLegTheta=-1.02974426746368

[RightLeg]
ThighAlpha=0.103529766201973
ThighTheta=0.0364932715892792
LowerLegAlpha=0.0249899476766586
LowerLegTheta=-0.106306403875351
