[%General]
Highest=163
CenterX=38.7192197824393
CenterY=111.16914331881
XWidth=57

[LeftLeg]
ThighAlpha=-0.0785398185253143
ThighTheta=0.454919010400772
LowerLegAlpha=-0.13922968506813
LowerLegTheta=0.438599050045013

[RightLeg]
ThighAlpha=0.121379725635052
ThighTheta=-0.461718916893005
LowerLegAlpha=0.0606898665428162
LowerLegTheta=-0.424998998641968
