[%General]
Highest=166
CenterX=38.0830574366692
CenterY=32.7762227238525
XWidth=50

[LeftLeg]
ThighAlpha=-0.00713998079299927
ThighTheta=-0.431798994541168
LowerLegAlpha=-0.0499798804521561
LowerLegTheta=-0.215559482574463

[RightLeg]
ThighAlpha=0.0499798879027367
ThighTheta=0.342039257287979
LowerLegAlpha=-0.0642598494887352
LowerLegTheta=0.139399722218513
