[%General]
Highest=167
CenterX=38.7688662129026
CenterY=148.921445300903
XWidth=55

[LeftLeg]
ThighAlpha=-0.0107099711894989
ThighTheta=0.103133104741573
LowerLegAlpha=-0.13922968506813
LowerLegTheta=-0.0999597311019897

[RightLeg]
ThighAlpha=0.121379725635052
ThighTheta=0.106306441128254
LowerLegAlpha=-0.121379718184471
LowerLegTheta=-0.750491619110107
