[%General]
Highest=154
CenterX=36.3602789620804
CenterY=292.670920744275
XWidth=45

[LeftLeg]
ThighAlpha=-0.13922968506813
ThighTheta=-0.106306403875351
LowerLegAlpha=-0.0678298398852348
LowerLegTheta=0.172946274280548

[RightLeg]
ThighAlpha=0.13922968506813
ThighTheta=-0.10313306748867
LowerLegAlpha=0.0856798067688942
LowerLegTheta=0.172946274280548
