[%General]
Highest=169
CenterX=40.2153373220025
CenterY=81.8846334616313
XWidth=54

[LeftLeg]
ThighAlpha=-0.00356999039649963
ThighTheta=0.179292947053909
LowerLegAlpha=-0.0678298398852348
LowerLegTheta=-0.817131459712982

[RightLeg]
ThighAlpha=0.103529766201973
ThighTheta=-0.0364932343363762
LowerLegAlpha=0.0642598569393158
LowerLegTheta=-0.109479740262032
