[%General]
Highest=167
CenterX=37.4639271259894
CenterY=21.355416005062
XWidth=49

[LeftLeg]
ThighAlpha=-0.00713998079299927
ThighTheta=-0.10313306748867
LowerLegAlpha=-0.157079637050629
LowerLegTheta=-0.398252427577972

[RightLeg]
ThighAlpha=0.0642598569393158
ThighTheta=0.249106109142303
LowerLegAlpha=-0.0214199498295784
LowerLegTheta=-0.464892268180847
