[%General]
Highest=168
CenterX=37.643006955718
CenterY=17.9775331492695
XWidth=49

[LeftLeg]
ThighAlpha=-0.0285599306225777
ThighTheta=-0.109479740262032
LowerLegAlpha=-0.103529758751392
LowerLegTheta=-0.179292917251587

[RightLeg]
ThighAlpha=0.0678298473358154
ThighTheta=0.179292947053909
LowerLegAlpha=-0.0785398185253143
LowerLegTheta=-0.537878751754761
