[%General]
Highest=153
CenterX=36.5209644400637
CenterY=296.109303207218
XWidth=45

[LeftLeg]
ThighAlpha=-0.0785398185253143
ThighTheta=-0.235619455575943
LowerLegAlpha=-0.0589048638939857
LowerLegTheta=0.235619455575943

[RightLeg]
ThighAlpha=0.0392699092626572
ThighTheta=0.392699092626572
LowerLegAlpha=0.0392699092626572
LowerLegTheta=-0.785398185253143
