[%General]
Highest=151
CenterX=36.2599022129849
CenterY=299.504148281913
XWidth=43

[LeftLeg]
ThighAlpha=-0.117809727787971
ThighTheta=-0.229159444570541
LowerLegAlpha=-0.0856797993183136
LowerLegTheta=0.176119640469551

[RightLeg]
ThighAlpha=-0.00713998079299927
ThighTheta=0.551478803157806
LowerLegAlpha=0.021419957280159
LowerLegTheta=-0.581398665904999
