[%General]
Highest=138
CenterX=34.5047627370445
CenterY=307.136699292144
XWidth=40

[LeftLeg]
ThighAlpha=-0.0981747731566429
ThighTheta=-0.274889349937439
LowerLegAlpha=-0.0589048638939857
LowerLegTheta=-0.0392699092626572

[RightLeg]
ThighAlpha=0.0981747731566429
ThighTheta=-0.235619455575943
LowerLegAlpha=0.0981747731566429
LowerLegTheta=-0.117809727787971
