[%General]
Highest=168
CenterX=39.0635737120986
CenterY=152.413201473468
XWidth=55

[LeftLeg]
ThighAlpha=-0.0785398185253143
ThighTheta=0
LowerLegAlpha=-0.0981747731566429
LowerLegTheta=-0.0785398185253143

[RightLeg]
ThighAlpha=0.0589048638939857
ThighTheta=0.157079637050629
LowerLegAlpha=0
LowerLegTheta=-0.471238911151886
