[%General]
Highest=163
CenterX=39.4406931305343
CenterY=198.921726773943
XWidth=55

[LeftLeg]
ThighAlpha=-0.0428398996591568
ThighTheta=-0.391905754804611
LowerLegAlpha=0.021419957280159
LowerLegTheta=-0.607691943645477

[RightLeg]
ThighAlpha=0.0678298473358154
ThighTheta=0.391905784606934
LowerLegAlpha=0.0107099786400795
LowerLegTheta=0.249106109142303
