[%General]
Highest=164
CenterX=37.5001093613298
CenterY=123.09886264217
XWidth=57

[LeftLeg]
ThighAlpha=-0.0981747731566429
ThighTheta=0.510508835315704
LowerLegAlpha=-0.0981747731566429
LowerLegTheta=0.0785398185253143

[RightLeg]
ThighAlpha=0.0785398185253143
ThighTheta=-0.431968986988068
LowerLegAlpha=0.0589048638939857
LowerLegTheta=-0.589048624038696
