[%General]
Highest=164
CenterX=40.3776714217532
CenterY=203.36587208994
XWidth=54

[LeftLeg]
ThighAlpha=0.0142799690365791
ThighTheta=-0.322092592716217
LowerLegAlpha=-0.0142799615859985
LowerLegTheta=-0.674331784248352

[RightLeg]
ThighAlpha=0.0856798067688942
ThighTheta=0.391905784606934
LowerLegAlpha=0.0285599380731583
LowerLegTheta=0.106306441128254
