[%General]
Highest=165
CenterX=41.5293129619031
CenterY=215.484285963122
XWidth=52

[LeftLeg]
ThighAlpha=0.0785398185253143
ThighTheta=-0.0785398185253143
LowerLegAlpha=-0.0785398185253143
LowerLegTheta=-0.785398185253143

[RightLeg]
ThighAlpha=0.0981747731566429
ThighTheta=0.235619455575943
LowerLegAlpha=0.0392699092626572
LowerLegTheta=-0.0785398185253143
