[%General]
Highest=167
CenterX=37.6521055939661
CenterY=25.3754653580235
XWidth=50

[LeftLeg]
ThighAlpha=0.0142799690365791
ThighTheta=-0.249106079339981
LowerLegAlpha=-0.13922968506813
LowerLegTheta=-0.2522794008255

[RightLeg]
ThighAlpha=0.0678298473358154
ThighTheta=0.322092622518539
LowerLegAlpha=-0.0606898590922356
LowerLegTheta=-0.322092592716217
