[%General]
Highest=169
CenterX=39.9944976296471
CenterY=86.3377326031859
XWidth=54

[LeftLeg]
ThighAlpha=-0.00356999039649963
ThighTheta=0.179292947053909
LowerLegAlpha=-0.0142799615859985
LowerLegTheta=-0.468065589666367

[RightLeg]
ThighAlpha=0.103529766201973
ThighTheta=-0.0364932343363762
LowerLegAlpha=0.0249899476766586
LowerLegTheta=-0.2459327429533
