[%General]
Highest=167
CenterX=37.6521055939661
CenterY=25.3754653580235
XWidth=50

[LeftLeg]
ThighAlpha=0
ThighTheta=-0.235619455575943
LowerLegAlpha=-0.0785398185253143
LowerLegTheta=-0.235619455575943

[RightLeg]
ThighAlpha=0.0589048638939857
ThighTheta=0.314159274101257
LowerLegAlpha=-0.0196349546313286
LowerLegTheta=-0.314159274101257
