[%General]
Highest=163
CenterX=38.7192197824393
CenterY=111.16914331881
XWidth=57

[LeftLeg]
ThighAlpha=-0.0606898590922356
ThighTheta=0.46489229798317
LowerLegAlpha=-0.157079637050629
LowerLegTheta=0.388732463121414

[RightLeg]
ThighAlpha=0.121379725635052
ThighTheta=-0.461718916893005
LowerLegAlpha=0.0428399071097374
LowerLegTheta=-0.395079076290131
