[%General]
Highest=164
CenterX=39.0985892388451
CenterY=54.4571850393701
XWidth=51

[LeftLeg]
ThighAlpha=0.0285599380731583
ThighTheta=-0.391905754804611
LowerLegAlpha=-0.0107099711894989
LowerLegTheta=-0.744144916534424

[RightLeg]
ThighAlpha=0.0856798067688942
ThighTheta=0.46171897649765
LowerLegAlpha=-0.024989940226078
LowerLegTheta=0.0396666079759598
