[%General]
Highest=161
CenterX=39.3039413015859
CenterY=248.319814997216
XWidth=53

[LeftLeg]
ThighAlpha=-0.0392699092626572
ThighTheta=0.454919010400772
LowerLegAlpha=-0.121379718184471
LowerLegTheta=0.49163892865181

[RightLeg]
ThighAlpha=0.0856798067688942
ThighTheta=-0.454918920993805
LowerLegAlpha=0.0428399071097374
LowerLegTheta=-0.182919546961784
