[%General]
Highest=164
CenterX=36.0707505222013
CenterY=8.1496494529812
XWidth=45

[LeftLeg]
ThighAlpha=-0.082109808921814
ThighTheta=0.0265199784189463
LowerLegAlpha=-0.0499798804521561
LowerLegTheta=-0.0564398318529129

[RightLeg]
ThighAlpha=0.13922968506813
ThighTheta=-0.0265199020504951
LowerLegAlpha=0.13922968506813
LowerLegTheta=-0.00339995324611664
