[%General]
Highest=160
CenterX=37.376632823155
CenterY=278.139596908623
XWidth=45

[LeftLeg]
ThighAlpha=-0.13922968506813
ThighTheta=0.388732463121414
LowerLegAlpha=0.00713998824357986
LowerLegTheta=0.0364932715892792

[RightLeg]
ThighAlpha=-0.024989940226078
ThighTheta=-0.325265914201736
LowerLegAlpha=-0.00713998079299927
LowerLegTheta=-0.677505135536194
