[%General]
Highest=168
CenterX=39.6877324451846
CenterY=97.783999444907
XWidth=56

[LeftLeg]
ThighAlpha=-0.082109808921814
ThighTheta=0.342039257287979
LowerLegAlpha=0.021419957280159
LowerLegTheta=0.0863598436117172

[RightLeg]
ThighAlpha=0.121379725635052
ThighTheta=-0.318919241428375
LowerLegAlpha=-0.00713998079299927
LowerLegTheta=-0.222359463572502
