[%General]
Highest=164
CenterX=38.595608075385
CenterY=50.3538169893039
XWidth=51

[LeftLeg]
ThighAlpha=0.0107099786400795
ThighTheta=-0.464892268180847
LowerLegAlpha=-0.0142799615859985
LowerLegTheta=-0.537878751754761

[RightLeg]
ThighAlpha=0.0678298473358154
ThighTheta=0.537878811359406
LowerLegAlpha=-0.0285599306225777
LowerLegTheta=0.030146598815918
