[%General]
Highest=138
CenterX=34.5047627370445
CenterY=307.136699292144
XWidth=40

[LeftLeg]
ThighAlpha=-0.117809727787971
ThighTheta=-0.312119245529175
LowerLegAlpha=-0.103529758751392
LowerLegTheta=-0.0333198830485344

[RightLeg]
ThighAlpha=0.13922968506813
ThighTheta=-0.259079366922379
LowerLegAlpha=0.0999597758054733
LowerLegTheta=-0.116279698908329
