[%General]
Highest=160
CenterX=38.64730693869
CenterY=272.823907743393
XWidth=47

[LeftLeg]
ThighAlpha=-0.117809727787971
ThighTheta=0.46489229798317
LowerLegAlpha=0.021419957280159
LowerLegTheta=0.106306441128254

[RightLeg]
ThighAlpha=0.0499798879027367
ThighTheta=-0.391905754804611
LowerLegAlpha=-0.0107099711894989
LowerLegTheta=-0.607691943645477
