[%General]
Highest=159
CenterX=38.9032550152213
CenterY=267.575926937788
XWidth=46

[LeftLeg]
ThighAlpha=-0.0785398185253143
ThighTheta=0.484838932752609
LowerLegAlpha=-0.0499798804521561
LowerLegTheta=0.199239581823349

[RightLeg]
ThighAlpha=0.0499798879027367
ThighTheta=-0.401879042387009
LowerLegAlpha=0.00713998824357986
LowerLegTheta=-0.574598670005798
