[%General]
Highest=138
CenterX=34.5047627370445
CenterY=307.136699292144
XWidth=40

[LeftLeg]
ThighAlpha=-0.117809727787971
ThighTheta=-0.322092592716217
LowerLegAlpha=-0.103529758751392
LowerLegTheta=0.0364932715892792

[RightLeg]
ThighAlpha=0.13922968506813
ThighTheta=-0.249106079339981
LowerLegAlpha=0.0999597758054733
LowerLegTheta=-0.106306403875351
