[%General]
Highest=164
CenterX=38.6456864399858
CenterY=46.1246018566412
XWidth=51

[LeftLeg]
ThighAlpha=0.0392699092626572
ThighTheta=-0.471238911151886
LowerLegAlpha=-0.0589048638939857
LowerLegTheta=-0.471238911151886

[RightLeg]
ThighAlpha=0.0589048638939857
ThighTheta=0.471238911151886
LowerLegAlpha=0
LowerLegTheta=0.235619455575943
