[%General]
Highest=167
CenterX=38.4633637875646
CenterY=145.158073409127
XWidth=55

[LeftLeg]
ThighAlpha=-0.0999597683548927
ThighTheta=0.179292947053909
LowerLegAlpha=0.00356999784708023
LowerLegTheta=-0.106306403875351

[RightLeg]
ThighAlpha=0.0678298473358154
ThighTheta=0.172946274280548
LowerLegAlpha=-0.0321299210190773
LowerLegTheta=-1.09955739974976
