[%General]
Highest=167
CenterX=36.7836211991857
CenterY=13.236198857293
XWidth=48

[LeftLeg]
ThighAlpha=-0.00713998079299927
ThighTheta=-0.176119565963745
LowerLegAlpha=-0.13922968506813
LowerLegTheta=0.030146598815918

[RightLeg]
ThighAlpha=0.13922968506813
ThighTheta=-0.112653076648712
LowerLegAlpha=0.13922968506813
LowerLegTheta=0.0428399443626404
