[%General]
Highest=166
CenterX=41.501999801262
CenterY=223.068837879465
XWidth=52

[LeftLeg]
ThighAlpha=-0.0392699092626572
ThighTheta=0.176119610667229
LowerLegAlpha=0.00356999784708023
LowerLegTheta=-0.886944591999054

[RightLeg]
ThighAlpha=0.121379725635052
ThighTheta=0.106306441128254
LowerLegAlpha=0.0285599380731583
LowerLegTheta=-0.106306403875351
