[%General]
Highest=166
CenterX=41.2858605419941
CenterY=66.6601250755511
XWidth=54

[LeftLeg]
ThighAlpha=0.0589048638939857
ThighTheta=-0.274889349937439
LowerLegAlpha=0.0589048638939857
LowerLegTheta=-0.746128261089325

[RightLeg]
ThighAlpha=0.0981747731566429
ThighTheta=0.274889349937439
LowerLegAlpha=0.0392699092626572
LowerLegTheta=-0.0785398185253143
