[%General]
Highest=163
CenterX=38.311272343513
CenterY=186.43027504782
XWidth=55

[LeftLeg]
ThighAlpha=-0.0785398185253143
ThighTheta=-0.464892268180847
LowerLegAlpha=-0.0142799615859985
LowerLegTheta=-0.398252427577972

[RightLeg]
ThighAlpha=0.0499798879027367
ThighTheta=0.46489229798317
LowerLegAlpha=-0.0499798804521561
LowerLegTheta=0.391905784606934
