[%General]
Highest=157
CenterX=36.3569457631142
CenterY=283.48982316639
XWidth=44

[LeftLeg]
ThighAlpha=-0.0785398185253143
ThighTheta=0.157079637050629
LowerLegAlpha=-0.0589048638939857
LowerLegTheta=0.157079637050629

[RightLeg]
ThighAlpha=0.0981747731566429
ThighTheta=0.235619455575943
LowerLegAlpha=0.0981747731566429
LowerLegTheta=0.157079637050629
