[%General]
Highest=166
CenterX=40.3570010814067
CenterY=231.212571694523
XWidth=54

[LeftLeg]
ThighAlpha=-0.0428398996591568
ThighTheta=0.252279460430145
LowerLegAlpha=0.00356999784708023
LowerLegTheta=-0.255452752113342

[RightLeg]
ThighAlpha=0.121379725635052
ThighTheta=-0.106306403875351
LowerLegAlpha=0.0249899476766586
LowerLegTheta=-0.109479740262032
