[%General]
Highest=164
CenterX=38.0166847090663
CenterY=127.785629228687
XWidth=57

[LeftLeg]
ThighAlpha=-0.0999597683548927
ThighTheta=0.46489229798317
LowerLegAlpha=-0.0499798804521561
LowerLegTheta=-0.0396665707230568

[RightLeg]
ThighAlpha=0.103529766201973
ThighTheta=-0.391905754804611
LowerLegAlpha=0.0428399071097374
LowerLegTheta=-0.674331784248352
