[%General]
Highest=157
CenterX=36.3569457631142
CenterY=283.48982316639
XWidth=44

[LeftLeg]
ThighAlpha=-0.117809727787971
ThighTheta=0.199239581823349
LowerLegAlpha=-0.0142799615859985
LowerLegTheta=0.116279773414135

[RightLeg]
ThighAlpha=-0.117809727787971
ThighTheta=-0.192439526319504
LowerLegAlpha=0.0606898665428162
LowerLegTheta=-0.837078034877777
