[%General]
Highest=168
CenterX=39.0635737120986
CenterY=152.413201473468
XWidth=55

[LeftLeg]
ThighAlpha=-0.0785398185253143
ThighTheta=-0.0364932343363762
LowerLegAlpha=-0.0499798804521561
LowerLegTheta=-0.0396665707230568

[RightLeg]
ThighAlpha=0.0678298473358154
ThighTheta=0.109479777514935
LowerLegAlpha=-0.0214199498295784
LowerLegTheta=-0.395079076290131
