[%General]
Highest=164
CenterX=39.9486836830148
CenterY=238.375903900693
XWidth=54

[LeftLeg]
ThighAlpha=-0.0428398996591568
ThighTheta=0.391905784606934
LowerLegAlpha=0.00356999784708023
LowerLegTheta=0.109479777514935

[RightLeg]
ThighAlpha=0.103529766201973
ThighTheta=-0.322092592716217
LowerLegAlpha=-0.00713998079299927
LowerLegTheta=-0.030146561563015
