[%General]
Highest=166
CenterX=38.0830574366692
CenterY=32.7762227238525
XWidth=50

[LeftLeg]
ThighAlpha=-0.00713998079299927
ThighTheta=-0.391905754804611
LowerLegAlpha=-0.0499798804521561
LowerLegTheta=-0.325265914201736

[RightLeg]
ThighAlpha=0.0499798879027367
ThighTheta=0.322092622518539
LowerLegAlpha=-0.0642598494887352
LowerLegTheta=0.179292947053909
