[%General]
Highest=146
CenterX=29.386847397972
CenterY=305.617489315344
XWidth=44

[LeftLeg]
ThighAlpha=-0.117809727787971
ThighTheta=-0.176119565963745
LowerLegAlpha=-0.103529758751392
LowerLegTheta=-0.182466238737106

[RightLeg]
ThighAlpha=0.13922968506813
ThighTheta=-0.179292917251587
LowerLegAlpha=0.13922968506813
LowerLegTheta=-0.176119565963745
