[%General]
Highest=160
CenterX=39.1932641041082
CenterY=240.567145983579
XWidth=60

[LeftLeg]
ThighAlpha=-0.0606898590922356
ThighTheta=0.46489229798317
LowerLegAlpha=-0.0321299210190773
LowerLegTheta=0.46171897649765

[RightLeg]
ThighAlpha=0.0999597758054733
ThighTheta=-0.464892268180847
LowerLegAlpha=-0.0142799615859985
LowerLegTheta=-0.24275940656662
