[%General]
Highest=159
CenterX=33.6778240079488
CenterY=279.967335279141
XWidth=47

[LeftLeg]
ThighAlpha=-0.0785398185253143
ThighTheta=0.179292947053909
LowerLegAlpha=-0.0321299210190773
LowerLegTheta=0.103133104741573

[RightLeg]
ThighAlpha=-0.0321299210190773
ThighTheta=0.103133104741573
LowerLegAlpha=-0.13922968506813
LowerLegTheta=-0.959931075572968
