[%General]
Highest=160
CenterX=32.4109061885351
CenterY=284.028704997007
XWidth=47

[LeftLeg]
ThighAlpha=-0.117809727787971
ThighTheta=0.0364932715892792
LowerLegAlpha=0.00356999784708023
LowerLegTheta=0.245932787656784

[RightLeg]
ThighAlpha=0.13922968506813
ThighTheta=0.030146598815918
LowerLegAlpha=0.13922968506813
LowerLegTheta=0.255452781915665
