[%General]
Highest=161
CenterX=39.9119899735413
CenterY=235.767497563014
XWidth=60

[LeftLeg]
ThighAlpha=-0.0392699092626572
ThighTheta=0.484838932752609
LowerLegAlpha=-0.0499798804521561
LowerLegTheta=0.31891930103302

[RightLeg]
ThighAlpha=0.103529766201973
ThighTheta=-0.424998998641968
LowerLegAlpha=0.00356999784708023
LowerLegTheta=-0.0999597311019897
