[%General]
Highest=160
CenterX=32.4109061885351
CenterY=284.028704997007
XWidth=47

[LeftLeg]
ThighAlpha=-0.0785398185253143
ThighTheta=0.0392699092626572
LowerLegAlpha=-0.0785398185253143
LowerLegTheta=0.274889349937439

[RightLeg]
ThighAlpha=0.0981747731566429
ThighTheta=0.0785398185253143
LowerLegAlpha=0.0981747731566429
LowerLegTheta=0.196349546313286
