[%General]
Highest=149
CenterX=30.2867914100742
CenterY=298.935240012632
XWidth=44

[LeftLeg]
ThighAlpha=-0.117809727787971
ThighTheta=-0.146199628710747
LowerLegAlpha=-0.0856797993183136
LowerLegTheta=-0.00339995324611664

[RightLeg]
ThighAlpha=0.13922968506813
ThighTheta=-0.0863597691059113
LowerLegAlpha=0.13922968506813
LowerLegTheta=-0.109479710459709
