[%General]
Highest=162
CenterX=39.0942773161084
CenterY=10.6557499002068
XWidth=49

[LeftLeg]
ThighAlpha=-0.157079637050629
ThighTheta=-0.229159444570541
LowerLegAlpha=-0.13922968506813
LowerLegTheta=0.46171897649765

[RightLeg]
ThighAlpha=0.0142799690365791
ThighTheta=0.169319659471512
LowerLegAlpha=0.021419957280159
LowerLegTheta=-0.139399647712708
