[%General]
Highest=165
CenterX=42.973638886912
CenterY=214.611842573482
XWidth=55

[LeftLeg]
ThighAlpha=-0.0999597683548927
ThighTheta=0.079559862613678
LowerLegAlpha=-0.117809727787971
LowerLegTheta=-0.215559482574463

[RightLeg]
ThighAlpha=0.13922968506813
ThighTheta=0.0265199784189463
LowerLegAlpha=0.121379725635052
LowerLegTheta=-0.116279698908329
