[%General]
Highest=163
CenterX=39.5345934862032
CenterY=51.9309691588688
XWidth=57

[LeftLeg]
ThighAlpha=0.0142799690365791
ThighTheta=-0.179292917251587
LowerLegAlpha=0.0249899476766586
LowerLegTheta=-0.890117883682251

[RightLeg]
ThighAlpha=0.13922968506813
ThighTheta=0.179292947053909
LowerLegAlpha=0.13922968506813
LowerLegTheta=0.0364932715892792
