[%General]
Highest=167
CenterX=40.0626169201631
CenterY=70.1385380477092
XWidth=58

[LeftLeg]
ThighAlpha=0.0107099786400795
ThighTheta=0.249106109142303
LowerLegAlpha=-0.103529758751392
LowerLegTheta=-0.537878751754761

[RightLeg]
ThighAlpha=0.13922968506813
ThighTheta=-0.106306403875351
LowerLegAlpha=0.13922968506813
LowerLegTheta=-0.182466238737106
