[%General]
Highest=163
CenterX=40.7112657831292
CenterY=155.112317310705
XWidth=59

[LeftLeg]
ThighAlpha=-0.0999597683548927
ThighTheta=-0.322092592716217
LowerLegAlpha=-0.13922968506813
LowerLegTheta=-0.10313306748867

[RightLeg]
ThighAlpha=-0.024989940226078
ThighTheta=0.46171897649765
LowerLegAlpha=-0.0856797993183136
LowerLegTheta=0.179292947053909
