[%General]
Highest=165
CenterX=42.973638886912
CenterY=214.611842573482
XWidth=55

[LeftLeg]
ThighAlpha=-0.0999597683548927
ThighTheta=0.109479777514935
LowerLegAlpha=-0.0999597683548927
LowerLegTheta=-0.325265914201736

[RightLeg]
ThighAlpha=0.13922968506813
ThighTheta=0.0364932715892792
LowerLegAlpha=0.121379725635052
LowerLegTheta=-0.176119565963745
