[%General]
Highest=162
CenterX=42.7949187339606
CenterY=190.307082976903
XWidth=57

[LeftLeg]
ThighAlpha=-0.0464098900556564
ThighTheta=-0.192439526319504
LowerLegAlpha=0.00356999784708023
LowerLegTheta=-0.896917939186096

[RightLeg]
ThighAlpha=0.13922968506813
ThighTheta=0.371959179639816
LowerLegAlpha=0.00356999784708023
LowerLegTheta=0.229159519076347
