[%General]
Highest=161
CenterX=42.8344325802913
CenterY=170.664116413724
XWidth=60

[LeftLeg]
ThighAlpha=-0.0392699092626572
ThighTheta=-0.392699092626572
LowerLegAlpha=-0.0785398185253143
LowerLegTheta=-0.314159274101257

[RightLeg]
ThighAlpha=0.0589048638939857
ThighTheta=0.471238911151886
LowerLegAlpha=0
LowerLegTheta=0.549778699874878
