[%General]
Highest=161
CenterX=42.7228880032671
CenterY=175.536775992452
XWidth=60

[LeftLeg]
ThighAlpha=-0.0785398185253143
ThighTheta=-0.392699092626572
LowerLegAlpha=-0.0196349546313286
LowerLegTheta=-0.392699092626572

[RightLeg]
ThighAlpha=0.0785398185253143
ThighTheta=0.471238911151886
LowerLegAlpha=0
LowerLegTheta=0.471238911151886
