[%General]
Highest=163
CenterX=39.6914639868617
CenterY=60.6154395088762
XWidth=57

[LeftLeg]
ThighAlpha=0.103529766201973
ThighTheta=0.103133104741573
LowerLegAlpha=-0.121379718184471
LowerLegTheta=-0.744144916534424

[RightLeg]
ThighAlpha=0.13922968506813
ThighTheta=0.0333199352025986
LowerLegAlpha=0.13922968506813
LowerLegTheta=-0.10313306748867
