[%General]
Highest=151
CenterX=30.9166501504477
CenterY=296.732725536477
XWidth=44

[LeftLeg]
ThighAlpha=-0.0785398185253143
ThighTheta=-0.196349546313286
LowerLegAlpha=-0.0981747731566429
LowerLegTheta=0.117809727787971

[RightLeg]
ThighAlpha=-0.0981747731566429
ThighTheta=0.746128261089325
LowerLegAlpha=0.0785398185253143
LowerLegTheta=-0.392699092626572
