[%General]
Highest=147
CenterX=29.4637521748695
CenterY=301.82783033018
XWidth=43

[LeftLeg]
ThighAlpha=-0.13922968506813
ThighTheta=-0.10313306748867
LowerLegAlpha=-0.0856797993183136
LowerLegTheta=-0.255452752113342

[RightLeg]
ThighAlpha=0.13922968506813
ThighTheta=-0.179292917251587
LowerLegAlpha=0.103529766201973
LowerLegTheta=-0.0364932343363762
