[%General]
Highest=158
CenterX=35.8793394805481
CenterY=264.688879908894
XWidth=52

[LeftLeg]
ThighAlpha=-0.0999597683548927
ThighTheta=0.391905784606934
LowerLegAlpha=-0.0142799615859985
LowerLegTheta=0.395079135894775

[RightLeg]
ThighAlpha=0.0499798879027367
ThighTheta=-0.391905754804611
LowerLegAlpha=-0.0678298398852348
LowerLegTheta=-0.674331784248352
