[%General]
Highest=161
CenterX=39.9119899735413
CenterY=235.767497563014
XWidth=60

[LeftLeg]
ThighAlpha=-0.0214199498295784
ThighTheta=0.534705460071564
LowerLegAlpha=-0.0321299210190773
LowerLegTheta=0.249106109142303

[RightLeg]
ThighAlpha=0.0856798067688942
ThighTheta=-0.395079076290131
LowerLegAlpha=-0.0142799615859985
LowerLegTheta=-0.0999597311019897
