[%General]
Highest=158
CenterX=38.1835786599174
CenterY=249.024560410284
XWidth=59

[LeftLeg]
ThighAlpha=-0.0785398185253143
ThighTheta=0.510508835315704
LowerLegAlpha=0
LowerLegTheta=0.510508835315704

[RightLeg]
ThighAlpha=0.0785398185253143
ThighTheta=-0.510508835315704
LowerLegAlpha=0.0196349546313286
LowerLegTheta=-0.274889349937439
