[%General]
Highest=140
CenterX=29.3665798199905
CenterY=309.541733775462
XWidth=43

[LeftLeg]
ThighAlpha=-0.0981747731566429
ThighTheta=-0.235619455575943
LowerLegAlpha=-0.0785398185253143
LowerLegTheta=-0.196349546313286

[RightLeg]
ThighAlpha=0.0981747731566429
ThighTheta=-0.274889349937439
LowerLegAlpha=0.0981747731566429
LowerLegTheta=-0.196349546313286
