[%General]
Highest=151
CenterX=30.9166501504477
CenterY=296.732725536477
XWidth=44

[LeftLeg]
ThighAlpha=-0.117809727787971
ThighTheta=-0.179292917251587
LowerLegAlpha=-0.0678298398852348
LowerLegTheta=0.0396666079759598

[RightLeg]
ThighAlpha=-0.0999597683548927
ThighTheta=0.74731832742691
LowerLegAlpha=0.021419957280159
LowerLegTheta=-0.391905754804611
