[%General]
Highest=159
CenterX=40.1158443277224
CenterY=26.0619270165571
XWidth=53

[LeftLeg]
ThighAlpha=-0.0392699092626572
ThighTheta=-0.589048624038696
LowerLegAlpha=-0.0589048638939857
LowerLegTheta=-0.117809727787971

[RightLeg]
ThighAlpha=0.0981747731566429
ThighTheta=0.353429168462753
LowerLegAlpha=0.0981747731566429
LowerLegTheta=0.392699092626572
