[%General]
Highest=164
CenterX=41.0243166085594
CenterY=91.3643575362538
XWidth=60

[LeftLeg]
ThighAlpha=-0.121379718184471
ThighTheta=0.424999058246613
LowerLegAlpha=-0.121379718184471
LowerLegTheta=0.468518972396851

[RightLeg]
ThighAlpha=0.13922968506813
ThighTheta=-0.401879042387009
LowerLegAlpha=0.0999597758054733
LowerLegTheta=-0.371959120035172
