[%General]
Highest=164
CenterX=42.4953225412837
CenterY=223.040253260663
XWidth=59

[LeftLeg]
ThighAlpha=0.0285599380731583
ThighTheta=0.401879131793976
LowerLegAlpha=-0.103529758751392
LowerLegTheta=-0.2522794008255

[RightLeg]
ThighAlpha=0.121379725635052
ThighTheta=-0.169319570064545
LowerLegAlpha=0.0249899476766586
LowerLegTheta=-0.00339995324611664
