[%General]
Highest=165
CenterX=43.0826882573375
CenterY=219.088186219536
XWidth=55

[LeftLeg]
ThighAlpha=0.0107099786400795
ThighTheta=0.322092622518539
LowerLegAlpha=-0.117809727787971
LowerLegTheta=-0.607691943645477

[RightLeg]
ThighAlpha=0.13922968506813
ThighTheta=-0.106306403875351
LowerLegAlpha=0.046409897506237
LowerLegTheta=-0.0333198979496956
