[%General]
Highest=160
CenterX=32.4109061885351
CenterY=284.028704997007
XWidth=47

[LeftLeg]
ThighAlpha=-0.117809727787971
ThighTheta=0.0265199784189463
LowerLegAlpha=-0.0499798804521561
LowerLegTheta=0.265879422426224

[RightLeg]
ThighAlpha=0.13922968506813
ThighTheta=0.070039875805378
LowerLegAlpha=0.0999597758054733
LowerLegTheta=0.215559557080269
