[%General]
Highest=161
CenterX=42.1912287470032
CenterY=166.053611287167
XWidth=60

[LeftLeg]
ThighAlpha=-0.0785398185253143
ThighTheta=-0.392699092626572
LowerLegAlpha=-0.0589048638939857
LowerLegTheta=-0.235619455575943

[RightLeg]
ThighAlpha=0
ThighTheta=0.471238911151886
LowerLegAlpha=-0.0196349546313286
LowerLegTheta=0.628318548202515
