[%General]
Highest=163
CenterX=41.0132065435959
CenterY=158.668668837487
XWidth=59

[LeftLeg]
ThighAlpha=-0.0999597683548927
ThighTheta=-0.37875908613205
LowerLegAlpha=-0.103529758751392
LowerLegTheta=-0.132599666714668

[RightLeg]
ThighAlpha=-0.00356999039649963
ThighTheta=0.46171897649765
LowerLegAlpha=-0.121379718184471
LowerLegTheta=0.395079135894775
