[%General]
Highest=163
CenterX=38.7233118903465
CenterY=42.9863458627649
XWidth=55

[LeftLeg]
ThighAlpha=0
ThighTheta=-0.353429168462753
LowerLegAlpha=-0.0392699092626572
LowerLegTheta=-0.785398185253143

[RightLeg]
ThighAlpha=0.0981747731566429
ThighTheta=0.353429168462753
LowerLegAlpha=0.0981747731566429
LowerLegTheta=0.0392699092626572
