[%General]
Highest=162
CenterX=40.8264487743558
CenterY=99.1887115021999
XWidth=61

[LeftLeg]
ThighAlpha=-0.157079637050629
ThighTheta=0.514758884906769
LowerLegAlpha=-0.0999597683548927
LowerLegTheta=0.371959179639816

[RightLeg]
ThighAlpha=0.13922968506813
ThighTheta=-0.461718916893005
LowerLegAlpha=0.0999597758054733
LowerLegTheta=-0.424998998641968
