[%General]
Highest=164
CenterX=38.983000808985
CenterY=47.5828264044295
XWidth=55

[LeftLeg]
ThighAlpha=-0.00356999039649963
ThighTheta=-0.249106079339981
LowerLegAlpha=0.021419957280159
LowerLegTheta=-0.890117883682251

[RightLeg]
ThighAlpha=0.13922968506813
ThighTheta=0.249106109142303
LowerLegAlpha=0.103529766201973
LowerLegTheta=0.0364932715892792
