[%General]
Highest=163
CenterX=41.0394944029317
CenterY=114.46560164906
XWidth=63

[LeftLeg]
ThighAlpha=-0.0999597683548927
ThighTheta=0.46171897649765
LowerLegAlpha=-0.13922968506813
LowerLegTheta=0.179292947053909

[RightLeg]
ThighAlpha=0.13922968506813
ThighTheta=-0.249106079339981
LowerLegAlpha=0.0999597758054733
LowerLegTheta=-0.890117883682251
