[%General]
Highest=162
CenterX=39.3202455810269
CenterY=34.3702901421003
XWidth=54

[LeftLeg]
ThighAlpha=0.0428399071097374
ThighTheta=-0.531532108783722
LowerLegAlpha=-0.121379718184471
LowerLegTheta=-0.398252427577972

[RightLeg]
ThighAlpha=0.13922968506813
ThighTheta=0.322092622518539
LowerLegAlpha=0.103529766201973
LowerLegTheta=0.249106109142303
