[%General]
Highest=161
CenterX=42.8344325802913
CenterY=170.664116413724
XWidth=60

[LeftLeg]
ThighAlpha=-0.0642598494887352
ThighTheta=-0.461718916893005
LowerLegAlpha=0.00356999784708023
LowerLegTheta=-0.182466238737106

[RightLeg]
ThighAlpha=0.0678298473358154
ThighTheta=0.534705460071564
LowerLegAlpha=-0.0142799615859985
LowerLegTheta=0.46489229798317
