[%General]
Highest=158
CenterX=38.1835786599174
CenterY=249.024560410284
XWidth=59

[LeftLeg]
ThighAlpha=-0.0214199498295784
ThighTheta=0.46489229798317
LowerLegAlpha=-0.0999597683548927
LowerLegTheta=0.531532108783722

[RightLeg]
ThighAlpha=0.0642598569393158
ThighTheta=-0.461718916893005
LowerLegAlpha=0.0428399071097374
LowerLegTheta=-0.398252427577972
