[%General]
Highest=163
CenterX=39.6299472893843
CenterY=56.2489997077232
XWidth=57

[LeftLeg]
ThighAlpha=-0.00713998079299927
ThighTheta=0.00340002961456776
LowerLegAlpha=0.021419957280159
LowerLegTheta=-0.94995778799057

[RightLeg]
ThighAlpha=0.13922968506813
ThighTheta=0.079559862613678
LowerLegAlpha=0.121379725635052
LowerLegTheta=-0.0265199020504951
