[%General]
Highest=167
CenterX=42.2037864284195
CenterY=136.89439126427
XWidth=58

[LeftLeg]
ThighAlpha=-0.082109808921814
ThighTheta=0.0333199352025986
LowerLegAlpha=-0.121379718184471
LowerLegTheta=0.0428399443626404

[RightLeg]
ThighAlpha=0.121379725635052
ThighTheta=0.179292947053909
LowerLegAlpha=0.0999597758054733
LowerLegTheta=-0.325265914201736
