[%General]
Highest=149
CenterX=30.2867914100742
CenterY=298.935240012632
XWidth=44

[LeftLeg]
ThighAlpha=-0.117809727787971
ThighTheta=-0.176119565963745
LowerLegAlpha=-0.0856797993183136
LowerLegTheta=0.0364932715892792

[RightLeg]
ThighAlpha=0.13922968506813
ThighTheta=-0.106306403875351
LowerLegAlpha=0.0999597758054733
LowerLegTheta=-0.109479740262032
