[%General]
Highest=167
CenterX=42.2037864284195
CenterY=136.89439126427
XWidth=58

[LeftLeg]
ThighAlpha=-0.082109808921814
ThighTheta=0.0333199612796307
LowerLegAlpha=-0.121379718184471
LowerLegTheta=0.0428399443626404

[RightLeg]
ThighAlpha=0.13922968506813
ThighTheta=0.0564399100840092
LowerLegAlpha=0.0999597758054733
LowerLegTheta=-0.139399647712708
