[%General]
Highest=163
CenterX=41.5897853924591
CenterY=124.166261560351
XWidth=61

[LeftLeg]
ThighAlpha=-0.117809727787971
ThighTheta=0.288999378681183
LowerLegAlpha=-0.121379718184471
LowerLegTheta=0.109479792416096

[RightLeg]
ThighAlpha=0.121379725635052
ThighTheta=-0.109479710459709
LowerLegAlpha=0.00713998824357986
LowerLegTheta=-0.94995778799057
