[%General]
Highest=166
CenterX=41.9836098804043
CenterY=141.586801030898
XWidth=58

[LeftLeg]
ThighAlpha=-0.0999597683548927
ThighTheta=-0.10313306748867
LowerLegAlpha=-0.121379718184471
LowerLegTheta=0.030146598815918

[RightLeg]
ThighAlpha=0.0678298473358154
ThighTheta=0.252279460430145
LowerLegAlpha=0.0606898665428162
LowerLegTheta=-0.391905754804611
