[%General]
Highest=164
CenterX=41.623250476991
CenterY=227.36249983322
XWidth=60

[LeftLeg]
ThighAlpha=-0.024989940226078
ThighTheta=0.531532108783722
LowerLegAlpha=-0.0107099711894989
LowerLegTheta=-0.172946244478226

[RightLeg]
ThighAlpha=0.121379725635052
ThighTheta=-0.249106079339981
LowerLegAlpha=0.00356999784708023
LowerLegTheta=-0.10313306748867
