[%General]
Highest=158
CenterX=35.8793394805481
CenterY=264.688879908894
XWidth=52

[LeftLeg]
ThighAlpha=-0.0981747731566429
ThighTheta=0.431968986988068
LowerLegAlpha=0.0392699092626572
LowerLegTheta=0.353429168462753

[RightLeg]
ThighAlpha=0.0392699092626572
ThighTheta=-0.392699092626572
LowerLegAlpha=-0.0589048638939857
LowerLegTheta=-0.667588412761688
