[%General]
Highest=166
CenterX=42.4253085563722
CenterY=133.038330328665
XWidth=58

[LeftLeg]
ThighAlpha=-0.117809727787971
ThighTheta=0.0863598436117172
LowerLegAlpha=-0.0678298398852348
LowerLegTheta=0.0632398948073387

[RightLeg]
ThighAlpha=0.0856798067688942
ThighTheta=0.00340002961456776
LowerLegAlpha=-0.00356999039649963
LowerLegTheta=-0.581398665904999
