[%General]
Highest=163
CenterX=38.7233118903465
CenterY=42.9863458627649
XWidth=55

[LeftLeg]
ThighAlpha=0.0142799690365791
ThighTheta=-0.391905754804611
LowerLegAlpha=0.00356999784708023
LowerLegTheta=-0.747318267822266

[RightLeg]
ThighAlpha=0.13922968506813
ThighTheta=0.322092622518539
LowerLegAlpha=0.103529766201973
LowerLegTheta=0.106306441128254
