[%General]
Highest=162
CenterX=43.097093065827
CenterY=180.692421468844
XWidth=59

[LeftLeg]
ThighAlpha=-0.0428398996591568
ThighTheta=-0.391905754804611
LowerLegAlpha=-0.0142799615859985
LowerLegTheta=-0.537878751754761

[RightLeg]
ThighAlpha=0.103529766201973
ThighTheta=0.46171897649765
LowerLegAlpha=0.0107099786400795
LowerLegTheta=0.325265944004059
