[%General]
Highest=151
CenterX=31.6501136923786
CenterY=294.279762756603
XWidth=44

[LeftLeg]
ThighAlpha=-0.117809727787971
ThighTheta=-0.169319570064545
LowerLegAlpha=-0.0321299210190773
LowerLegTheta=0.169319659471512

[RightLeg]
ThighAlpha=-0.0606898590922356
ThighTheta=0.627638638019562
LowerLegAlpha=0.121379725635052
LowerLegTheta=-0.507958829402924
