[%General]
Highest=140
CenterX=29.3665798199905
CenterY=309.541733775462
XWidth=43

[LeftLeg]
ThighAlpha=-0.117809727787971
ThighTheta=-0.249106079339981
LowerLegAlpha=-0.103529758751392
LowerLegTheta=-0.179292917251587

[RightLeg]
ThighAlpha=0.13922968506813
ThighTheta=-0.318919241428375
LowerLegAlpha=0.13922968506813
LowerLegTheta=-0.112653076648712
