[%General]
Highest=165
CenterX=43.0826882573375
CenterY=219.088186219536
XWidth=55

[LeftLeg]
ThighAlpha=0.0285599380731583
ThighTheta=0.252279460430145
LowerLegAlpha=-0.117809727787971
LowerLegTheta=-0.358359158039093

[RightLeg]
ThighAlpha=0.121379725635052
ThighTheta=-0.0863597691059113
LowerLegAlpha=0.0642598569393158
LowerLegTheta=-0.0333198830485344
