[%General]
Highest=166
CenterX=41.9836098804043
CenterY=141.586801030898
XWidth=58

[LeftLeg]
ThighAlpha=-0.0999597683548927
ThighTheta=-0.0632398128509521
LowerLegAlpha=-0.157079637050629
LowerLegTheta=-0.0197199191898108

[RightLeg]
ThighAlpha=0.0678298473358154
ThighTheta=0.252279460430145
LowerLegAlpha=0.0606898665428162
LowerLegTheta=-0.371959120035172
