[%General]
Highest=162
CenterX=39.0739983753898
CenterY=18.5353876791657
XWidth=52

[LeftLeg]
ThighAlpha=0.0392699092626572
ThighTheta=-0.314159274101257
LowerLegAlpha=-0.0785398185253143
LowerLegTheta=-0.157079637050629

[RightLeg]
ThighAlpha=0.0589048638939857
ThighTheta=0.235619455575943
LowerLegAlpha=0.0196349546313286
LowerLegTheta=0.471238911151886
