[%General]
Highest=164
CenterX=39.6614964768088
CenterY=65.3144115044719
XWidth=57

[LeftLeg]
ThighAlpha=0.0107099786400795
ThighTheta=0.249106109142303
LowerLegAlpha=-0.0499798804521561
LowerLegTheta=-0.81395810842514

[RightLeg]
ThighAlpha=0.13922968506813
ThighTheta=-0.0333198979496956
LowerLegAlpha=0.13922968506813
LowerLegTheta=-0.179292917251587
