[%General]
Highest=165
CenterX=41.0929187166801
CenterY=87.8172187427193
XWidth=59

[LeftLeg]
ThighAlpha=-0.0999597683548927
ThighTheta=0.46489229798317
LowerLegAlpha=-0.0464098900556564
LowerLegTheta=0.249106109142303

[RightLeg]
ThighAlpha=0.13922968506813
ThighTheta=-0.388732433319092
LowerLegAlpha=0.103529766201973
LowerLegTheta=-0.325265914201736
