[%General]
Highest=162
CenterX=39.3202455810269
CenterY=34.3702901421003
XWidth=54

[LeftLeg]
ThighAlpha=0.0392699092626572
ThighTheta=-0.510508835315704
LowerLegAlpha=-0.0981747731566429
LowerLegTheta=-0.392699092626572

[RightLeg]
ThighAlpha=0.0981747731566429
ThighTheta=0.353429168462753
LowerLegAlpha=0.0981747731566429
LowerLegTheta=0.235619455575943
