[%General]
Highest=162
CenterX=39.0739983753898
CenterY=18.5353876791657
XWidth=52

[LeftLeg]
ThighAlpha=0.0285599380731583
ThighTheta=-0.342039197683334
LowerLegAlpha=-0.0856797993183136
LowerLegTheta=-0.146199628710747

[RightLeg]
ThighAlpha=0.0678298473358154
ThighTheta=0.252279460430145
LowerLegAlpha=0.00713998824357986
LowerLegTheta=0.438599050045013
