[%General]
Highest=163
CenterX=40.9619539579206
CenterY=94.777655910935
XWidth=61

[LeftLeg]
ThighAlpha=-0.0999597683548927
ThighTheta=0.46171897649765
LowerLegAlpha=-0.13922968506813
LowerLegTheta=0.46489229798317

[RightLeg]
ThighAlpha=0.13922968506813
ThighTheta=-0.461718916893005
LowerLegAlpha=0.121379725635052
LowerLegTheta=-0.395079076290131
