[%General]
Highest=167
CenterX=40.7019696676034
CenterY=74.8724803760054
XWidth=59

[LeftLeg]
ThighAlpha=-0.0196349546313286
ThighTheta=0.353429168462753
LowerLegAlpha=0.0196349546313286
LowerLegTheta=-0.392699092626572

[RightLeg]
ThighAlpha=0.0981747731566429
ThighTheta=-0.196349546313286
LowerLegAlpha=0.0981747731566429
LowerLegTheta=-0.235619455575943
