[%General]
Highest=163
CenterX=41.5897853924591
CenterY=124.166261560351
XWidth=61

[LeftLeg]
ThighAlpha=-0.0999597683548927
ThighTheta=0.31891930103302
LowerLegAlpha=-0.121379718184471
LowerLegTheta=0.0396666079759598

[RightLeg]
ThighAlpha=0.121379725635052
ThighTheta=-0.109479740262032
LowerLegAlpha=0.00713998824357986
LowerLegTheta=-0.959931075572968
