[%General]
Highest=162
CenterX=39.0942773161084
CenterY=10.6557499002068
XWidth=49

[LeftLeg]
ThighAlpha=-0.157079637050629
ThighTheta=-0.179292917251587
LowerLegAlpha=-0.13922968506813
LowerLegTheta=0.322092622518539

[RightLeg]
ThighAlpha=0.0142799690365791
ThighTheta=0.176119610667229
LowerLegAlpha=-0.0107099711894989
LowerLegTheta=-0.106306403875351
