[%General]
Highest=161
CenterX=42.1912287470032
CenterY=166.053611287167
XWidth=60

[LeftLeg]
ThighAlpha=-0.0464098900556564
ThighTheta=-0.395079076290131
LowerLegAlpha=-0.103529758751392
LowerLegTheta=-0.249106079339981

[RightLeg]
ThighAlpha=0.0321299284696579
ThighTheta=0.537878811359406
LowerLegAlpha=-0.0642598494887352
LowerLegTheta=0.531532108783722
