[%General]
Highest=162
CenterX=41.1499602279395
CenterY=108.851330734023
XWidth=62

[LeftLeg]
ThighAlpha=-0.0999597683548927
ThighTheta=0.534705460071564
LowerLegAlpha=-0.13922968506813
LowerLegTheta=0.179292947053909

[RightLeg]
ThighAlpha=0.13922968506813
ThighTheta=-0.388732433319092
LowerLegAlpha=0.0821098163723946
LowerLegTheta=-0.680678427219391
