[%General]
Highest=163
CenterX=39.5345934862032
CenterY=51.9309691588688
XWidth=57

[LeftLeg]
ThighAlpha=0.0142799690365791
ThighTheta=-0.139399647712708
LowerLegAlpha=0.0249899476766586
LowerLegTheta=-0.920037806034088

[RightLeg]
ThighAlpha=0.13922968506813
ThighTheta=0.169319659471512
LowerLegAlpha=0.13922968506813
LowerLegTheta=0.0265199784189463
