[%General]
Highest=165
CenterX=41.7396326085983
CenterY=128.373808067091
XWidth=59

[LeftLeg]
ThighAlpha=-0.117809727787971
ThighTheta=0.206039562821388
LowerLegAlpha=-0.0856797993183136
LowerLegTheta=0.0727598741650581

[RightLeg]
ThighAlpha=0.13922968506813
ThighTheta=0.0632398948073387
LowerLegAlpha=-0.0999597683548927
LowerLegTheta=-1.0097975730896
