[%General]
Highest=160
CenterX=39.8153198315621
CenterY=21.8403181605508
XWidth=52

[LeftLeg]
ThighAlpha=0.0107099786400795
ThighTheta=-0.464892268180847
LowerLegAlpha=-0.0464098900556564
LowerLegTheta=-0.106306403875351

[RightLeg]
ThighAlpha=0.121379725635052
ThighTheta=0.325265944004059
LowerLegAlpha=0.0107099786400795
LowerLegTheta=0.46171897649765
