[%General]
Highest=165
CenterX=41.7396326085983
CenterY=128.373808067091
XWidth=59

[LeftLeg]
ThighAlpha=-0.117809727787971
ThighTheta=0.245932787656784
LowerLegAlpha=-0.103529758751392
LowerLegTheta=0.0428399443626404

[RightLeg]
ThighAlpha=0.103529766201973
ThighTheta=0.103133104741573
LowerLegAlpha=0.00713998824357986
LowerLegTheta=-1.02974426746368
