[%General]
Highest=164
CenterX=41.623250476991
CenterY=227.36249983322
XWidth=60

[LeftLeg]
ThighAlpha=-0.0196349546313286
ThighTheta=0.510508835315704
LowerLegAlpha=-0.0196349546313286
LowerLegTheta=-0.157079637050629

[RightLeg]
ThighAlpha=0.0981747731566429
ThighTheta=-0.274889349937439
LowerLegAlpha=0.0196349546313286
LowerLegTheta=-0.0392699092626572
