[%General]
Highest=166
CenterX=42.4253085563722
CenterY=133.038330328665
XWidth=58

[LeftLeg]
ThighAlpha=-0.0999597683548927
ThighTheta=0.106306441128254
LowerLegAlpha=-0.0678298398852348
LowerLegTheta=0.0333199352025986

[RightLeg]
ThighAlpha=0.121379725635052
ThighTheta=0.172946274280548
LowerLegAlpha=0.0142799690365791
LowerLegTheta=-0.67115843296051
