[%General]
Highest=161
CenterX=42.7228880032671
CenterY=175.536775992452
XWidth=60

[LeftLeg]
ThighAlpha=-0.0606898590922356
ThighTheta=-0.464892268180847
LowerLegAlpha=-0.0142799615859985
LowerLegTheta=-0.318919241428375

[RightLeg]
ThighAlpha=0.0856798067688942
ThighTheta=0.46489229798317
LowerLegAlpha=0.00713998824357986
LowerLegTheta=0.46171897649765
