[%General]
Highest=162
CenterX=39.0739983753898
CenterY=18.5353876791657
XWidth=52

[LeftLeg]
ThighAlpha=0.0821098163723946
ThighTheta=-0.322092592716217
LowerLegAlpha=-0.13922968506813
LowerLegTheta=-0.176119565963745

[RightLeg]
ThighAlpha=0.0678298473358154
ThighTheta=0.252279460430145
LowerLegAlpha=0.00713998824357986
LowerLegTheta=0.458545625209808
