[%General]
Highest=162
CenterX=41.1499602279395
CenterY=108.851330734023
XWidth=62

[LeftLeg]
ThighAlpha=-0.117809727787971
ThighTheta=0.574598729610443
LowerLegAlpha=-0.121379718184471
LowerLegTheta=0.109479792416096

[RightLeg]
ThighAlpha=0.13922968506813
ThighTheta=-0.37875908613205
LowerLegAlpha=0.0999597758054733
LowerLegTheta=-0.650758504867554
