[%General]
Highest=146
CenterX=29.386847397972
CenterY=305.617489315344
XWidth=44

[LeftLeg]
ThighAlpha=-0.117809727787971
ThighTheta=-0.206039488315582
LowerLegAlpha=-0.103529758751392
LowerLegTheta=-0.132599666714668

[RightLeg]
ThighAlpha=0.13922968506813
ThighTheta=-0.169319570064545
LowerLegAlpha=0.121379725635052
LowerLegTheta=-0.206039488315582
