[%General]
Highest=161
CenterX=39.7889380589077
CenterY=30.0737856683256
XWidth=54

[LeftLeg]
ThighAlpha=0.0321299284696579
ThighTheta=-0.537878751754761
LowerLegAlpha=-0.13922968506813
LowerLegTheta=-0.2459327429533

[RightLeg]
ThighAlpha=0.13922968506813
ThighTheta=0.391905784606934
LowerLegAlpha=0.121379725635052
LowerLegTheta=0.249106109142303
