[%General]
Highest=164
CenterX=42.1892205718709
CenterY=209.719273630397
XWidth=53

[LeftLeg]
ThighAlpha=-0.0606898590922356
ThighTheta=0.152999684214592
LowerLegAlpha=0.00356999784708023
LowerLegTheta=-0.67115843296051

[RightLeg]
ThighAlpha=0.13922968506813
ThighTheta=0.0863598436117172
LowerLegAlpha=-0.0392699092626572
LowerLegTheta=0.0333199612796307
