[%General]
Highest=163
CenterX=41.23040094864
CenterY=119.988601497073
XWidth=61

[LeftLeg]
ThighAlpha=-0.0999597683548927
ThighTheta=0.391905784606934
LowerLegAlpha=-0.157079637050629
LowerLegTheta=0.0396666079759598

[RightLeg]
ThighAlpha=0.13922968506813
ThighTheta=-0.179292917251587
LowerLegAlpha=0.0428399071097374
LowerLegTheta=-0.959931075572968
