[%General]
Highest=165
CenterX=42.973638886912
CenterY=214.611842573482
XWidth=55

[LeftLeg]
ThighAlpha=-0.0981747731566429
ThighTheta=0.117809727787971
LowerLegAlpha=-0.0981747731566429
LowerLegTheta=-0.353429168462753

[RightLeg]
ThighAlpha=0.0981747731566429
ThighTheta=0
LowerLegAlpha=0.0981747731566429
LowerLegTheta=-0.0785398185253143
