[%General]
Highest=166
CenterX=41.3032376547409
CenterY=83.9146782750646
XWidth=58

[LeftLeg]
ThighAlpha=-0.0785398185253143
ThighTheta=0.431968986988068
LowerLegAlpha=0.0392699092626572
LowerLegTheta=0.0392699092626572

[RightLeg]
ThighAlpha=0.0981747731566429
ThighTheta=-0.353429168462753
LowerLegAlpha=0.0981747731566429
LowerLegTheta=-0.196349546313286
