[%General]
Highest=163
CenterX=42.5261752136752
CenterY=200.162720567963
XWidth=55

[LeftLeg]
ThighAlpha=-0.00713998079299927
ThighTheta=0.0333199352025986
LowerLegAlpha=-0.103529758751392
LowerLegTheta=-1.09955739974976

[RightLeg]
ThighAlpha=0.121379725635052
ThighTheta=0.249106109142303
LowerLegAlpha=-0.0107099711894989
LowerLegTheta=0.106306441128254
