[%General]
Highest=164
CenterX=41.8379090015447
CenterY=205.421763095071
XWidth=53

[LeftLeg]
ThighAlpha=-0.0285599306225777
ThighTheta=0.172946274280548
LowerLegAlpha=-0.13922968506813
LowerLegTheta=-1.09955739974976

[RightLeg]
ThighAlpha=0.13922968506813
ThighTheta=0.176119610667229
LowerLegAlpha=-0.0606898590922356
LowerLegTheta=0.0333199352025986
