[%General]
Highest=167
CenterX=40.7019696676034
CenterY=74.8724803760054
XWidth=59

[LeftLeg]
ThighAlpha=-0.0107099711894989
ThighTheta=0.391905784606934
LowerLegAlpha=-0.0321299210190773
LowerLegTheta=-0.537878751754761

[RightLeg]
ThighAlpha=0.13922968506813
ThighTheta=-0.179292917251587
LowerLegAlpha=0.13922968506813
LowerLegTheta=-0.249106079339981
