[%General]
Highest=163
CenterX=38.8358822394042
CenterY=38.50787379225
XWidth=54

[LeftLeg]
ThighAlpha=-0.00356999039649963
ThighTheta=-0.391905754804611
LowerLegAlpha=-0.0285599306225777
LowerLegTheta=-0.607691943645477

[RightLeg]
ThighAlpha=0.13922968506813
ThighTheta=0.322092622518539
LowerLegAlpha=0.103529766201973
LowerLegTheta=0.176119610667229
