[%General]
Highest=164
CenterX=41.8379090015447
CenterY=205.421763095071
XWidth=53

[LeftLeg]
ThighAlpha=-0.0285599306225777
ThighTheta=0.18291962146759
LowerLegAlpha=-0.121379718184471
LowerLegTheta=-1.09955739974976

[RightLeg]
ThighAlpha=0.13922968506813
ThighTheta=0.146199703216553
LowerLegAlpha=-0.0785398185253143
LowerLegTheta=0.0931598246097565
