[%General]
Highest=162
CenterX=39.1454906645921
CenterY=16.0070015559013
XWidth=51

[LeftLeg]
ThighAlpha=0.0321299284696579
ThighTheta=-0.534705400466919
LowerLegAlpha=-0.0856797993183136
LowerLegTheta=0.31891930103302

[RightLeg]
ThighAlpha=0.0499798879027367
ThighTheta=0.252279460430145
LowerLegAlpha=-0.00713998079299927
LowerLegTheta=0.315745949745178
