[%General]
Highest=159
CenterX=35.096493427415
CenterY=270.763297396039
XWidth=51

[LeftLeg]
ThighAlpha=-0.0785398185253143
ThighTheta=0.322092622518539
LowerLegAlpha=-0.0142799615859985
LowerLegTheta=0.31891930103302

[RightLeg]
ThighAlpha=-0.00713998079299927
ThighTheta=-0.182466238737106
LowerLegAlpha=-0.0499798804521561
LowerLegTheta=-0.886944591999054
