[%General]
Highest=156
CenterX=31.9928073981048
CenterY=290.629466834113
XWidth=45

[LeftLeg]
ThighAlpha=-0.157079637050629
ThighTheta=-0.106306403875351
LowerLegAlpha=-0.0499798804521561
LowerLegTheta=0.172946274280548

[RightLeg]
ThighAlpha=-0.00356999039649963
ThighTheta=0.531532108783722
LowerLegAlpha=0.0285599380731583
LowerLegTheta=-0.67115843296051
