[%General]
Highest=151
CenterX=31.6501136923786
CenterY=294.279762756603
XWidth=44

[LeftLeg]
ThighAlpha=-0.117809727787971
ThighTheta=-0.179292917251587
LowerLegAlpha=-0.0499798804521561
LowerLegTheta=0.179292947053909

[RightLeg]
ThighAlpha=-0.0606898590922356
ThighTheta=0.60451865196228
LowerLegAlpha=0.0606898665428162
LowerLegTheta=-0.461718916893005
