[%General]
Highest=162
CenterX=39.0739983753898
CenterY=18.5353876791657
XWidth=52

[LeftLeg]
ThighAlpha=0.0392699092626572
ThighTheta=-0.353429168462753
LowerLegAlpha=-0.0981747731566429
LowerLegTheta=-0.117809727787971

[RightLeg]
ThighAlpha=0.0589048638939857
ThighTheta=0.274889349937439
LowerLegAlpha=0.0196349546313286
LowerLegTheta=0.431968986988068
