[%General]
Highest=162
CenterX=39.0942773161084
CenterY=10.6557499002068
XWidth=49

[LeftLeg]
ThighAlpha=-0.0785398185253143
ThighTheta=-0.274889349937439
LowerLegAlpha=-0.0981747731566429
LowerLegTheta=0.392699092626572

[RightLeg]
ThighAlpha=0.0196349546313286
ThighTheta=0.157079637050629
LowerLegAlpha=-0.0196349546313286
LowerLegTheta=-0.117809727787971
