[%General]
Highest=162
CenterX=43.0495031345872
CenterY=185.56045751634
XWidth=58

[LeftLeg]
ThighAlpha=-0.0392699092626572
ThighTheta=-0.391905754804611
LowerLegAlpha=-0.0321299210190773
LowerLegTheta=-0.607691943645477

[RightLeg]
ThighAlpha=0.13922968506813
ThighTheta=0.46171897649765
LowerLegAlpha=-0.00356999039649963
LowerLegTheta=0.249106109142303
