[%General]
Highest=167
CenterX=40.0626169201631
CenterY=70.1385380477092
XWidth=58

[LeftLeg]
ThighAlpha=-0.024989940226078
ThighTheta=0.199239581823349
LowerLegAlpha=-0.0142799615859985
LowerLegTheta=-0.478038877248764

[RightLeg]
ThighAlpha=0.13922968506813
ThighTheta=-0.0863597691059113
LowerLegAlpha=0.13922968506813
LowerLegTheta=-0.2522794008255
