[%General]
Highest=165
CenterX=41.5968822999527
CenterY=146.041192726384
XWidth=59

[LeftLeg]
ThighAlpha=-0.082109808921814
ThighTheta=-0.176119565963745
LowerLegAlpha=-0.13922968506813
LowerLegTheta=0.0333199352025986

[RightLeg]
ThighAlpha=0.0142799690365791
ThighTheta=0.391905784606934
LowerLegAlpha=-0.0142799615859985
LowerLegTheta=-0.398252427577972
