[%General]
Highest=164
CenterX=42.1892205718709
CenterY=209.719273630397
XWidth=53

[LeftLeg]
ThighAlpha=-0.0428398996591568
ThighTheta=0.172946274280548
LowerLegAlpha=-0.0499798804521561
LowerLegTheta=-0.67115843296051

[RightLeg]
ThighAlpha=0.103529766201973
ThighTheta=0.106306441128254
LowerLegAlpha=-0.00713998079299927
LowerLegTheta=0.0396666079759598
