[%General]
Highest=162
CenterX=43.0495031345872
CenterY=185.56045751634
XWidth=58

[LeftLeg]
ThighAlpha=-0.0392699092626572
ThighTheta=-0.371959120035172
LowerLegAlpha=-0.0142799615859985
LowerLegTheta=-0.597718596458435

[RightLeg]
ThighAlpha=0.103529766201973
ThighTheta=0.431799054145813
LowerLegAlpha=0.0499798879027367
LowerLegTheta=0.259079456329346
