[%General]
Highest=159
CenterX=38.6781668950959
CenterY=244.660349417899
XWidth=59

[LeftLeg]
ThighAlpha=-0.082109808921814
ThighTheta=0.46489229798317
LowerLegAlpha=0.00356999784708023
LowerLegTheta=0.531532108783722

[RightLeg]
ThighAlpha=0.103529766201973
ThighTheta=-0.534705400466919
LowerLegAlpha=-0.0107099711894989
LowerLegTheta=-0.179292917251587
