[%General]
Highest=163
CenterX=40.9619539579206
CenterY=94.777655910935
XWidth=61

[LeftLeg]
ThighAlpha=-0.117809727787971
ThighTheta=0.49163892865181
LowerLegAlpha=-0.157079637050629
LowerLegTheta=0.424999058246613

[RightLeg]
ThighAlpha=0.13922968506813
ThighTheta=-0.431798994541168
LowerLegAlpha=0.13922968506813
LowerLegTheta=-0.424998998641968
