[%General]
Highest=159
CenterX=35.0422417955677
CenterY=275.658569073744
XWidth=50

[LeftLeg]
ThighAlpha=-0.0999597683548927
ThighTheta=0.249106109142303
LowerLegAlpha=0.021419957280159
LowerLegTheta=0.249106109142303

[RightLeg]
ThighAlpha=-0.0464098900556564
ThighTheta=-0.109479740262032
LowerLegAlpha=0.00356999784708023
LowerLegTheta=-0.890117883682251
