[%General]
Highest=164
CenterX=39.6614964768088
CenterY=65.3144115044719
XWidth=57

[LeftLeg]
ThighAlpha=0.0107099786400795
ThighTheta=0.229159519076347
LowerLegAlpha=-0.0321299210190773
LowerLegTheta=-0.81395810842514

[RightLeg]
ThighAlpha=0.13922968506813
ThighTheta=-0.0333198830485344
LowerLegAlpha=0.13922968506813
LowerLegTheta=-0.169319570064545
