[%General]
Highest=166
CenterX=41.3032376547409
CenterY=83.9146782750646
XWidth=58

[LeftLeg]
ThighAlpha=-0.082109808921814
ThighTheta=0.46489229798317
LowerLegAlpha=0.00356999784708023
LowerLegTheta=0.030146598815918

[RightLeg]
ThighAlpha=0.13922968506813
ThighTheta=-0.322092592716217
LowerLegAlpha=0.0999597758054733
LowerLegTheta=-0.2459327429533
