[%General]
Highest=164
CenterX=42.1892205718709
CenterY=209.719273630397
XWidth=53

[LeftLeg]
ThighAlpha=-0.0392699092626572
ThighTheta=0.157079637050629
LowerLegAlpha=0
LowerLegTheta=-0.785398185253143

[RightLeg]
ThighAlpha=0.0981747731566429
ThighTheta=0.117809727787971
LowerLegAlpha=0
LowerLegTheta=-0.0392699092626572
