[%General]
Highest=158
CenterX=31.8911355570362
CenterY=287.268163337458
XWidth=44

[LeftLeg]
ThighAlpha=-0.117809727787971
ThighTheta=-0.0364932343363762
LowerLegAlpha=-0.0499798804521561
LowerLegTheta=0.185639619827271

[RightLeg]
ThighAlpha=0.0678298473358154
ThighTheta=0.46171897649765
LowerLegAlpha=-0.0107099711894989
LowerLegTheta=-0.820304751396179
