[%General]
Highest=161
CenterX=41.5945518380261
CenterY=162.133664534214
XWidth=58

[LeftLeg]
ThighAlpha=-0.0606898590922356
ThighTheta=-0.401879042387009
LowerLegAlpha=-0.103529758751392
LowerLegTheta=-0.146199628710747

[RightLeg]
ThighAlpha=-0.024989940226078
ThighTheta=0.49163892865181
LowerLegAlpha=-0.0642598494887352
LowerLegTheta=0.514758884906769
