[%General]
Highest=161
CenterX=41.5945518380261
CenterY=162.133664534214
XWidth=58

[LeftLeg]
ThighAlpha=-0.0606898590922356
ThighTheta=-0.391905754804611
LowerLegAlpha=-0.121379718184471
LowerLegTheta=-0.176119565963745

[RightLeg]
ThighAlpha=-0.024989940226078
ThighTheta=0.46171897649765
LowerLegAlpha=-0.0642598494887352
LowerLegTheta=0.60451865196228
