[%General]
Highest=158
CenterX=36.4498337366598
CenterY=258.778982921012
XWidth=53

[LeftLeg]
ThighAlpha=-0.0999597683548927
ThighTheta=0.46489229798317
LowerLegAlpha=0.00356999784708023
LowerLegTheta=0.388732463121414

[RightLeg]
ThighAlpha=0.0321299284696579
ThighTheta=-0.464892268180847
LowerLegAlpha=0.00713998824357986
LowerLegTheta=-0.537878751754761
