[%General]
Highest=162
CenterX=39.1454906645921
CenterY=16.0070015559013
XWidth=51

[LeftLeg]
ThighAlpha=0.0678298473358154
ThighTheta=-0.514758765697479
LowerLegAlpha=-0.157079637050629
LowerLegTheta=0.259079456329346

[RightLeg]
ThighAlpha=0.0499798879027367
ThighTheta=0.252279460430145
LowerLegAlpha=-0.00713998079299927
LowerLegTheta=0.295799374580383
