[%General]
Highest=159
CenterX=35.096493427415
CenterY=270.763297396039
XWidth=51

[LeftLeg]
ThighAlpha=-0.0785398185253143
ThighTheta=0.371959179639816
LowerLegAlpha=-0.0321299210190773
LowerLegTheta=0.199239581823349

[RightLeg]
ThighAlpha=-0.00713998079299927
ThighTheta=-0.162519589066505
LowerLegAlpha=-0.0142799615859985
LowerLegTheta=-0.926837861537933
