[%General]
Highest=164
CenterX=41.0243166085594
CenterY=91.3643575362538
XWidth=60

[LeftLeg]
ThighAlpha=-0.13922968506813
ThighTheta=0.46489229798317
LowerLegAlpha=-0.103529758751392
LowerLegTheta=0.388732463121414

[RightLeg]
ThighAlpha=0.13922968506813
ThighTheta=-0.391905754804611
LowerLegAlpha=0.0821098163723946
LowerLegTheta=-0.391905754804611
