[%General]
Highest=158
CenterX=36.4498337366598
CenterY=258.778982921012
XWidth=53

[LeftLeg]
ThighAlpha=-0.0785398185253143
ThighTheta=0.471238911151886
LowerLegAlpha=0
LowerLegTheta=0.392699092626572

[RightLeg]
ThighAlpha=0.0392699092626572
ThighTheta=-0.471238911151886
LowerLegAlpha=0
LowerLegTheta=-0.549778699874878
