[%General]
Highest=162
CenterX=38.684344524678
CenterY=13.4044815007817
XWidth=49

[LeftLeg]
ThighAlpha=-0.0785398185253143
ThighTheta=-0.392699092626572
LowerLegAlpha=-0.0981747731566429
LowerLegTheta=0.628318548202515

[RightLeg]
ThighAlpha=0.0196349546313286
ThighTheta=0.235619455575943
LowerLegAlpha=0
LowerLegTheta=0.0785398185253143
