[%General]
Highest=165
CenterX=40.9834299587407
CenterY=79.399830186927
XWidth=57

[LeftLeg]
ThighAlpha=0.0107099786400795
ThighTheta=0.46489229798317
LowerLegAlpha=-0.0142799615859985
LowerLegTheta=-0.325265914201736

[RightLeg]
ThighAlpha=0.13922968506813
ThighTheta=-0.318919241428375
LowerLegAlpha=0.121379725635052
LowerLegTheta=-0.182466238737106
