[%General]
Highest=163
CenterX=41.0394944029317
CenterY=114.46560164906
XWidth=63

[LeftLeg]
ThighAlpha=-0.117809727787971
ThighTheta=0.49163892865181
LowerLegAlpha=-0.13922968506813
LowerLegTheta=0.109479792416096

[RightLeg]
ThighAlpha=0.13922968506813
ThighTheta=-0.259079366922379
LowerLegAlpha=0.0999597758054733
LowerLegTheta=-0.830278038978577
