[%General]
Highest=166
CenterX=41.3032376547409
CenterY=83.9146782750646
XWidth=58

[LeftLeg]
ThighAlpha=-0.082109808921814
ThighTheta=0.424999058246613
LowerLegAlpha=0.021419957280159
LowerLegTheta=0.070039875805378

[RightLeg]
ThighAlpha=0.13922968506813
ThighTheta=-0.395079076290131
LowerLegAlpha=0.13922968506813
LowerLegTheta=-0.0999597311019897
