[%General]
Highest=160
CenterX=39.1932641041082
CenterY=240.567145983579
XWidth=60

[LeftLeg]
ThighAlpha=-0.0785398185253143
ThighTheta=0.454919010400772
LowerLegAlpha=-0.0142799615859985
LowerLegTheta=0.49163892865181

[RightLeg]
ThighAlpha=0.0999597758054733
ThighTheta=-0.484838873147964
LowerLegAlpha=-0.0142799615859985
LowerLegTheta=-0.182919546961784
