[%General]
Highest=162
CenterX=42.7949187339606
CenterY=190.307082976903
XWidth=57

[LeftLeg]
ThighAlpha=-0.0464098900556564
ThighTheta=-0.182466238737106
LowerLegAlpha=0.00356999784708023
LowerLegTheta=-0.956757783889771

[RightLeg]
ThighAlpha=0.13922968506813
ThighTheta=0.391905784606934
LowerLegAlpha=0.00356999784708023
LowerLegTheta=0.179292947053909
