[%General]
Highest=162
CenterX=40.8264487743558
CenterY=99.1887115021999
XWidth=61

[LeftLeg]
ThighAlpha=-0.13922968506813
ThighTheta=0.46489229798317
LowerLegAlpha=-0.117809727787971
LowerLegTheta=0.46171897649765

[RightLeg]
ThighAlpha=0.13922968506813
ThighTheta=-0.461718916893005
LowerLegAlpha=0.0999597758054733
LowerLegTheta=-0.395079076290131
