[%General]
Highest=162
CenterX=42.9937704050119
CenterY=195.773581575929
XWidth=55

[LeftLeg]
ThighAlpha=-0.0285599306225777
ThighTheta=-0.162519589066505
LowerLegAlpha=-0.0142799615859985
LowerLegTheta=-0.956757783889771

[RightLeg]
ThighAlpha=0.13922968506813
ThighTheta=0.312119334936142
LowerLegAlpha=-0.0107099711894989
LowerLegTheta=0.146199703216553
