[%General]
Highest=151
CenterX=30.9166501504477
CenterY=296.732725536477
XWidth=44

[LeftLeg]
ThighAlpha=-0.0785398185253143
ThighTheta=-0.157079637050629
LowerLegAlpha=-0.0981747731566429
LowerLegTheta=0.0785398185253143

[RightLeg]
ThighAlpha=-0.0981747731566429
ThighTheta=0.706858336925507
LowerLegAlpha=0.0589048638939857
LowerLegTheta=-0.392699092626572
