[%General]
Highest=162
CenterX=40.440945747297
CenterY=231.356441220514
XWidth=60

[LeftLeg]
ThighAlpha=-0.0428398996591568
ThighTheta=0.534705460071564
LowerLegAlpha=0.00713998824357986
LowerLegTheta=0.0396666079759598

[RightLeg]
ThighAlpha=0.0856798067688942
ThighTheta=-0.322092592716217
LowerLegAlpha=0.00713998824357986
LowerLegTheta=-0.106306403875351
