[%General]
Highest=162
CenterX=40.440945747297
CenterY=231.356441220514
XWidth=60

[LeftLeg]
ThighAlpha=-0.0428398996591568
ThighTheta=0.544678807258606
LowerLegAlpha=0.00713998824357986
LowerLegTheta=0.0197199955582619

[RightLeg]
ThighAlpha=0.0856798067688942
ThighTheta=-0.342039197683334
LowerLegAlpha=0.00713998824357986
LowerLegTheta=-0.0863597691059113
