[%General]
Highest=163
CenterX=36.608570229018
CenterY=108.284992618877
XWidth=65

[LeftLeg]
ThighAlpha=-0.117809727787971
ThighTheta=0.514758884906769
LowerLegAlpha=-0.0856797993183136
LowerLegTheta=0.199239581823349

[RightLeg]
ThighAlpha=0.13922968506813
ThighTheta=-0.401879042387009
LowerLegAlpha=0.0606898665428162
LowerLegTheta=-0.634438514709473
