[%General]
Highest=161
CenterX=37.9668762426783
CenterY=48.5188349723252
XWidth=54

[LeftLeg]
ThighAlpha=0.0499798879027367
ThighTheta=-0.222359463572502
LowerLegAlpha=0.00356999784708023
LowerLegTheta=-0.926837861537933

[RightLeg]
ThighAlpha=0.13922968506813
ThighTheta=0.229159519076347
LowerLegAlpha=0.046409897506237
LowerLegTheta=0.0265199784189463
