[%General]
Highest=158
CenterX=36.9350840020688
CenterY=274.996713325214
XWidth=51

[LeftLeg]
ThighAlpha=-0.117809727787971
ThighTheta=0.312119334936142
LowerLegAlpha=-0.0678298398852348
LowerLegTheta=0.295799374580383

[RightLeg]
ThighAlpha=0.0142799690365791
ThighTheta=-0.132599666714668
LowerLegAlpha=0.0821098163723946
LowerLegTheta=-0.956757783889771
