[%General]
Highest=162
CenterX=37.6400883776846
CenterY=52.587884892398
XWidth=56

[LeftLeg]
ThighAlpha=-0.00713998079299927
ThighTheta=-0.139399647712708
LowerLegAlpha=0.0606898665428162
LowerLegTheta=-0.920037806034088

[RightLeg]
ThighAlpha=0.13922968506813
ThighTheta=0.169319659471512
LowerLegAlpha=0.0107099786400795
LowerLegTheta=-0.0333198830485344
