[%General]
Highest=166
CenterX=39.2083208354163
CenterY=70.6987279897795
XWidth=57

[LeftLeg]
ThighAlpha=0.0821098163723946
ThighTheta=0.312119334936142
LowerLegAlpha=-0.13922968506813
LowerLegTheta=-0.537878751754761

[RightLeg]
ThighAlpha=0.121379725635052
ThighTheta=-0.146199628710747
LowerLegAlpha=0.13922968506813
LowerLegTheta=-0.139399647712708
