[%General]
Highest=140
CenterX=32.805035209647
CenterY=310.195747226953
XWidth=46

[LeftLeg]
ThighAlpha=-0.157079637050629
ThighTheta=-0.176119565963745
LowerLegAlpha=-0.121379718184471
LowerLegTheta=-0.2454794049263

[RightLeg]
ThighAlpha=0.13922968506813
ThighTheta=-0.169319570064545
LowerLegAlpha=0.103529766201973
LowerLegTheta=-0.235959425568581
