[%General]
Highest=161
CenterX=37.8826588288492
CenterY=20.154236378024
XWidth=51

[LeftLeg]
ThighAlpha=-0.0214199498295784
ThighTheta=-0.431798994541168
LowerLegAlpha=0.00356999784708023
LowerLegTheta=-0.0795597806572914

[RightLeg]
ThighAlpha=0.0499798879027367
ThighTheta=0.252279460430145
LowerLegAlpha=-0.0107099711894989
LowerLegTheta=0.498438894748688
