[%General]
Highest=160
CenterX=37.2570051262104
CenterY=175.678410180181
XWidth=62

[LeftLeg]
ThighAlpha=-0.0606898590922356
ThighTheta=-0.484838873147964
LowerLegAlpha=0.00356999784708023
LowerLegTheta=-0.312119245529175

[RightLeg]
ThighAlpha=0.0678298473358154
ThighTheta=0.484838932752609
LowerLegAlpha=0.021419957280159
LowerLegTheta=0.49163892865181
