[%General]
Highest=163
CenterX=36.0820843868744
CenterY=162.080601189383
XWidth=62

[LeftLeg]
ThighAlpha=-0.0999597683548927
ThighTheta=-0.431798994541168
LowerLegAlpha=-0.0678298398852348
LowerLegTheta=-0.139399647712708

[RightLeg]
ThighAlpha=0.0142799690365791
ThighTheta=0.454919010400772
LowerLegAlpha=-0.0642598494887352
LowerLegTheta=0.431799054145813
