[%General]
Highest=152
CenterX=34.207669953937
CenterY=294.08804525922
XWidth=45

[LeftLeg]
ThighAlpha=-0.117809727787971
ThighTheta=-0.169319570064545
LowerLegAlpha=-0.13922968506813
LowerLegTheta=0.288999378681183

[RightLeg]
ThighAlpha=-0.00713998079299927
ThighTheta=0.60451865196228
LowerLegAlpha=0.0606898665428162
LowerLegTheta=-0.694278359413147
