[%General]
Highest=164
CenterX=35.1715681892673
CenterY=123.67997079944
XWidth=59

[LeftLeg]
ThighAlpha=-0.157079637050629
ThighTheta=0.31891930103302
LowerLegAlpha=-0.0321299210190773
LowerLegTheta=0.0564399100840092

[RightLeg]
ThighAlpha=0.0499798879027367
ThighTheta=-0.169319570064545
LowerLegAlpha=0.00713998824357986
LowerLegTheta=-0.920037806034088
