[%General]
Highest=166
CenterX=36.7317513935805
CenterY=145.36166367794
XWidth=60

[LeftLeg]
ThighAlpha=-0.0499798804521561
ThighTheta=-0.146199628710747
LowerLegAlpha=-0.157079637050629
LowerLegTheta=0.0401199460029602

[RightLeg]
ThighAlpha=0.0499798879027367
ThighTheta=0.288999378681183
LowerLegAlpha=0.046409897506237
LowerLegTheta=-0.365159124135971
