[%General]
Highest=159
CenterX=38.8619321996846
CenterY=244.542074608454
XWidth=59

[LeftLeg]
ThighAlpha=-0.0785398185253143
ThighTheta=0.448119014501572
LowerLegAlpha=-0.0856797993183136
LowerLegTheta=0.551478803157806

[RightLeg]
ThighAlpha=0.13922968506813
ThighTheta=-0.461718916893005
LowerLegAlpha=0.0606898665428162
LowerLegTheta=-0.275399327278137
