[%General]
Highest=162
CenterX=37.9252799395148
CenterY=99.0478667240233
XWidth=64

[LeftLeg]
ThighAlpha=-0.0785398185253143
ThighTheta=0.514758884906769
LowerLegAlpha=-0.13922968506813
LowerLegTheta=0.401879131793976

[RightLeg]
ThighAlpha=0.13922968506813
ThighTheta=-0.461718916893005
LowerLegAlpha=0.0606898665428162
LowerLegTheta=-0.484838873147964
