[%General]
Highest=165
CenterX=37.5384039003337
CenterY=60.9791096369413
XWidth=57

[LeftLeg]
ThighAlpha=-0.00713998079299927
ThighTheta=0.206039562821388
LowerLegAlpha=-0.0499798804521561
LowerLegTheta=-0.956757783889771

[RightLeg]
ThighAlpha=0.0856798067688942
ThighTheta=0.0265199784189463
LowerLegAlpha=0.121379725635052
LowerLegTheta=-0.109479710459709
