[%General]
Highest=162
CenterX=38.1381285900685
CenterY=185.657273122666
XWidth=62

[LeftLeg]
ThighAlpha=-0.0642598494887352
ThighTheta=-0.401879042387009
LowerLegAlpha=0.021419957280159
LowerLegTheta=-0.627638518810272

[RightLeg]
ThighAlpha=0.0856798067688942
ThighTheta=0.454919010400772
LowerLegAlpha=0.0821098163723946
LowerLegTheta=0.259079456329346
