[%General]
Highest=160
CenterX=39.1527210436158
CenterY=240.443800237185
XWidth=59

[LeftLeg]
ThighAlpha=-0.0392699092626572
ThighTheta=0.424999058246613
LowerLegAlpha=-0.103529758751392
LowerLegTheta=0.521558880805969

[RightLeg]
ThighAlpha=0.13922968506813
ThighTheta=-0.431798994541168
LowerLegAlpha=0.0606898665428162
LowerLegTheta=-0.229159444570541
