[%General]
Highest=162
CenterX=38.7548361495982
CenterY=195.811183492609
XWidth=60

[LeftLeg]
ThighAlpha=-0.00356999039649963
ThighTheta=-0.0795597806572914
LowerLegAlpha=0.00356999784708023
LowerLegTheta=-1.09955739974976

[RightLeg]
ThighAlpha=0.121379725635052
ThighTheta=0.342039257287979
LowerLegAlpha=0.0428399071097374
LowerLegTheta=0.169319659471512
