[%General]
Highest=164
CenterX=39.1743423147971
CenterY=209.896904261418
XWidth=57

[LeftLeg]
ThighAlpha=-0.024989940226078
ThighTheta=0.0931598246097565
LowerLegAlpha=-0.0107099711894989
LowerLegTheta=-0.956757783889771

[RightLeg]
ThighAlpha=0.121379725635052
ThighTheta=0.116279773414135
LowerLegAlpha=0.021419957280159
LowerLegTheta=0.079559862613678
