[%General]
Highest=158
CenterX=37.3680095503918
CenterY=263.3660423042
XWidth=51

[LeftLeg]
ThighAlpha=-0.0785398185253143
ThighTheta=0.484838932752609
LowerLegAlpha=-0.13922968506813
LowerLegTheta=0.371959179639816

[RightLeg]
ThighAlpha=0.103529766201973
ThighTheta=-0.431798994541168
LowerLegAlpha=0.0249899476766586
LowerLegTheta=-0.627638518810272
