[%General]
Highest=143
CenterX=32.8234313584261
CenterY=306.086246990307
XWidth=45

[LeftLeg]
ThighAlpha=-0.157079637050629
ThighTheta=-0.146199628710747
LowerLegAlpha=-0.103529758751392
LowerLegTheta=-0.139399647712708

[RightLeg]
ThighAlpha=0.13922968506813
ThighTheta=-0.139399647712708
LowerLegAlpha=0.0678298473358154
LowerLegTheta=-0.146199628710747
