[%General]
Highest=161
CenterX=39.2114463634967
CenterY=235.899079878807
XWidth=60

[LeftLeg]
ThighAlpha=-0.0785398185253143
ThighTheta=0.484838932752609
LowerLegAlpha=0.00356999784708023
LowerLegTheta=0.259079456329346

[RightLeg]
ThighAlpha=0.13922968506813
ThighTheta=-0.37875908613205
LowerLegAlpha=0.0821098163723946
LowerLegTheta=-0.139399647712708
