[%General]
Highest=165
CenterX=39.675327995694
CenterY=83.915750521429
XWidth=59

[LeftLeg]
ThighAlpha=-0.0214199498295784
ThighTheta=0.431799054145813
LowerLegAlpha=-0.0142799615859985
LowerLegTheta=0.079559862613678

[RightLeg]
ThighAlpha=0.13922968506813
ThighTheta=-0.371959120035172
LowerLegAlpha=0.0821098163723946
LowerLegTheta=-0.235959425568581
