[%General]
Highest=161
CenterX=37.531225840912
CenterY=170.371041423612
XWidth=62

[LeftLeg]
ThighAlpha=-0.0785398185253143
ThighTheta=-0.454918920993805
LowerLegAlpha=0.00356999784708023
LowerLegTheta=-0.212839469313622

[RightLeg]
ThighAlpha=0.0499798879027367
ThighTheta=0.514758884906769
LowerLegAlpha=0.00356999784708023
LowerLegTheta=0.521558880805969
