[%General]
Highest=166
CenterX=35.9821513841389
CenterY=136.511660321353
XWidth=59

[LeftLeg]
ThighAlpha=-0.0785398185253143
ThighTheta=-0.00339995324611664
LowerLegAlpha=-0.103529758751392
LowerLegTheta=0.146199703216553

[RightLeg]
ThighAlpha=0.0856798067688942
ThighTheta=0.31891930103302
LowerLegAlpha=0.0107099786400795
LowerLegTheta=-0.956757783889771
