[%General]
Highest=154
CenterX=34.4519304188474
CenterY=290.66199275312
XWidth=45

[LeftLeg]
ThighAlpha=-0.117809727787971
ThighTheta=-0.0863597691059113
LowerLegAlpha=-0.157079637050629
LowerLegTheta=0.312119334936142

[RightLeg]
ThighAlpha=0.0107099786400795
ThighTheta=0.484838932752609
LowerLegAlpha=0.0999597758054733
LowerLegTheta=-0.80035811662674
