[%General]
Highest=165
CenterX=35.4753349072142
CenterY=132.522880751071
XWidth=59

[LeftLeg]
ThighAlpha=-0.0999597683548927
ThighTheta=0.146199703216553
LowerLegAlpha=-0.0856797993183136
LowerLegTheta=0.00340002961456776

[RightLeg]
ThighAlpha=0.103529766201973
ThighTheta=0.116279773414135
LowerLegAlpha=-0.0999597683548927
LowerLegTheta=-0.979877710342407
