[%General]
Highest=164
CenterX=36.9877794162737
CenterY=149.629586369012
XWidth=60

[LeftLeg]
ThighAlpha=-0.0428398996591568
ThighTheta=-0.235959425568581
LowerLegAlpha=-0.121379718184471
LowerLegTheta=-0.0197199191898108

[RightLeg]
ThighAlpha=0.0321299284696579
ThighTheta=0.312119334936142
LowerLegAlpha=0.021419957280159
LowerLegTheta=-0.10267972946167
