[%General]
Highest=165
CenterX=39.5833344100888
CenterY=80.1923558978202
XWidth=58

[LeftLeg]
ThighAlpha=0.0285599380731583
ThighTheta=0.431799054145813
LowerLegAlpha=-0.0142799615859985
LowerLegTheta=-0.199239507317543

[RightLeg]
ThighAlpha=0.13922968506813
ThighTheta=-0.365159124135971
LowerLegAlpha=0.0678298473358154
LowerLegTheta=-0.0999597311019897
