[%General]
Highest=162
CenterX=38.9803683867699
CenterY=200.752949265398
XWidth=58

[LeftLeg]
ThighAlpha=0.0142799690365791
ThighTheta=-0.0496398508548737
LowerLegAlpha=-0.0107099711894989
LowerLegTheta=-1.09955739974976

[RightLeg]
ThighAlpha=0.13922968506813
ThighTheta=0.31891930103302
LowerLegAlpha=0.00356999784708023
LowerLegTheta=0.0496399253606796
