[%General]
Highest=164
CenterX=39.9147485080989
CenterY=214.79123499068
XWidth=58

[LeftLeg]
ThighAlpha=-0.0606898590922356
ThighTheta=0.169319659471512
LowerLegAlpha=-0.157079637050629
LowerLegTheta=-0.305319279432297

[RightLeg]
ThighAlpha=0.13922968506813
ThighTheta=0.0265199784189463
LowerLegAlpha=0.0678298473358154
LowerLegTheta=0.0333199612796307
