[%General]
Highest=164
CenterX=40.2975591603843
CenterY=219.240858910925
XWidth=59

[LeftLeg]
ThighAlpha=0.0142799690365791
ThighTheta=0.371959179639816
LowerLegAlpha=-0.117809727787971
LowerLegTheta=-0.837078034877777

[RightLeg]
ThighAlpha=0.13922968506813
ThighTheta=-0.0564398318529129
LowerLegAlpha=0.0606898665428162
LowerLegTheta=0.0564399100840092
