[%General]
Highest=163
CenterX=37.8446172755348
CenterY=56.753509125275
XWidth=57

[LeftLeg]
ThighAlpha=0.0107099786400795
ThighTheta=0.146199703216553
LowerLegAlpha=-0.0142799615859985
LowerLegTheta=-1.09955739974976

[RightLeg]
ThighAlpha=0.121379725635052
ThighTheta=0.0863598436117172
LowerLegAlpha=0.0821098163723946
LowerLegTheta=-0.0265199020504951
