[%General]
Highest=162
CenterX=38.2268054026393
CenterY=190.356692046459
XWidth=61

[LeftLeg]
ThighAlpha=-0.0428398996591568
ThighTheta=-0.282199323177338
LowerLegAlpha=0.021419957280159
LowerLegTheta=-0.837078034877777

[RightLeg]
ThighAlpha=0.103529766201973
ThighTheta=0.431799054145813
LowerLegAlpha=0.021419957280159
LowerLegTheta=0.199239581823349
