[%General]
Highest=161
CenterX=37.9375206897048
CenterY=180.692655334705
XWidth=62

[LeftLeg]
ThighAlpha=-0.0392699092626572
ThighTheta=-0.514758765697479
LowerLegAlpha=0.00356999784708023
LowerLegTheta=-0.38827908039093

[RightLeg]
ThighAlpha=0.103529766201973
ThighTheta=0.484838932752609
LowerLegAlpha=0.021419957280159
LowerLegTheta=0.378759175539017
