[%General]
Highest=142
CenterX=41.1231938167289
CenterY=86.9436562520469
XWidth=53

[LeftLeg]
ThighAlpha=0.0107099786400795
ThighTheta=-0.391905754804611
LowerLegAlpha=-0.0535498708486557
LowerLegTheta=-0.391905754804611

[RightLeg]
ThighAlpha=0.0499798879027367
ThighTheta=0.60451865196228
LowerLegAlpha=0.00713998824357986
LowerLegTheta=0.395079135894775
