[%General]
Highest=142
CenterX=42.9590582876513
CenterY=25.3848415031382
XWidth=49

[LeftLeg]
ThighAlpha=-0.0785398185253143
ThighTheta=0.534705460071564
LowerLegAlpha=-0.0142799615859985
LowerLegTheta=0.249106109142303

[RightLeg]
ThighAlpha=0.0499798879027367
ThighTheta=-0.531532108783722
LowerLegAlpha=-0.024989940226078
LowerLegTheta=-0.112653076648712
