[%General]
Highest=146
CenterX=40.9709780318989
CenterY=65.3715919349985
XWidth=51

[LeftLeg]
ThighAlpha=-0.0428398996591568
ThighTheta=-0.106306403875351
LowerLegAlpha=-0.121379718184471
LowerLegTheta=-0.112653076648712

[RightLeg]
ThighAlpha=0.0821098163723946
ThighTheta=0.322092622518539
LowerLegAlpha=-0.082109808921814
LowerLegTheta=-0.182466238737106
