[%General]
Highest=146
CenterX=39.8197005158579
CenterY=125.413880397402
XWidth=54

[LeftLeg]
ThighAlpha=-0.0785398185253143
ThighTheta=0.274889349937439
LowerLegAlpha=0.0589048638939857
LowerLegTheta=-0.785398185253143

[RightLeg]
ThighAlpha=0.0981747731566429
ThighTheta=0.117809727787971
LowerLegAlpha=0.0196349546313286
LowerLegTheta=-0.0785398185253143
