[%General]
Highest=143
CenterX=39.7614138831176
CenterY=147.26346491929
XWidth=56

[LeftLeg]
ThighAlpha=-0.0606898590922356
ThighTheta=0.534705460071564
LowerLegAlpha=-0.0999597683548927
LowerLegTheta=0.388732463121414

[RightLeg]
ThighAlpha=0.0499798879027367
ThighTheta=-0.318919241428375
LowerLegAlpha=0.0606898665428162
LowerLegTheta=-0.255452752113342
