[%General]
Highest=142
CenterX=39.3780036219153
CenterY=154.317458172284
XWidth=57

[LeftLeg]
ThighAlpha=-0.0981747731566429
ThighTheta=0.549778699874878
LowerLegAlpha=-0.0981747731566429
LowerLegTheta=0.431968986988068

[RightLeg]
ThighAlpha=0.0785398185253143
ThighTheta=-0.392699092626572
LowerLegAlpha=0.0196349546313286
LowerLegTheta=-0.274889349937439
