[%General]
Highest=141
CenterX=42.4969384792132
CenterY=31.7619083689985
XWidth=51

[LeftLeg]
ThighAlpha=-0.0785398185253143
ThighTheta=0.549778699874878
LowerLegAlpha=-0.0589048638939857
LowerLegTheta=0.117809727787971

[RightLeg]
ThighAlpha=0.0785398185253143
ThighTheta=-0.510508835315704
LowerLegAlpha=0.0196349546313286
LowerLegTheta=-0.353429168462753
