[%General]
Highest=142
CenterX=37.0052173192917
CenterY=213.499924086624
XWidth=54

[LeftLeg]
ThighAlpha=-0.0785398185253143
ThighTheta=-0.37875908613205
LowerLegAlpha=-0.0678298398852348
LowerLegTheta=-0.0727597996592522

[RightLeg]
ThighAlpha=-0.0392699092626572
ThighTheta=0.514758884906769
LowerLegAlpha=-0.0142799615859985
LowerLegTheta=0.408679097890854
