[%General]
Highest=141
CenterX=37.0091943034682
CenterY=217.048263063924
XWidth=53

[LeftLeg]
ThighAlpha=-0.0785398185253143
ThighTheta=-0.461718916893005
LowerLegAlpha=-0.0321299210190773
LowerLegTheta=-0.0795597806572914

[RightLeg]
ThighAlpha=-0.0785398185253143
ThighTheta=0.507958889007568
LowerLegAlpha=0.021419957280159
LowerLegTheta=0.581398725509644
