[%General]
Highest=143
CenterX=38.2691059221253
CenterY=260.627215748456
XWidth=49

[LeftLeg]
ThighAlpha=-0.0285599306225777
ThighTheta=0.116279773414135
LowerLegAlpha=0.021419957280159
LowerLegTheta=-0.687478423118591

[RightLeg]
ThighAlpha=0.13922968506813
ThighTheta=0.199239581823349
LowerLegAlpha=-0.00356999039649963
LowerLegTheta=-0.0727597996592522
