[%General]
Highest=143
CenterX=37.7456979758425
CenterY=178.427651536043
XWidth=54

[LeftLeg]
ThighAlpha=-0.0856797993183136
ThighTheta=0.46489229798317
LowerLegAlpha=-0.0678298398852348
LowerLegTheta=-0.0396665707230568

[RightLeg]
ThighAlpha=0.0499798879027367
ThighTheta=-0.106306403875351
LowerLegAlpha=0.00713998824357986
LowerLegTheta=-0.890117883682251
