[%General]
Highest=145
CenterX=37.8803287746926
CenterY=201.918234562785
XWidth=54

[LeftLeg]
ThighAlpha=-0.0642598494887352
ThighTheta=-0.106306403875351
LowerLegAlpha=-0.13922968506813
LowerLegTheta=-0.109479740262032

[RightLeg]
ThighAlpha=0.0321299284696579
ThighTheta=0.391905784606934
LowerLegAlpha=0.00713998824357986
LowerLegTheta=-0.112653076648712
