[%General]
Highest=145
CenterX=41.3531489570333
CenterY=50.2100084685327
XWidth=50

[LeftLeg]
ThighAlpha=0.0499798879027367
ThighTheta=0.288999378681183
LowerLegAlpha=-0.157079637050629
LowerLegTheta=-0.109479710459709

[RightLeg]
ThighAlpha=0.0321299284696579
ThighTheta=-0.312119245529175
LowerLegAlpha=0.0606898665428162
LowerLegTheta=-0.408679038286209
