[%General]
Highest=139
CenterX=36.8891038594379
CenterY=228.100921507087
XWidth=53

[LeftLeg]
ThighAlpha=-0.0999597683548927
ThighTheta=-0.531532108783722
LowerLegAlpha=-0.0107099711894989
LowerLegTheta=-0.398252427577972

[RightLeg]
ThighAlpha=-0.00356999039649963
ThighTheta=0.60451865196228
LowerLegAlpha=0.021419957280159
LowerLegTheta=0.395079135894775
