[%General]
Highest=142
CenterX=41.1231938167289
CenterY=86.9436562520469
XWidth=53

[LeftLeg]
ThighAlpha=0.0107099786400795
ThighTheta=-0.401879042387009
LowerLegAlpha=-0.0535498708486557
LowerLegTheta=-0.371959120035172

[RightLeg]
ThighAlpha=0.0499798879027367
ThighTheta=0.574598729610443
LowerLegAlpha=0.00713998824357986
LowerLegTheta=0.454919010400772
