[%General]
Highest=143
CenterX=43.0742873864407
CenterY=19.2042537343212
XWidth=48

[LeftLeg]
ThighAlpha=-0.0606898590922356
ThighTheta=0.46489229798317
LowerLegAlpha=-0.0142799615859985
LowerLegTheta=0.31891930103302

[RightLeg]
ThighAlpha=0.0142799690365791
ThighTheta=-0.391905754804611
LowerLegAlpha=0.021419957280159
LowerLegTheta=-0.106306403875351
