[%General]
Highest=141
CenterX=37.8530573028479
CenterY=264.517962498686
XWidth=49

[LeftLeg]
ThighAlpha=-0.117809727787971
ThighTheta=0.288999378681183
LowerLegAlpha=0.021419957280159
LowerLegTheta=-0.38827908039093

[RightLeg]
ThighAlpha=0.13922968506813
ThighTheta=0.0863598436117172
LowerLegAlpha=0.0999597758054733
LowerLegTheta=0.0632398948073387
