[%General]
Highest=139
CenterX=36.8891038594379
CenterY=228.100921507087
XWidth=53

[LeftLeg]
ThighAlpha=-0.0981747731566429
ThighTheta=-0.549778699874878
LowerLegAlpha=0
LowerLegTheta=-0.274889349937439

[RightLeg]
ThighAlpha=-0.0589048638939857
ThighTheta=0.549778699874878
LowerLegAlpha=0.0981747731566429
LowerLegTheta=0.510508835315704
