[%General]
Highest=146
CenterX=39.8248470337856
CenterY=140.240728917265
XWidth=55

[LeftLeg]
ThighAlpha=-0.0606898590922356
ThighTheta=0.46489229798317
LowerLegAlpha=0.021419957280159
LowerLegTheta=0.030146598815918

[RightLeg]
ThighAlpha=0.0321299284696579
ThighTheta=-0.176119565963745
LowerLegAlpha=0.0428399071097374
LowerLegTheta=-0.179292917251587
