[%General]
Highest=141
CenterX=38.3446062967774
CenterY=252.20118141894
XWidth=49

[LeftLeg]
ThighAlpha=0
ThighTheta=-0.0392699092626572
LowerLegAlpha=-0.0392699092626572
LowerLegTheta=-0.785398185253143

[RightLeg]
ThighAlpha=0.0981747731566429
ThighTheta=0.353429168462753
LowerLegAlpha=0
LowerLegTheta=-0.0392699092626572
