[%General]
Highest=141
CenterX=37.0091943034682
CenterY=217.048263063924
XWidth=53

[LeftLeg]
ThighAlpha=-0.0785398185253143
ThighTheta=-0.461718916893005
LowerLegAlpha=-0.0142799615859985
LowerLegTheta=-0.109479740262032

[RightLeg]
ThighAlpha=-0.0428398996591568
ThighTheta=0.537878811359406
LowerLegAlpha=0.00356999784708023
LowerLegTheta=0.531532108783722
