[%General]
Highest=144
CenterX=37.6055318510844
CenterY=205.828496258026
XWidth=53

[LeftLeg]
ThighAlpha=-0.0785398185253143
ThighTheta=-0.206039488315582
LowerLegAlpha=-0.121379718184471
LowerLegTheta=-0.169319570064545

[RightLeg]
ThighAlpha=-0.00356999039649963
ThighTheta=0.478038966655731
LowerLegAlpha=0.00356999784708023
LowerLegTheta=-0.0727597996592522
