[%General]
Highest=147
CenterX=39.682845780174
CenterY=136.432498798911
XWidth=56

[LeftLeg]
ThighAlpha=-0.0642598494887352
ThighTheta=0.454919010400772
LowerLegAlpha=0.00356999784708023
LowerLegTheta=-0.215559482574463

[RightLeg]
ThighAlpha=0.0142799690365791
ThighTheta=-0.146199628710747
LowerLegAlpha=0.0606898665428162
LowerLegTheta=-0.116279698908329
