[%General]
Highest=147
CenterX=39.6146679733535
CenterY=129.388805498009
XWidth=54

[LeftLeg]
ThighAlpha=-0.082109808921814
ThighTheta=0.312119334936142
LowerLegAlpha=0.021419957280159
LowerLegTheta=-0.67115843296051

[RightLeg]
ThighAlpha=0.0499798879027367
ThighTheta=0.0564399100840092
LowerLegAlpha=0.0606898665428162
LowerLegTheta=-0.116279698908329
