[%General]
Highest=142
CenterX=41.1231938167289
CenterY=86.9436562520469
XWidth=53

[LeftLeg]
ThighAlpha=0
ThighTheta=-0.392699092626572
LowerLegAlpha=-0.0589048638939857
LowerLegTheta=-0.392699092626572

[RightLeg]
ThighAlpha=0.0392699092626572
ThighTheta=0.628318548202515
LowerLegAlpha=0
LowerLegTheta=0.392699092626572
