[%General]
Highest=144
CenterX=41.1644269931468
CenterY=73.18873009292
XWidth=53

[LeftLeg]
ThighAlpha=-0.0285599306225777
ThighTheta=-0.179292917251587
LowerLegAlpha=-0.0678298398852348
LowerLegTheta=-0.255452752113342

[RightLeg]
ThighAlpha=0.0856798067688942
ThighTheta=0.46171897649765
LowerLegAlpha=-0.0642598494887352
LowerLegTheta=0.109479777514935
