[%General]
Highest=139
CenterX=37.0461611130196
CenterY=232.116068361388
XWidth=51

[LeftLeg]
ThighAlpha=-0.0785398185253143
ThighTheta=-0.537878751754761
LowerLegAlpha=-0.0142799615859985
LowerLegTheta=-0.38555908203125

[RightLeg]
ThighAlpha=-0.00356999039649963
ThighTheta=0.537878811359406
LowerLegAlpha=0.021419957280159
LowerLegTheta=0.315745949745178
