[%General]
Highest=144
CenterX=41.3641160625331
CenterY=76.8591407239763
XWidth=52

[LeftLeg]
ThighAlpha=-0.0214199498295784
ThighTheta=-0.249106079339981
LowerLegAlpha=-0.0321299210190773
LowerLegTheta=-0.255452752113342

[RightLeg]
ThighAlpha=0.0678298473358154
ThighTheta=0.534705460071564
LowerLegAlpha=-0.0499798804521561
LowerLegTheta=0.179292947053909
