[%General]
Highest=137
CenterX=38.0005020812076
CenterY=280.885476896166
XWidth=48

[LeftLeg]
ThighAlpha=-0.0214199498295784
ThighTheta=0.607692003250122
LowerLegAlpha=-0.0142799615859985
LowerLegTheta=0.388732463121414

[RightLeg]
ThighAlpha=-0.00356999039649963
ThighTheta=-0.249106079339981
LowerLegAlpha=0.0999597758054733
LowerLegTheta=-0.2459327429533
