[%General]
Highest=145
CenterX=41.3531489570333
CenterY=50.2100084685327
XWidth=50

[LeftLeg]
ThighAlpha=0.0856798067688942
ThighTheta=0.31891930103302
LowerLegAlpha=-0.157079637050629
LowerLegTheta=-0.179292917251587

[RightLeg]
ThighAlpha=0.0321299284696579
ThighTheta=-0.322092592716217
LowerLegAlpha=0.0428399071097374
LowerLegTheta=-0.388732433319092
