[%General]
Highest=141
CenterX=38.4259674402066
CenterY=256.289822358962
XWidth=48

[LeftLeg]
ThighAlpha=-0.024989940226078
ThighTheta=0.146199703216553
LowerLegAlpha=0.0428399071097374
LowerLegTheta=-0.956757783889771

[RightLeg]
ThighAlpha=0.121379725635052
ThighTheta=0.31891930103302
LowerLegAlpha=-0.00713998079299927
LowerLegTheta=-0.123079679906368
