[%General]
Highest=141
CenterX=42.6707226191088
CenterY=28.6032533278512
XWidth=50

[LeftLeg]
ThighAlpha=-0.0606898590922356
ThighTheta=0.534705460071564
LowerLegAlpha=-0.0499798804521561
LowerLegTheta=0.249106109142303

[RightLeg]
ThighAlpha=0.0499798879027367
ThighTheta=-0.607691943645477
LowerLegAlpha=0.00713998824357986
LowerLegTheta=-0.106306403875351
