[%General]
Highest=145
CenterX=40.1211992185543
CenterY=121.301482743075
XWidth=55

[LeftLeg]
ThighAlpha=-0.0999597683548927
ThighTheta=0.169319659471512
LowerLegAlpha=0.021419957280159
LowerLegTheta=-0.956757783889771

[RightLeg]
ThighAlpha=-0.00356999039649963
ThighTheta=0.199239581823349
LowerLegAlpha=0.13922968506813
LowerLegTheta=-0.0265199020504951
