[%General]
Highest=142
CenterX=40.9649477542821
CenterY=90.7599827804375
XWidth=55

[LeftLeg]
ThighAlpha=-0.0392699092626572
ThighTheta=-0.461718916893005
LowerLegAlpha=0.00356999784708023
LowerLegTheta=-0.325265914201736

[RightLeg]
ThighAlpha=0.0856798067688942
ThighTheta=0.607692003250122
LowerLegAlpha=-0.0321299210190773
LowerLegTheta=0.315745949745178
