[%General]
Highest=146
CenterX=39.8248470337856
CenterY=140.240728917265
XWidth=55

[LeftLeg]
ThighAlpha=-0.0981747731566429
ThighTheta=0.471238911151886
LowerLegAlpha=0.0589048638939857
LowerLegTheta=0.117809727787971

[RightLeg]
ThighAlpha=0.0392699092626572
ThighTheta=-0.196349546313286
LowerLegAlpha=0.0589048638939857
LowerLegTheta=-0.157079637050629
