[%General]
Highest=146
CenterX=41.1838343673945
CenterY=53.7110456015265
XWidth=50

[LeftLeg]
ThighAlpha=-0.0589048638939857
ThighTheta=0.0785398185253143
LowerLegAlpha=-0.0196349546313286
LowerLegTheta=0.117809727787971

[RightLeg]
ThighAlpha=0
ThighTheta=0.117809727787971
LowerLegAlpha=0.0981747731566429
LowerLegTheta=-0.746128261089325
