[%General]
Highest=146
CenterX=41.21378484693
CenterY=57.6586967675731
XWidth=51

[LeftLeg]
ThighAlpha=-0.082109808921814
ThighTheta=0.179292947053909
LowerLegAlpha=-0.0606898590922356
LowerLegTheta=-0.255452752113342

[RightLeg]
ThighAlpha=0.103529766201973
ThighTheta=0.249106109142303
LowerLegAlpha=-0.0285599306225777
LowerLegTheta=-0.81395810842514
