[%General]
Highest=141
CenterX=38.3446062967774
CenterY=252.20118141894
XWidth=49

[LeftLeg]
ThighAlpha=0
ThighTheta=-0.0785398185253143
LowerLegAlpha=-0.0589048638939857
LowerLegTheta=-0.785398185253143

[RightLeg]
ThighAlpha=0.0392699092626572
ThighTheta=0.314159274101257
LowerLegAlpha=0.0981747731566429
LowerLegTheta=0
