[%General]
Highest=147
CenterX=39.5406085592877
CenterY=133.148927559692
XWidth=54

[LeftLeg]
ThighAlpha=-0.0785398185253143
ThighTheta=0.391905784606934
LowerLegAlpha=0.0428399071097374
LowerLegTheta=-0.325265914201736

[RightLeg]
ThighAlpha=0.0321299284696579
ThighTheta=-0.0364932343363762
LowerLegAlpha=0.021419957280159
LowerLegTheta=-0.10313306748867
