[%General]
Highest=143
CenterX=41.3489184713874
CenterY=83.4413340808637
XWidth=54

[LeftLeg]
ThighAlpha=0
ThighTheta=-0.353429168462753
LowerLegAlpha=-0.0589048638939857
LowerLegTheta=-0.314159274101257

[RightLeg]
ThighAlpha=0.0196349546313286
ThighTheta=0.549778699874878
LowerLegAlpha=0.0392699092626572
LowerLegTheta=0.431968986988068
