[%General]
Highest=143
CenterX=43.0709366118051
CenterY=22.1750280917443
XWidth=49

[LeftLeg]
ThighAlpha=-0.0214199498295784
ThighTheta=0.46489229798317
LowerLegAlpha=-0.0642598494887352
LowerLegTheta=0.315745949745178

[RightLeg]
ThighAlpha=0.0321299284696579
ThighTheta=-0.464892268180847
LowerLegAlpha=0.00356999784708023
LowerLegTheta=-0.106306403875351
