[%General]
Highest=141
CenterX=42.4969384792132
CenterY=31.7619083689985
XWidth=51

[LeftLeg]
ThighAlpha=-0.0999597683548927
ThighTheta=0.544678807258606
LowerLegAlpha=-0.0142799615859985
LowerLegTheta=0.146199703216553

[RightLeg]
ThighAlpha=0.0856798067688942
ThighTheta=-0.52155876159668
LowerLegAlpha=0.0107099786400795
LowerLegTheta=-0.358359158039093
