[%General]
Highest=146
CenterX=39.8197005158579
CenterY=125.413880397402
XWidth=54

[LeftLeg]
ThighAlpha=-0.082109808921814
ThighTheta=0.265879422426224
LowerLegAlpha=0.021419957280159
LowerLegTheta=-0.830278038978577

[RightLeg]
ThighAlpha=0.103529766201973
ThighTheta=0.109479792416096
LowerLegAlpha=0.00356999784708023
LowerLegTheta=-0.0564398318529129
