[%General]
Highest=145
CenterX=37.998174856939
CenterY=197.911528591621
XWidth=53

[LeftLeg]
ThighAlpha=-0.0785398185253143
ThighTheta=-0.0364932343363762
LowerLegAlpha=-0.121379718184471
LowerLegTheta=-0.109479740262032

[RightLeg]
ThighAlpha=0.0678298473358154
ThighTheta=0.395079135894775
LowerLegAlpha=0.0999597758054733
LowerLegTheta=-0.468065589666367
