[%General]
Highest=142
CenterX=40.8897422613651
CenterY=94.716293226266
XWidth=55

[LeftLeg]
ThighAlpha=-0.0392699092626572
ThighTheta=-0.471238911151886
LowerLegAlpha=0
LowerLegTheta=-0.431968986988068

[RightLeg]
ThighAlpha=0.0589048638939857
ThighTheta=0.589048624038696
LowerLegAlpha=0.0392699092626572
LowerLegTheta=0.274889349937439
