[%General]
Highest=143
CenterX=39.7165955505461
CenterY=150.699192228216
XWidth=57

[LeftLeg]
ThighAlpha=-0.0785398185253143
ThighTheta=0.537878811359406
LowerLegAlpha=-0.13922968506813
LowerLegTheta=0.408679097890854

[RightLeg]
ThighAlpha=0.0678298473358154
ThighTheta=-0.348839163780212
LowerLegAlpha=0.0428399071097374
LowerLegTheta=-0.2522794008255
