[%General]
Highest=143
CenterX=37.1521116046565
CenterY=209.705054539033
XWidth=53

[LeftLeg]
ThighAlpha=-0.0785398185253143
ThighTheta=-0.2522794008255
LowerLegAlpha=-0.0856797993183136
LowerLegTheta=-0.172946244478226

[RightLeg]
ThighAlpha=-0.0392699092626572
ThighTheta=0.46489229798317
LowerLegAlpha=0.00713998824357986
LowerLegTheta=0.322092622518539
