[%General]
Highest=142
CenterX=41.9773985516819
CenterY=39.2347212047701
XWidth=50

[LeftLeg]
ThighAlpha=-0.0214199498295784
ThighTheta=0.46489229798317
LowerLegAlpha=-0.121379718184471
LowerLegTheta=0.103133104741573

[RightLeg]
ThighAlpha=0.103529766201973
ThighTheta=-0.391905754804611
LowerLegAlpha=0.00713998824357986
LowerLegTheta=-0.607691943645477
