[%General]
Highest=143
CenterX=38.0764855746058
CenterY=169.775611099635
XWidth=56

[LeftLeg]
ThighAlpha=-0.0214199498295784
ThighTheta=0.537878811359406
LowerLegAlpha=-0.157079637050629
LowerLegTheta=0.172946274280548

[RightLeg]
ThighAlpha=0.103529766201973
ThighTheta=-0.391905754804611
LowerLegAlpha=0.00356999784708023
LowerLegTheta=-0.537878751754761
