[%General]
Highest=145
CenterX=40.1211992185543
CenterY=121.301482743075
XWidth=55

[LeftLeg]
ThighAlpha=-0.0999597683548927
ThighTheta=0.179292947053909
LowerLegAlpha=0.021419957280159
LowerLegTheta=-0.956757783889771

[RightLeg]
ThighAlpha=0.0499798879027367
ThighTheta=0.249106109142303
LowerLegAlpha=0.0606898665428162
LowerLegTheta=-0.106306403875351
