[%General]
Highest=140
CenterX=36.8410773440876
CenterY=224.227221662106
XWidth=53

[LeftLeg]
ThighAlpha=-0.0785398185253143
ThighTheta=-0.537878751754761
LowerLegAlpha=-0.0678298398852348
LowerLegTheta=-0.176119565963745

[RightLeg]
ThighAlpha=-0.0214199498295784
ThighTheta=0.60451865196228
LowerLegAlpha=0.00713998824357986
LowerLegTheta=0.531532108783722
