[%General]
Highest=146
CenterX=41.0904839294274
CenterY=61.5153690561096
XWidth=50

[LeftLeg]
ThighAlpha=-0.0285599306225777
ThighTheta=-0.0333198830485344
LowerLegAlpha=-0.0678298398852348
LowerLegTheta=-0.169319570064545

[RightLeg]
ThighAlpha=0.0856798067688942
ThighTheta=0.282199382781982
LowerLegAlpha=0.13922968506813
LowerLegTheta=-0.10267972946167
