[%General]
Highest=143
CenterX=40.9965963064101
CenterY=102.901163467885
XWidth=56

[LeftLeg]
ThighAlpha=-0.0589048638939857
ThighTheta=-0.353429168462753
LowerLegAlpha=0.0392699092626572
LowerLegTheta=-0.706858336925507

[RightLeg]
ThighAlpha=0.0196349546313286
ThighTheta=0.510508835315704
LowerLegAlpha=0.0981747731566429
LowerLegTheta=0.157079637050629
