[%General]
Highest=146
CenterX=40.7578122059838
CenterY=117.590930188798
XWidth=56

[LeftLeg]
ThighAlpha=-0.0785398185253143
ThighTheta=0
LowerLegAlpha=0.0785398185253143
LowerLegTheta=-0.785398185253143

[RightLeg]
ThighAlpha=0.0392699092626572
ThighTheta=0.274889349937439
LowerLegAlpha=0.0981747731566429
LowerLegTheta=-0.0392699092626572
