[%General]
Highest=142
CenterX=40.8897422613651
CenterY=94.716293226266
XWidth=55

[LeftLeg]
ThighAlpha=-0.0214199498295784
ThighTheta=-0.461718916893005
LowerLegAlpha=-0.0499798804521561
LowerLegTheta=-0.395079076290131

[RightLeg]
ThighAlpha=0.046409897506237
ThighTheta=0.60451865196228
LowerLegAlpha=0.046409897506237
LowerLegTheta=0.252279460430145
