[%General]
Highest=143
CenterX=38.0764855746058
CenterY=169.775611099635
XWidth=56

[LeftLeg]
ThighAlpha=-0.0981747731566429
ThighTheta=0.589048624038696
LowerLegAlpha=-0.0785398185253143
LowerLegTheta=0.0785398185253143

[RightLeg]
ThighAlpha=0.0981747731566429
ThighTheta=-0.353429168462753
LowerLegAlpha=0.0196349546313286
LowerLegTheta=-0.589048624038696
