[%General]
Highest=141
CenterX=37.8530573028479
CenterY=264.517962498686
XWidth=49

[LeftLeg]
ThighAlpha=-0.0589048638939857
ThighTheta=0.235619455575943
LowerLegAlpha=0.0785398185253143
LowerLegTheta=-0.667588412761688

[RightLeg]
ThighAlpha=0.0981747731566429
ThighTheta=0.0785398185253143
LowerLegAlpha=0.0981747731566429
LowerLegTheta=0.0785398185253143
