[%General]
Highest=147
CenterX=39.5406085592877
CenterY=133.148927559692
XWidth=54

[LeftLeg]
ThighAlpha=-0.0785398185253143
ThighTheta=0.371959179639816
LowerLegAlpha=0.0428399071097374
LowerLegTheta=-0.335239201784134

[RightLeg]
ThighAlpha=0.0321299284696579
ThighTheta=-0.0265199020504951
LowerLegAlpha=0.021419957280159
LowerLegTheta=-0.123079679906368
