[%General]
Highest=140
CenterX=36.8410773440876
CenterY=224.227221662106
XWidth=53

[LeftLeg]
ThighAlpha=-0.0785398185253143
ThighTheta=-0.507958829402924
LowerLegAlpha=-0.0499798804521561
LowerLegTheta=-0.206039488315582

[RightLeg]
ThighAlpha=-0.0392699092626572
ThighTheta=0.574598729610443
LowerLegAlpha=0.0606898665428162
LowerLegTheta=0.521558880805969
