[%General]
Highest=141
CenterX=42.6707226191088
CenterY=28.6032533278512
XWidth=50

[LeftLeg]
ThighAlpha=-0.0981747731566429
ThighTheta=0.549778699874878
LowerLegAlpha=0
LowerLegTheta=0.235619455575943

[RightLeg]
ThighAlpha=0.0785398185253143
ThighTheta=-0.628318548202515
LowerLegAlpha=-0.0589048638939857
LowerLegTheta=-0.117809727787971
