[%General]
Highest=142
CenterX=42.9590582876513
CenterY=25.3848415031382
XWidth=49

[LeftLeg]
ThighAlpha=-0.0785398185253143
ThighTheta=0.514758884906769
LowerLegAlpha=-0.0142799615859985
LowerLegTheta=0.288999378681183

[RightLeg]
ThighAlpha=0.0678298473358154
ThighTheta=-0.551478683948517
LowerLegAlpha=-0.0428398996591568
LowerLegTheta=-0.10267972946167
