[%General]
Highest=143
CenterX=39.7165955505461
CenterY=150.699192228216
XWidth=57

[LeftLeg]
ThighAlpha=-0.0606898590922356
ThighTheta=0.537878811359406
LowerLegAlpha=-0.13922968506813
LowerLegTheta=0.458545625209808

[RightLeg]
ThighAlpha=0.0856798067688942
ThighTheta=-0.318919241428375
LowerLegAlpha=0.0249899476766586
LowerLegTheta=-0.322092592716217
