[%General]
Highest=143
CenterX=37.5717704007261
CenterY=182.550001375175
XWidth=53

[LeftLeg]
ThighAlpha=-0.0981747731566429
ThighTheta=0.353429168462753
LowerLegAlpha=-0.0392699092626572
LowerLegTheta=-0.0392699092626572

[RightLeg]
ThighAlpha=0.0785398185253143
ThighTheta=-0.117809727787971
LowerLegAlpha=-0.0392699092626572
LowerLegTheta=-0.785398185253143
