[%General]
Highest=142
CenterX=39.3780036219153
CenterY=154.317458172284
XWidth=57

[LeftLeg]
ThighAlpha=-0.117809727787971
ThighTheta=0.574598729610443
LowerLegAlpha=-0.0856797993183136
LowerLegTheta=0.401879131793976

[RightLeg]
ThighAlpha=0.0642598569393158
ThighTheta=-0.401879042387009
LowerLegAlpha=0.0642598569393158
LowerLegTheta=-0.318919241428375
