[%General]
Highest=144
CenterX=37.7374758033295
CenterY=189.872486772487
XWidth=53

[LeftLeg]
ThighAlpha=0.00713998824357986
ThighTheta=0.169319659471512
LowerLegAlpha=-0.157079637050629
LowerLegTheta=-0.0496398508548737

[RightLeg]
ThighAlpha=0.13922968506813
ThighTheta=-0.229159444570541
LowerLegAlpha=-0.121379718184471
LowerLegTheta=0.00340002961456776
