[%General]
Highest=144
CenterX=37.6164662754593
CenterY=186.03388184442
XWidth=54

[LeftLeg]
ThighAlpha=-0.0999597683548927
ThighTheta=0.259079456329346
LowerLegAlpha=-0.0856797993183136
LowerLegTheta=-0.0265199020504951

[RightLeg]
ThighAlpha=0.046409897506237
ThighTheta=0.0197199955582619
LowerLegAlpha=0.00713998824357986
LowerLegTheta=-0.590918600559235
