[%General]
Highest=141
CenterX=37.5695054672789
CenterY=271.392174027948
XWidth=48

[LeftLeg]
ThighAlpha=-0.0285599306225777
ThighTheta=0.395079135894775
LowerLegAlpha=0.021419957280159
LowerLegTheta=-0.255452752113342

[RightLeg]
ThighAlpha=0.0321299284696579
ThighTheta=-0.109479740262032
LowerLegAlpha=0.0999597758054733
LowerLegTheta=-0.10313306748867
