[%General]
Highest=145
CenterX=39.9022076015442
CenterY=143.882972649666
XWidth=56

[LeftLeg]
ThighAlpha=-0.0606898590922356
ThighTheta=0.468065619468689
LowerLegAlpha=-0.082109808921814
LowerLegTheta=0.315745949745178

[RightLeg]
ThighAlpha=0.103529766201973
ThighTheta=-0.318919241428375
LowerLegAlpha=-0.0356999114155769
LowerLegTheta=-0.112653076648712
