[%General]
Highest=141
CenterX=37.7036492618393
CenterY=267.816769987857
XWidth=48

[LeftLeg]
ThighAlpha=-0.0392699092626572
ThighTheta=0.322092622518539
LowerLegAlpha=0.0606898665428162
LowerLegTheta=-0.325265914201736

[RightLeg]
ThighAlpha=0.103529766201973
ThighTheta=-0.0333198979496956
LowerLegAlpha=0.0107099786400795
LowerLegTheta=-0.0364932343363762
