[%General]
Highest=143
CenterX=38.2691059221253
CenterY=260.627215748456
XWidth=49

[LeftLeg]
ThighAlpha=-0.0589048638939857
ThighTheta=0.117809727787971
LowerLegAlpha=0.0785398185253143
LowerLegTheta=-0.706858336925507

[RightLeg]
ThighAlpha=0.0981747731566429
ThighTheta=0.196349546313286
LowerLegAlpha=0.0785398185253143
LowerLegTheta=-0.0785398185253143
