[%General]
Highest=145
CenterX=41.0648415170275
CenterY=110.912074954179
XWidth=56

[LeftLeg]
ThighAlpha=-0.024989940226078
ThighTheta=-0.179292917251587
LowerLegAlpha=0.021419957280159
LowerLegTheta=-0.890117883682251

[RightLeg]
ThighAlpha=0.0856798067688942
ThighTheta=0.395079135894775
LowerLegAlpha=0.00356999784708023
LowerLegTheta=0.0333199352025986
