[%General]
Highest=144
CenterX=37.6055318510844
CenterY=205.828496258026
XWidth=53

[LeftLeg]
ThighAlpha=-0.0428398996591568
ThighTheta=-0.176119565963745
LowerLegAlpha=-0.157079637050629
LowerLegTheta=-0.179292917251587

[RightLeg]
ThighAlpha=-0.00356999039649963
ThighTheta=0.468065619468689
LowerLegAlpha=-0.0142799615859985
LowerLegTheta=-0.112653076648712
