[%General]
Highest=145
CenterX=37.8803287746926
CenterY=201.918234562785
XWidth=54

[LeftLeg]
ThighAlpha=-0.082109808921814
ThighTheta=-0.116279698908329
LowerLegAlpha=-0.121379718184471
LowerLegTheta=-0.139399647712708

[RightLeg]
ThighAlpha=0.0321299284696579
ThighTheta=0.401879131793976
LowerLegAlpha=-0.0107099711894989
LowerLegTheta=-0.10267972946167
