[%General]
Highest=139
CenterX=37.8310152990264
CenterY=277.967428922599
XWidth=48

[LeftLeg]
ThighAlpha=-0.0606898590922356
ThighTheta=0.534705460071564
LowerLegAlpha=0.021419957280159
LowerLegTheta=0.31891930103302

[RightLeg]
ThighAlpha=0.0142799690365791
ThighTheta=-0.249106079339981
LowerLegAlpha=0.0999597758054733
LowerLegTheta=-0.109479740262032
