[%General]
Highest=143
CenterX=39.7614138831176
CenterY=147.26346491929
XWidth=56

[LeftLeg]
ThighAlpha=-0.0785398185253143
ThighTheta=0.544678807258606
LowerLegAlpha=-0.082109808921814
LowerLegTheta=0.31891930103302

[RightLeg]
ThighAlpha=0.0678298473358154
ThighTheta=-0.348839163780212
LowerLegAlpha=0.0428399071097374
LowerLegTheta=-0.215559482574463
