[%General]
Highest=141
CenterX=42.6707226191088
CenterY=28.6032533278512
XWidth=50

[LeftLeg]
ThighAlpha=-0.0785398185253143
ThighTheta=0.544678807258606
LowerLegAlpha=-0.0321299210190773
LowerLegTheta=0.229159519076347

[RightLeg]
ThighAlpha=0.0678298473358154
ThighTheta=-0.627638518810272
LowerLegAlpha=-0.0107099711894989
LowerLegTheta=-0.116279698908329
