[%General]
Highest=143
CenterX=41.7752161054206
CenterY=42.9742157971064
XWidth=53

[LeftLeg]
ThighAlpha=-0.0428398996591568
ThighTheta=0.365159213542938
LowerLegAlpha=-0.0678298398852348
LowerLegTheta=0.070039875805378

[RightLeg]
ThighAlpha=0.121379725635052
ThighTheta=-0.468518882989883
LowerLegAlpha=-0.0107099711894989
LowerLegTheta=-0.501158833503723
