[%General]
Highest=146
CenterX=41.1838343673945
CenterY=53.7110456015265
XWidth=50

[LeftLeg]
ThighAlpha=0.0678298473358154
ThighTheta=0.252279460430145
LowerLegAlpha=-0.157079637050629
LowerLegTheta=-0.182466238737106

[RightLeg]
ThighAlpha=0.0107099786400795
ThighTheta=0.106306441128254
LowerLegAlpha=0.021419957280159
LowerLegTheta=-0.747318267822266
