[%General]
Highest=141
CenterX=38.3446062967774
CenterY=252.20118141894
XWidth=49

[LeftLeg]
ThighAlpha=0.00713998824357986
ThighTheta=0.0364932715892792
LowerLegAlpha=-0.082109808921814
LowerLegTheta=-1.02974426746368

[RightLeg]
ThighAlpha=0.0856798067688942
ThighTheta=0.31891930103302
LowerLegAlpha=0.021419957280159
LowerLegTheta=0.0364932715892792
