[%General]
Highest=146
CenterX=41.0904839294274
CenterY=61.5153690561096
XWidth=50

[LeftLeg]
ThighAlpha=-0.0392699092626572
ThighTheta=-0.0392699092626572
LowerLegAlpha=-0.0589048638939857
LowerLegTheta=-0.157079637050629

[RightLeg]
ThighAlpha=0.0785398185253143
ThighTheta=0.314159274101257
LowerLegAlpha=-0.0392699092626572
LowerLegTheta=-0.785398185253143
