[%General]
Highest=142
CenterX=39.1178422333728
CenterY=157.969771141843
XWidth=57

[LeftLeg]
ThighAlpha=-0.0981747731566429
ThighTheta=0.589048624038696
LowerLegAlpha=-0.0589048638939857
LowerLegTheta=0.353429168462753

[RightLeg]
ThighAlpha=0.0785398185253143
ThighTheta=-0.431968986988068
LowerLegAlpha=0.0196349546313286
LowerLegTheta=-0.314159274101257
