[%General]
Highest=141
CenterX=38.0764524084538
CenterY=248.216448662317
XWidth=49

[LeftLeg]
ThighAlpha=-0.0107099711894989
ThighTheta=-0.109479740262032
LowerLegAlpha=0.00356999784708023
LowerLegTheta=-0.956757783889771

[RightLeg]
ThighAlpha=-0.00356999039649963
ThighTheta=0.391905784606934
LowerLegAlpha=0.121379725635052
LowerLegTheta=0.106306441128254
