[%General]
Highest=142
CenterX=38.650152059718
CenterY=165.604893558197
XWidth=56

[LeftLeg]
ThighAlpha=-0.0785398185253143
ThighTheta=0.60451865196228
LowerLegAlpha=-0.0856797993183136
LowerLegTheta=0.179292947053909

[RightLeg]
ThighAlpha=0.0856798067688942
ThighTheta=-0.391905754804611
LowerLegAlpha=0.0249899476766586
LowerLegTheta=-0.537878751754761
