[%General]
Highest=140
CenterX=37.6711212265674
CenterY=244.297445676411
XWidth=50

[LeftLeg]
ThighAlpha=-0.0392699092626572
ThighTheta=-0.235619455575943
LowerLegAlpha=-0.0196349546313286
LowerLegTheta=-0.785398185253143

[RightLeg]
ThighAlpha=0.0196349546313286
ThighTheta=0.431968986988068
LowerLegAlpha=0.0785398185253143
LowerLegTheta=0.196349546313286
