[%General]
Highest=145
CenterX=37.9053092790308
CenterY=193.996647882491
XWidth=54

[LeftLeg]
ThighAlpha=-0.117809727787971
ThighTheta=0.00340002961456776
LowerLegAlpha=-0.13922968506813
LowerLegTheta=0.079559862613678

[RightLeg]
ThighAlpha=0.121379725635052
ThighTheta=0.371959179639816
LowerLegAlpha=-0.13922968506813
LowerLegTheta=-0.770438194274902
