[%General]
Highest=145
CenterX=41.05755350213
CenterY=114.364876309902
XWidth=57

[LeftLeg]
ThighAlpha=-0.024989940226078
ThighTheta=-0.0197199191898108
LowerLegAlpha=0.0606898665428162
LowerLegTheta=-1.06963741779327

[RightLeg]
ThighAlpha=0.0642598569393158
ThighTheta=0.312119334936142
LowerLegAlpha=0.0606898665428162
LowerLegTheta=0.00340002961456776
