[%General]
Highest=143
CenterX=40.9278288892354
CenterY=98.8279276469671
XWidth=57

[LeftLeg]
ThighAlpha=-0.0392699092626572
ThighTheta=-0.461718916893005
LowerLegAlpha=-0.0142799615859985
LowerLegTheta=-0.468065589666367

[RightLeg]
ThighAlpha=0.103529766201973
ThighTheta=0.534705460071564
LowerLegAlpha=0.00356999784708023
LowerLegTheta=0.245932787656784
