[%General]
Highest=143
CenterX=37.5717704007261
CenterY=182.550001375175
XWidth=53

[LeftLeg]
ThighAlpha=-0.0428398996591568
ThighTheta=0.322092622518539
LowerLegAlpha=-0.13922968506813
LowerLegTheta=0.0333199352025986

[RightLeg]
ThighAlpha=0.0821098163723946
ThighTheta=-0.106306403875351
LowerLegAlpha=-0.0464098900556564
LowerLegTheta=-0.820304751396179
