[%General]
Highest=140
CenterX=37.6596848389938
CenterY=275.011614629213
XWidth=48

[LeftLeg]
ThighAlpha=-0.0392699092626572
ThighTheta=0.46171897649765
LowerLegAlpha=0.0606898665428162
LowerLegTheta=0.179292947053909

[RightLeg]
ThighAlpha=0.0107099786400795
ThighTheta=-0.179292917251587
LowerLegAlpha=0.0999597758054733
LowerLegTheta=-0.10313306748867
