[%General]
Highest=142
CenterX=41.1231938167289
CenterY=86.9436562520469
XWidth=53

[LeftLeg]
ThighAlpha=0
ThighTheta=-0.431968986988068
LowerLegAlpha=-0.0589048638939857
LowerLegTheta=-0.274889349937439

[RightLeg]
ThighAlpha=0.0392699092626572
ThighTheta=0.589048624038696
LowerLegAlpha=0
LowerLegTheta=0.431968986988068
