[%General]
Highest=143
CenterX=38.9777753463627
CenterY=161.638401466143
XWidth=57

[LeftLeg]
ThighAlpha=-0.0392699092626572
ThighTheta=0.534705460071564
LowerLegAlpha=-0.121379718184471
LowerLegTheta=0.391905784606934

[RightLeg]
ThighAlpha=0.103529766201973
ThighTheta=-0.391905754804611
LowerLegAlpha=0.021419957280159
LowerLegTheta=-0.395079076290131
