[%General]
Highest=144
CenterX=37.7374758033295
CenterY=189.872486772487
XWidth=53

[LeftLeg]
ThighAlpha=0.00713998824357986
ThighTheta=0.172946274280548
LowerLegAlpha=-0.157079637050629
LowerLegTheta=-0.030146561563015

[RightLeg]
ThighAlpha=0.103529766201973
ThighTheta=-0.249106079339981
LowerLegAlpha=-0.0606898590922356
LowerLegTheta=0.103133104741573
