[%General]
Highest=141
CenterX=37.8530573028479
CenterY=264.517962498686
XWidth=49

[LeftLeg]
ThighAlpha=-0.0642598494887352
ThighTheta=0.249106109142303
LowerLegAlpha=0.021419957280159
LowerLegTheta=-0.607691943645477

[RightLeg]
ThighAlpha=0.13922968506813
ThighTheta=0.106306441128254
LowerLegAlpha=0.0606898665428162
LowerLegTheta=0.0333199352025986
