[%General]
Highest=143
CenterX=40.9965963064101
CenterY=102.901163467885
XWidth=56

[LeftLeg]
ThighAlpha=-0.0392699092626572
ThighTheta=-0.395079076290131
LowerLegAlpha=0.00356999784708023
LowerLegTheta=-0.604518592357635

[RightLeg]
ThighAlpha=0.0821098163723946
ThighTheta=0.534705460071564
LowerLegAlpha=-0.0142799615859985
LowerLegTheta=0.109479777514935
