[%General]
Highest=146
CenterX=40.9663596553858
CenterY=69.2249036127374
XWidth=52

[LeftLeg]
ThighAlpha=-0.0428398996591568
ThighTheta=-0.176119565963745
LowerLegAlpha=-0.103529758751392
LowerLegTheta=-0.109479740262032

[RightLeg]
ThighAlpha=0.0678298473358154
ThighTheta=0.391905784606934
LowerLegAlpha=-0.0642598494887352
LowerLegTheta=-0.10313306748867
