[%General]
Highest=143
CenterX=41.7752161054206
CenterY=42.9742157971064
XWidth=53

[LeftLeg]
ThighAlpha=-0.0428398996591568
ThighTheta=0.325265944004059
LowerLegAlpha=-0.0678298398852348
LowerLegTheta=0.030146598815918

[RightLeg]
ThighAlpha=0.13922968506813
ThighTheta=-0.458545595407486
LowerLegAlpha=-0.0464098900556564
LowerLegTheta=-0.541052103042603
