[%General]
Highest=143
CenterX=41.3990456383888
CenterY=80.1622542327468
XWidth=52

[LeftLeg]
ThighAlpha=0.0142799690365791
ThighTheta=-0.342039197683334
LowerLegAlpha=-0.0856797993183136
LowerLegTheta=-0.212839469313622

[RightLeg]
ThighAlpha=0.0642598569393158
ThighTheta=0.521558880805969
LowerLegAlpha=-0.0428398996591568
LowerLegTheta=0.365159213542938
