[%General]
Highest=143
CenterX=38.2691059221253
CenterY=260.627215748456
XWidth=49

[LeftLeg]
ThighAlpha=-0.0642598494887352
ThighTheta=0.106306441128254
LowerLegAlpha=0.021419957280159
LowerLegTheta=-0.677505135536194

[RightLeg]
ThighAlpha=0.13922968506813
ThighTheta=0.249106109142303
LowerLegAlpha=0.0321299284696579
LowerLegTheta=-0.112653076648712
