[%General]
Highest=145
CenterX=37.998174856939
CenterY=197.911528591621
XWidth=53

[LeftLeg]
ThighAlpha=-0.0785398185253143
ThighTheta=-0.0265199020504951
LowerLegAlpha=-0.157079637050629
LowerLegTheta=-0.0795597806572914

[RightLeg]
ThighAlpha=0.0321299284696579
ThighTheta=0.365159213542938
LowerLegAlpha=-0.00713998079299927
LowerLegTheta=-0.358359158039093
