[%General]
Highest=145
CenterX=41.05755350213
CenterY=114.364876309902
XWidth=57

[LeftLeg]
ThighAlpha=-0.024989940226078
ThighTheta=-0.0396665707230568
LowerLegAlpha=0.0428399071097374
LowerLegTheta=-0.959931075572968

[RightLeg]
ThighAlpha=0.0821098163723946
ThighTheta=0.322092622518539
LowerLegAlpha=0.0428399071097374
LowerLegTheta=0.0333199352025986
