[%General]
Highest=145
CenterX=41.0648415170275
CenterY=110.912074954179
XWidth=56

[LeftLeg]
ThighAlpha=-0.0589048638939857
ThighTheta=-0.235619455575943
LowerLegAlpha=0.0589048638939857
LowerLegTheta=-0.785398185253143

[RightLeg]
ThighAlpha=0.0392699092626572
ThighTheta=0.392699092626572
LowerLegAlpha=0.0981747731566429
LowerLegTheta=0.0785398185253143
