[%General]
Highest=144
CenterX=41.1644269931468
CenterY=73.18873009292
XWidth=53

[LeftLeg]
ThighAlpha=-0.0285599306225777
ThighTheta=-0.229159444570541
LowerLegAlpha=-0.0678298398852348
LowerLegTheta=-0.215559482574463

[RightLeg]
ThighAlpha=0.0856798067688942
ThighTheta=0.46171897649765
LowerLegAlpha=-0.0464098900556564
LowerLegTheta=0.0197199955582619
