[%General]
Highest=144
CenterX=41.5958016168385
CenterY=46.7576541224884
XWidth=51

[LeftLeg]
ThighAlpha=-0.0392699092626572
ThighTheta=0.274889349937439
LowerLegAlpha=-0.0589048638939857
LowerLegTheta=0.117809727787971

[RightLeg]
ThighAlpha=0.0981747731566429
ThighTheta=-0.274889349937439
LowerLegAlpha=-0.0196349546313286
LowerLegTheta=-0.628318548202515
