[%General]
Highest=146
CenterX=39.8197005158579
CenterY=125.413880397402
XWidth=54

[LeftLeg]
ThighAlpha=-0.082109808921814
ThighTheta=0.245932787656784
LowerLegAlpha=0.00356999784708023
LowerLegTheta=-0.820304751396179

[RightLeg]
ThighAlpha=0.103529766201973
ThighTheta=0.109479777514935
LowerLegAlpha=0.00356999784708023
LowerLegTheta=-0.106306403875351
