[%General]
Highest=146
CenterX=40.7578122059838
CenterY=117.590930188798
XWidth=56

[LeftLeg]
ThighAlpha=-0.0606898590922356
ThighTheta=0.106306441128254
LowerLegAlpha=0.021419957280159
LowerLegTheta=-1.09955739974976

[RightLeg]
ThighAlpha=0.0678298473358154
ThighTheta=0.252279460430145
LowerLegAlpha=0.021419957280159
LowerLegTheta=0.0333199352025986
