[%General]
Highest=145
CenterX=39.9022076015442
CenterY=143.882972649666
XWidth=56

[LeftLeg]
ThighAlpha=-0.0785398185253143
ThighTheta=0.507958889007568
LowerLegAlpha=-0.0464098900556564
LowerLegTheta=0.295799374580383

[RightLeg]
ThighAlpha=0.0856798067688942
ThighTheta=-0.318919241428375
LowerLegAlpha=-0.0178499519824982
LowerLegTheta=-0.0727597996592522
