[%General]
Highest=145
CenterX=37.9053092790308
CenterY=193.996647882491
XWidth=54

[LeftLeg]
ThighAlpha=-0.117809727787971
ThighTheta=0.0333199352025986
LowerLegAlpha=-0.0856797993183136
LowerLegTheta=-0.030146561563015

[RightLeg]
ThighAlpha=0.121379725635052
ThighTheta=0.391905784606934
LowerLegAlpha=-0.13922968506813
LowerLegTheta=-0.820304751396179
