[%General]
Highest=143
CenterX=41.3990456383888
CenterY=80.1622542327468
XWidth=52

[LeftLeg]
ThighAlpha=0.0142799690365791
ThighTheta=-0.322092592716217
LowerLegAlpha=-0.0856797993183136
LowerLegTheta=-0.24275940656662

[RightLeg]
ThighAlpha=0.0107099786400795
ThighTheta=0.531532108783722
LowerLegAlpha=0.0285599380731583
LowerLegTheta=0.395079135894775
