[%General]
Highest=141
CenterX=42.4969384792132
CenterY=31.7619083689985
XWidth=51

[LeftLeg]
ThighAlpha=-0.0999597683548927
ThighTheta=0.534705460071564
LowerLegAlpha=-0.0142799615859985
LowerLegTheta=0.176119610667229

[RightLeg]
ThighAlpha=0.103529766201973
ThighTheta=-0.461718916893005
LowerLegAlpha=-0.024989940226078
LowerLegTheta=-0.398252427577972
