[%General]
Highest=147
CenterX=39.682845780174
CenterY=136.432498798911
XWidth=56

[LeftLeg]
ThighAlpha=-0.0642598494887352
ThighTheta=0.46489229798317
LowerLegAlpha=0.021419957280159
LowerLegTheta=-0.255452752113342

[RightLeg]
ThighAlpha=0.0142799690365791
ThighTheta=-0.106306403875351
LowerLegAlpha=0.0606898665428162
LowerLegTheta=-0.179292917251587
