[%General]
Highest=144
CenterX=37.6164662754593
CenterY=186.03388184442
XWidth=54

[LeftLeg]
ThighAlpha=-0.0999597683548927
ThighTheta=0.249106109142303
LowerLegAlpha=-0.0856797993183136
LowerLegTheta=-0.0364932343363762

[RightLeg]
ThighAlpha=0.046409897506237
ThighTheta=0.0396666079759598
LowerLegAlpha=0.00713998824357986
LowerLegTheta=-0.680678427219391
