[%General]
Highest=144
CenterX=41.3641160625331
CenterY=76.8591407239763
XWidth=52

[LeftLeg]
ThighAlpha=0
ThighTheta=-0.314159274101257
LowerLegAlpha=-0.0785398185253143
LowerLegTheta=-0.0785398185253143

[RightLeg]
ThighAlpha=0.0589048638939857
ThighTheta=0.471238911151886
LowerLegAlpha=-0.0392699092626572
LowerLegTheta=0.235619455575943
