[%General]
CenterX=33.5018297984189
CenterY=10.0901150447846
Highest=157
XWidth=46

[LeftLeg]
LowerLegAlpha=0.117809727787971
LowerLegTheta=0.235619455575943
ThighAlpha=-0.392699092626572
ThighTheta=0.117809727787971

[RightLeg]
LowerLegAlpha=0.0392699092626572
LowerLegTheta=0.314159274101257
ThighAlpha=0.0785398185253143
ThighTheta=0.117809727787971
