[%General]
CenterX=32.1293478851061
CenterY=72.3012651354727
Highest=158
XWidth=59

[LeftLeg]
LowerLegAlpha=-0.0392699092626572
LowerLegTheta=0.117809727787971
ThighAlpha=-0.0981747731566429
ThighTheta=0.510508835315704

[RightLeg]
LowerLegAlpha=0.0981747731566429
LowerLegTheta=-0.706858336925507
ThighAlpha=0.0981747731566429
ThighTheta=-0.353429168462753
