[%General]
CenterX=30.5029051883246
CenterY=197.586665755235
Highest=156
XWidth=60

[LeftLeg]
LowerLegAlpha=0.0196349546313286
LowerLegTheta=0.353429168462753
ThighAlpha=-0.0981747731566429
ThighTheta=0.549778699874878

[RightLeg]
LowerLegAlpha=0.0589048638939857
LowerLegTheta=-0.314159274101257
ThighAlpha=0.0981747731566429
ThighTheta=-0.431968986988068
