[%General]
CenterX=29.4023845918679
CenterY=210.060140629777
Highest=156
XWidth=58

[LeftLeg]
LowerLegAlpha=0
LowerLegTheta=0.157079637050629
ThighAlpha=-0.0981747731566429
ThighTheta=0.510508835315704

[RightLeg]
LowerLegAlpha=0.0785398185253143
LowerLegTheta=-0.785398185253143
ThighAlpha=0.0589048638939857
ThighTheta=-0.274889349937439
