[%General]
Highest=161
CenterX=33.493181198718
CenterY=28.6732426666165
XWidth=53

[LeftLeg]
ThighAlpha=0.0981747731566429
ThighTheta=-0.0392699092626572
LowerLegAlpha=-0.0981747731566429
LowerLegTheta=-0.510508835315704

[RightLeg]
ThighAlpha=0.0981747731566429
ThighTheta=-0.0785398185253143
LowerLegAlpha=0.0785398185253143
LowerLegTheta=0.196349546313286
