[%General]
CenterX=34.8101376198961
CenterY=7.47878833832506
Highest=157
XWidth=41

[LeftLeg]
LowerLegAlpha=0.117809727787971
LowerLegTheta=0.589048624038696
ThighAlpha=-0.353429168462753
ThighTheta=-0.157079637050629

[RightLeg]
LowerLegAlpha=-0.0785398185253143
LowerLegTheta=0.549778699874878
ThighAlpha=0.0785398185253143
ThighTheta=-0.0392699092626572
