[%General]
CenterX=26.1680933655342
CenterY=242.949865338172
Highest=158
XWidth=55

[LeftLeg]
LowerLegAlpha=-0.0589048638939857
LowerLegTheta=-0.0392699092626572
ThighAlpha=-0.0981747731566429
ThighTheta=-0.117809727787971

[RightLeg]
LowerLegAlpha=0.0785398185253143
LowerLegTheta=-0.549778699874878
ThighAlpha=0.0196349546313286
ThighTheta=0.392699092626572
