[%General]
CenterX=28.7219431687715
CenterY=319.552932453119
Highest=130
XWidth=40

[LeftLeg]
LowerLegAlpha=0.235619455575943
LowerLegTheta=-0.314159274101257
ThighAlpha=-0.392699092626572
ThighTheta=-0.196349546313286

[RightLeg]
LowerLegAlpha=0.117809727787971
LowerLegTheta=-0.314159274101257
ThighAlpha=-0.0785398185253143
ThighTheta=-0.196349546313286
