[%General]
CenterX=33.3006225689273
CenterY=53.6620661573246
Highest=159
XWidth=58

[LeftLeg]
LowerLegAlpha=0.0785398185253143
LowerLegTheta=0.235619455575943
ThighAlpha=-0.0981747731566429
ThighTheta=0.471238911151886

[RightLeg]
LowerLegAlpha=0.0981747731566429
LowerLegTheta=-0.314159274101257
ThighAlpha=0.0981747731566429
ThighTheta=-0.353429168462753
