[%General]
CenterX=25.8896064279219
CenterY=235.443220407271
Highest=160
XWidth=53

[LeftLeg]
LowerLegAlpha=-0.0981747731566429
LowerLegTheta=0.196349546313286
ThighAlpha=-0.0196349546313286
ThighTheta=-0.0785398185253143

[RightLeg]
LowerLegAlpha=-0.0981747731566429
LowerLegTheta=-0.589048624038696
ThighAlpha=0.0589048638939857
ThighTheta=0.0785398185253143
