[%General]
CenterX=37.1405501907003
CenterY=5.66972328166842
Highest=157
XWidth=40

[LeftLeg]
LowerLegAlpha=0.196349546313286
LowerLegTheta=0.235619455575943
ThighAlpha=-0.392699092626572
ThighTheta=-0.117809727787971

[RightLeg]
LowerLegAlpha=-0.157079637050629
LowerLegTheta=0.274889349937439
ThighAlpha=0.157079637050629
ThighTheta=-0.0785398185253143
