[%General]
CenterX=30.7056416704456
CenterY=168.417054870759
Highest=161
XWidth=61

[LeftLeg]
LowerLegAlpha=-0.0392699092626572
LowerLegTheta=-0.196349546313286
ThighAlpha=-0.0981747731566429
ThighTheta=0.0785398185253143

[RightLeg]
LowerLegAlpha=0.0785398185253143
LowerLegTheta=-0.117809727787971
ThighAlpha=0.0981747731566429
ThighTheta=0.0392699092626572
