[%General]
CenterX=32.4632466823404
CenterY=68.1555038051411
Highest=157
XWidth=60

[LeftLeg]
LowerLegAlpha=-0.0785398185253143
LowerLegTheta=0.196349546313286
ThighAlpha=-0.0981747731566429
ThighTheta=0.510508835315704

[RightLeg]
LowerLegAlpha=0.0981747731566429
LowerLegTheta=-0.667588412761688
ThighAlpha=0.0981747731566429
ThighTheta=-0.314159274101257
