[%General]
CenterX=28.3703803107974
CenterY=302.888107571325
Highest=148
XWidth=47

[LeftLeg]
LowerLegAlpha=0.0981747731566429
LowerLegTheta=-0.314159274101257
ThighAlpha=-0.0981747731566429
ThighTheta=0

[RightLeg]
LowerLegAlpha=0
LowerLegTheta=-0.196349546313286
ThighAlpha=0.0981747731566429
ThighTheta=0.157079637050629
