[%General]
CenterX=28.2445619093385
CenterY=328.60858561589
Highest=124
XWidth=37

[LeftLeg]
LowerLegAlpha=0.117809727787971
LowerLegTheta=-0.549778699874878
ThighAlpha=-0.392699092626572
ThighTheta=-0.274889349937439

[RightLeg]
LowerLegAlpha=0
LowerLegTheta=-0.549778699874878
ThighAlpha=-0.0785398185253143
ThighTheta=-0.274889349937439
