[%General]
Highest=148
CenterX=26.9742303701141
CenterY=292.493927514509
XWidth=43

[LeftLeg]
ThighAlpha=-0.0589048638939857
ThighTheta=-0.392699092626572
LowerLegAlpha=-0.0981747731566429
LowerLegTheta=-0.628318548202515

[RightLeg]
ThighAlpha=0
ThighTheta=0.785398185253143
LowerLegAlpha=-0.0196349546313286
LowerLegTheta=-0.0785398185253143
