[%General]
Highest=156
CenterX=41.2872334277293
CenterY=40.8028810032942
XWidth=50

[LeftLeg]
ThighAlpha=-0.0981747731566429
ThighTheta=0.549778699874878
LowerLegAlpha=0.0196349546313286
LowerLegTheta=0.392699092626572

[RightLeg]
ThighAlpha=0.0785398185253143
ThighTheta=-0.471238911151886
LowerLegAlpha=0
LowerLegTheta=-0.392699092626572
