[%General]
Highest=151
CenterX=27.5842965779468
CenterY=283.568726235741
XWidth=45

[LeftLeg]
ThighAlpha=-0.0785398185253143
ThighTheta=-0.471238911151886
LowerLegAlpha=-0.0981747731566429
LowerLegTheta=-0.314159274101257

[RightLeg]
ThighAlpha=0.0785398185253143
ThighTheta=0.628318548202515
LowerLegAlpha=0.0981747731566429
LowerLegTheta=0.471238911151886
