[%General]
Highest=162
CenterX=35.4780991036699
CenterY=170.982200236766
XWidth=54

[LeftLeg]
ThighAlpha=-0.0785398185253143
ThighTheta=0.235619455575943
LowerLegAlpha=0
LowerLegTheta=-0.628318548202515

[RightLeg]
ThighAlpha=0
ThighTheta=0
LowerLegAlpha=0.0981747731566429
LowerLegTheta=-0.157079637050629
