[%General]
Highest=163
CenterX=38.2880479735318
CenterY=88.6857349639608
XWidth=52

[LeftLeg]
ThighAlpha=-0.0196349546313286
ThighTheta=0.0785398185253143
LowerLegAlpha=-0.0981747731566429
LowerLegTheta=-0.235619455575943

[RightLeg]
ThighAlpha=0.0785398185253143
ThighTheta=0.157079637050629
LowerLegAlpha=0.0392699092626572
LowerLegTheta=-0.235619455575943
