[%General]
Highest=139
CenterX=27.089593711668
CenterY=303.256915412922
XWidth=41

[LeftLeg]
ThighAlpha=0.0196349546313286
ThighTheta=-0.314159274101257
LowerLegAlpha=-0.0981747731566429
LowerLegTheta=-0.785398185253143

[RightLeg]
ThighAlpha=0.0392699092626572
ThighTheta=0.785398185253143
LowerLegAlpha=0.0196349546313286
LowerLegTheta=-0.314159274101257
