[%General]
Highest=158
CenterX=35.1840683792162
CenterY=193.683485253046
XWidth=52

[LeftLeg]
ThighAlpha=-0.0785398185253143
ThighTheta=0.549778699874878
LowerLegAlpha=-0.0196349546313286
LowerLegTheta=0.392699092626572

[RightLeg]
ThighAlpha=0.0196349546313286
ThighTheta=-0.392699092626572
LowerLegAlpha=0.0981747731566429
LowerLegTheta=-0.314159274101257
