[%General]
Highest=157
CenterX=34.8753325864725
CenterY=198.403584932082
XWidth=51

[LeftLeg]
ThighAlpha=-0.0785398185253143
ThighTheta=0.549778699874878
LowerLegAlpha=0
LowerLegTheta=0.471238911151886

[RightLeg]
ThighAlpha=0.0589048638939857
ThighTheta=-0.471238911151886
LowerLegAlpha=0.0196349546313286
LowerLegTheta=-0.235619455575943
