[%General]
Highest=136
CenterX=27.0592833876221
CenterY=308.287740598164
XWidth=37

[LeftLeg]
ThighAlpha=0.0589048638939857
ThighTheta=-0.235619455575943
LowerLegAlpha=-0.0981747731566429
LowerLegTheta=-0.785398185253143

[RightLeg]
ThighAlpha=0.0392699092626572
ThighTheta=0.785398185253143
LowerLegAlpha=-0.0981747731566429
LowerLegTheta=-0.392699092626572
