[%General]
Highest=161
CenterX=39.6106585703002
CenterY=74.6335777053713
XWidth=50

[LeftLeg]
ThighAlpha=0
ThighTheta=0.314159274101257
LowerLegAlpha=-0.0392699092626572
LowerLegTheta=-0.0785398185253143

[RightLeg]
ThighAlpha=0.0981747731566429
ThighTheta=-0.157079637050629
LowerLegAlpha=-0.0392699092626572
LowerLegTheta=-0.628318548202515
