[%General]
Highest=157
CenterX=40.9693354310521
CenterY=50.3304781050607
XWidth=52

[LeftLeg]
ThighAlpha=-0.0785398185253143
ThighTheta=0.549778699874878
LowerLegAlpha=0
LowerLegTheta=0.314159274101257

[RightLeg]
ThighAlpha=0.0589048638939857
ThighTheta=-0.392699092626572
LowerLegAlpha=0.0981747731566429
LowerLegTheta=-0.706858336925507
