[%General]
CenterX=29.4023845918679
CenterY=210.060140629777
Highest=156
XWidth=58

[LeftLeg]
LowerLegAlpha=0.021419957280159
LowerLegTheta=0.146199703216553
ThighAlpha=-0.0785398185253143
ThighTheta=0.514758884906769

[RightLeg]
LowerLegAlpha=0.0606898665428162
LowerLegTheta=-0.80035811662674
ThighAlpha=0.0678298473358154
ThighTheta=-0.259079366922379
