[%General]
CenterX=29.0355482202085
CenterY=308.259660704934
Highest=146
XWidth=45

[LeftLeg]
LowerLegAlpha=-0.0856797993183136
LowerLegTheta=-0.491638839244843
ThighAlpha=-0.0785398185253143
ThighTheta=0.378759175539017

[RightLeg]
LowerLegAlpha=0.0606898665428162
LowerLegTheta=-0.109479710459709
ThighAlpha=0.13922968506813
ThighTheta=-0.00339995324611664
