[%General]
CenterX=32.1293478851061
CenterY=72.3012651354727
Highest=158
XWidth=59

[LeftLeg]
LowerLegAlpha=-0.0642598494887352
LowerLegTheta=0.146199703216553
ThighAlpha=-0.0785398185253143
ThighTheta=0.484838932752609

[RightLeg]
LowerLegAlpha=0.021419957280159
LowerLegTheta=-0.634438514709473
ThighAlpha=0.13922968506813
ThighTheta=-0.371959120035172
