[%General]
CenterX=34.2298554425646
CenterY=18.1681449222491
Highest=159
XWidth=50

[LeftLeg]
LowerLegAlpha=0.0392699092626572
LowerLegTheta=0.0392699092626572
ThighAlpha=-0.353429168462753
ThighTheta=0.235619455575943

[RightLeg]
LowerLegAlpha=0.0785398185253143
LowerLegTheta=-0.0392699092626572
ThighAlpha=0.0785398185253143
ThighTheta=0.274889349937439
