[%General]
CenterX=32.4632466823404
CenterY=68.1555038051411
Highest=157
XWidth=60

[LeftLeg]
LowerLegAlpha=-0.0321299210190773
LowerLegTheta=0.199239581823349
ThighAlpha=-0.117809727787971
ThighTheta=0.514758884906769

[RightLeg]
LowerLegAlpha=0.0606898665428162
LowerLegTheta=-0.694278359413147
ThighAlpha=0.13922968506813
ThighTheta=-0.312119245529175
