[%General]
CenterX=27.0339455279468
CenterY=288.475948143515
Highest=153
XWidth=46

[LeftLeg]
LowerLegAlpha=-0.0642598494887352
LowerLegTheta=-0.80715811252594
ThighAlpha=-0.00356999039649963
ThighTheta=-0.222359463572502

[RightLeg]
LowerLegAlpha=0.0428399071097374
LowerLegTheta=-0.0564398318529129
ThighAlpha=-0.00356999039649963
ThighTheta=0.424999058246613
