[%General]
CenterX=29.9115319148936
CenterY=139.254957446809
Highest=157
XWidth=57

[LeftLeg]
LowerLegAlpha=-0.0499798804521561
LowerLegTheta=-0.514758765697479
ThighAlpha=-0.00713998079299927
ThighTheta=-0.431798994541168

[RightLeg]
LowerLegAlpha=-0.0499798804521561
LowerLegTheta=0.259079456329346
ThighAlpha=0.0678298473358154
ThighTheta=0.514758884906769
