[%General]
CenterX=29.7872255698192
CenterY=124.591123919308
Highest=158
XWidth=58

[LeftLeg]
LowerLegAlpha=-0.0678298398852348
LowerLegTheta=-0.295799285173416
ThighAlpha=-0.0392699092626572
ThighTheta=-0.371959120035172

[RightLeg]
LowerLegAlpha=-0.0464098900556564
LowerLegTheta=0.468518972396851
ThighAlpha=-0.0214199498295784
ThighTheta=0.424999058246613
