[%General]
CenterX=30.3395291201983
CenterY=88.6291106662854
Highest=160
XWidth=56

[LeftLeg]
LowerLegAlpha=-0.157079637050629
LowerLegTheta=0.00340002961456776
ThighAlpha=0.046409897506237
ThighTheta=0.259079456329346

[RightLeg]
LowerLegAlpha=0.0999597758054733
LowerLegTheta=-0.454918920993805
ThighAlpha=0.0285599380731583
ThighTheta=-0.401879042387009
