[%General]
CenterX=33.7136900070829
CenterY=43.4070091080496
Highest=161
XWidth=56

[LeftLeg]
LowerLegAlpha=0.00356999784708023
LowerLegTheta=-0.0727597996592522
ThighAlpha=0.0321299284696579
ThighTheta=0.275399416685104

[RightLeg]
LowerLegAlpha=0.0107099786400795
LowerLegTheta=-0.116279698908329
ThighAlpha=0.121379725635052
ThighTheta=-0.199239507317543
