[%General]
CenterX=28.2702624539079
CenterY=332.371556648109
Highest=121
XWidth=37

[LeftLeg]
LowerLegAlpha=0.0785398185253143
LowerLegTheta=-0.628318548202515
ThighAlpha=-0.392699092626572
ThighTheta=-0.274889349937439

[RightLeg]
LowerLegAlpha=0.157079637050629
LowerLegTheta=-0.706858336925507
ThighAlpha=-0.117809727787971
ThighTheta=-0.235619455575943
