[%General]
CenterX=28.6291208791209
CenterY=1.15659340659341
Highest=115
XWidth=9

[LeftLeg]
LowerLegAlpha=-0.392699092626572
LowerLegTheta=-0.785398185253143
ThighAlpha=-0.392699092626572
ThighTheta=-0.785398185253143

[RightLeg]
LowerLegAlpha=-0.392699092626572
LowerLegTheta=-0.785398185253143
ThighAlpha=-0.392699092626572
ThighTheta=-0.785398185253143
