[%General]
CenterX=29.1998664465508
CenterY=310.326723674204
Highest=143
XWidth=45

[LeftLeg]
LowerLegAlpha=-0.157079637050629
LowerLegTheta=-0.604518592357635
ThighAlpha=-0.0785398185253143
ThighTheta=0.454919010400772

[RightLeg]
LowerLegAlpha=0.0107099786400795
LowerLegTheta=-0.265879362821579
ThighAlpha=0.13922968506813
ThighTheta=0.0632398948073387
