[%General]
CenterX=29.702436440678
CenterY=121.388877118644
Highest=160
XWidth=58

[LeftLeg]
LowerLegAlpha=-0.0142799615859985
LowerLegTheta=-0.132599666714668
ThighAlpha=-0.0999597683548927
ThighTheta=-0.37875908613205

[RightLeg]
LowerLegAlpha=-0.0464098900556564
LowerLegTheta=0.365159213542938
ThighAlpha=-0.00356999039649963
ThighTheta=0.401879131793976
