[%General]
CenterX=30.8718060875039
CenterY=182.396274524447
Highest=159
XWidth=62

[LeftLeg]
LowerLegAlpha=0.021419957280159
LowerLegTheta=0.229159519076347
ThighAlpha=-0.0785398185253143
ThighTheta=0.431799054145813

[RightLeg]
LowerLegAlpha=0.0107099786400795
LowerLegTheta=-0.0564398318529129
ThighAlpha=0.103529766201973
ThighTheta=-0.288999319076538
