[%General]
CenterX=29.8645712027949
CenterY=114.669969638995
Highest=160
XWidth=57

[LeftLeg]
LowerLegAlpha=-0.0464098900556564
LowerLegTheta=-0.132599666714668
ThighAlpha=-0.082109808921814
ThighTheta=-0.259079366922379

[RightLeg]
LowerLegAlpha=0.00356999784708023
LowerLegTheta=-0.132599666714668
ThighAlpha=-0.0214199498295784
ThighTheta=0.424999058246613
