[%General]
CenterX=26.8768206525556
CenterY=284.006854221386
Highest=154
XWidth=47

[LeftLeg]
LowerLegAlpha=-0.0321299210190773
LowerLegTheta=-0.627638518810272
ThighAlpha=-0.00356999039649963
ThighTheta=-0.312119245529175

[RightLeg]
LowerLegAlpha=0.0428399071097374
LowerLegTheta=-0.00339995324611664
ThighAlpha=-0.00356999039649963
ThighTheta=0.484838932752609
