[%General]
CenterX=29.7053292216817
CenterY=92.1835150277971
Highest=160
XWidth=55

[LeftLeg]
LowerLegAlpha=-0.13922968506813
LowerLegTheta=-0.0863597691059113
ThighAlpha=-0.0214199498295784
ThighTheta=0.259079456329346

[RightLeg]
LowerLegAlpha=0.0606898665428162
LowerLegTheta=-0.81395810842514
ThighAlpha=0.0678298473358154
ThighTheta=-0.0496398508548737
