[%General]
CenterX=25.6425584489641
CenterY=270.277025008825
Highest=154
XWidth=51

[LeftLeg]
LowerLegAlpha=-0.0142799615859985
LowerLegTheta=-0.501158833503723
ThighAlpha=-0.0642598494887352
ThighTheta=-0.37875908613205

[RightLeg]
LowerLegAlpha=0.021419957280159
LowerLegTheta=0.468518972396851
ThighAlpha=-0.0392699092626572
ThighTheta=0.454919010400772
