[%General]
CenterX=29.780247327956
CenterY=131.60611082558
Highest=157
XWidth=57

[LeftLeg]
LowerLegAlpha=0.00356999784708023
LowerLegTheta=-0.371959120035172
ThighAlpha=-0.0785398185253143
ThighTheta=-0.431798994541168

[RightLeg]
LowerLegAlpha=-0.0107099711894989
LowerLegTheta=0.408679097890854
ThighAlpha=-0.0214199498295784
ThighTheta=0.484838932752609
