[%General]
CenterX=33.1300730674159
CenterY=57.0058802391297
Highest=158
XWidth=58

[LeftLeg]
LowerLegAlpha=0.00713998824357986
LowerLegTheta=0.408679097890854
ThighAlpha=-0.0785398185253143
ThighTheta=0.454919010400772

[RightLeg]
LowerLegAlpha=0.0249899476766586
LowerLegTheta=-0.275399327278137
ThighAlpha=0.13922968506813
ThighTheta=-0.408679038286209
