[%General]
CenterX=28.0106161452278
CenterY=219.326545473127
Highest=156
XWidth=56

[LeftLeg]
LowerLegAlpha=0.00356999784708023
LowerLegTheta=0.139399722218513
ThighAlpha=-0.0606898590922356
ThighTheta=0.371959179639816

[RightLeg]
LowerLegAlpha=0.0428399071097374
LowerLegTheta=-0.784038186073303
ThighAlpha=0.0321299284696579
ThighTheta=-0.222359463572502
