[%General]
CenterX=29.1697052662145
CenterY=312.338249019974
Highest=140
XWidth=43

[LeftLeg]
LowerLegAlpha=-0.0856797993183136
LowerLegTheta=-1.09955739974976
ThighAlpha=-0.13922968506813
ThighTheta=0.724198400974274

[RightLeg]
LowerLegAlpha=0.0999597758054733
LowerLegTheta=-0.109479710459709
ThighAlpha=0.0321299284696579
ThighTheta=-0.116279698908329
