[%General]
CenterX=27.318500971645
CenterY=292.257875998241
Highest=152
XWidth=46

[LeftLeg]
LowerLegAlpha=0.00356999784708023
LowerLegTheta=-0.896917939186096
ThighAlpha=-0.024989940226078
ThighTheta=-0.109479710459709

[RightLeg]
LowerLegAlpha=-0.103529758751392
LowerLegTheta=-0.199239507317543
ThighAlpha=0.0856798067688942
ThighTheta=0.454919010400772
