[%General]
CenterX=33.796947551968
CenterY=40.037078035305
Highest=161
XWidth=54

[LeftLeg]
LowerLegAlpha=0.00356999784708023
LowerLegTheta=-0.358359158039093
ThighAlpha=-0.00356999039649963
ThighTheta=0.312119334936142

[RightLeg]
LowerLegAlpha=0.0821098163723946
LowerLegTheta=-0.116279698908329
ThighAlpha=0.103529766201973
ThighTheta=-0.146199628710747
