[%General]
CenterX=25.4068521353534
CenterY=263.179406640976
Highest=154
XWidth=52

[LeftLeg]
LowerLegAlpha=-0.0321299210190773
LowerLegTheta=-0.2454794049263
ThighAlpha=-0.0785398185253143
ThighTheta=-0.431798994541168

[RightLeg]
LowerLegAlpha=-0.0856797993183136
LowerLegTheta=0.581398725509644
ThighAlpha=-0.0214199498295784
ThighTheta=0.454919010400772
