[%General]
CenterX=25.4315753188556
CenterY=256.777132553761
Highest=157
XWidth=54

[LeftLeg]
LowerLegAlpha=-0.0499798804521561
LowerLegTheta=-0.215559482574463
ThighAlpha=-0.0999597683548927
ThighTheta=-0.348839163780212

[RightLeg]
LowerLegAlpha=-0.0642598494887352
LowerLegTheta=0.378759175539017
ThighAlpha=-0.0214199498295784
ThighTheta=0.424999058246613
