[%General]
CenterX=33.5717836986985
CenterY=36.3413156985449
Highest=161
XWidth=55

[LeftLeg]
LowerLegAlpha=-0.0464098900556564
LowerLegTheta=-0.424998998641968
ThighAlpha=0.0642598569393158
ThighTheta=0.229159519076347

[RightLeg]
LowerLegAlpha=0.0999597758054733
LowerLegTheta=-0.0333198830485344
ThighAlpha=0.0856798067688942
ThighTheta=-0.116279698908329
