[%General]
CenterX=25.4345858639792
CenterY=266.617766802376
Highest=153
XWidth=52

[LeftLeg]
LowerLegAlpha=-0.0464098900556564
LowerLegTheta=-0.2454794049263
ThighAlpha=-0.0785398185253143
ThighTheta=-0.461718916893005

[RightLeg]
LowerLegAlpha=-0.0321299210190773
LowerLegTheta=0.521558880805969
ThighAlpha=-0.0428398996591568
ThighTheta=0.484838932752609
