[%General]
Highest=161
CenterX=33.493181198718
CenterY=28.6732426666165
XWidth=53

[LeftLeg]
ThighAlpha=0.0919414535164833
ThighTheta=-0.00713995099067688
LowerLegAlpha=-0.0467498935759068
LowerLegTheta=-0.564058661460876

[RightLeg]
ThighAlpha=0.0810331404209137
ThighTheta=0.110669776797295
LowerLegAlpha=0.0529832057654858
LowerLegTheta=-0.11066971719265
