[%General]
CenterX=32.9348213797254
CenterY=60.6432408775097
Highest=157
XWidth=58

[LeftLeg]
LowerLegAlpha=-0.0142799615859985
LowerLegTheta=0.378759175539017
ThighAlpha=-0.0785398185253143
ThighTheta=0.484838932752609

[RightLeg]
LowerLegAlpha=0.0606898665428162
LowerLegTheta=-0.38555908203125
ThighAlpha=0.13922968506813
ThighTheta=-0.424998998641968
