[%General]
CenterX=31.283559479755
CenterY=80.7470622605986
Highest=159
XWidth=58

[LeftLeg]
LowerLegAlpha=-0.0142799615859985
LowerLegTheta=0.116279773414135
ThighAlpha=-0.0785398185253143
ThighTheta=0.371959179639816

[RightLeg]
LowerLegAlpha=0.0606898665428162
LowerLegTheta=-0.860197961330414
ThighAlpha=0.103529766201973
ThighTheta=-0.199239507317543
