[%General]
CenterX=33.3006225689273
CenterY=53.6620661573246
Highest=159
XWidth=58

[LeftLeg]
LowerLegAlpha=0.00356999784708023
LowerLegTheta=0.259079456329346
ThighAlpha=-0.0392699092626572
ThighTheta=0.46171897649765

[RightLeg]
LowerLegAlpha=0.0285599380731583
LowerLegTheta=-0.212839469313622
ThighAlpha=0.13922968506813
ThighTheta=-0.395079076290131
