[%General]
CenterX=27.407080211716
CenterY=223.444194430949
Highest=158
XWidth=54

[LeftLeg]
LowerLegAlpha=0.021419957280159
LowerLegTheta=-0.00339995324611664
ThighAlpha=-0.0785398185253143
ThighTheta=0.342039257287979

[RightLeg]
LowerLegAlpha=0.00356999784708023
LowerLegTheta=-0.627638518810272
ThighAlpha=0.0107099786400795
ThighTheta=-0.259079366922379
