[%General]
CenterX=26.0783030842308
CenterY=246.663011475903
Highest=158
XWidth=55

[LeftLeg]
LowerLegAlpha=-0.0856797993183136
LowerLegTheta=-0.00339995324611664
ThighAlpha=-0.0785398185253143
ThighTheta=-0.199239507317543

[RightLeg]
LowerLegAlpha=0.0999597758054733
LowerLegTheta=-0.305319279432297
ThighAlpha=-0.0214199498295784
ThighTheta=0.424999058246613
