[%General]
CenterX=31.7586787452207
CenterY=76.4104535974974
Highest=158
XWidth=59

[LeftLeg]
LowerLegAlpha=-0.0499798804521561
LowerLegTheta=0.116279773414135
ThighAlpha=-0.0785398185253143
ThighTheta=0.46171897649765

[RightLeg]
LowerLegAlpha=0.0428399071097374
LowerLegTheta=-0.754118263721466
ThighAlpha=0.13922968506813
ThighTheta=-0.312119245529175
