[%General]
CenterX=28.8455209783257
CenterY=214.839580433486
Highest=157
XWidth=57

[LeftLeg]
LowerLegAlpha=0.00356999784708023
LowerLegTheta=0.0727598741650581
ThighAlpha=-0.0785398185253143
ThighTheta=0.49163892865181

[RightLeg]
LowerLegAlpha=0.0249899476766586
LowerLegTheta=-0.66435843706131
ThighAlpha=0.0856798067688942
ThighTheta=-0.342039197683334
