[%General]
CenterX=30.8968110117969
CenterY=175.538399395138
Highest=162
XWidth=62

[LeftLeg]
LowerLegAlpha=-0.0321299210190773
LowerLegTheta=-0.215559482574463
ThighAlpha=-0.0285599306225777
ThighTheta=0.365159213542938

[RightLeg]
LowerLegAlpha=0.00713998824357986
LowerLegTheta=0.0265199784189463
ThighAlpha=0.103529766201973
ThighTheta=-0.146199628710747
