[%General]
CenterX=30.1348634112573
CenterY=143.238308749135
Highest=157
XWidth=58

[LeftLeg]
LowerLegAlpha=-0.0142799615859985
LowerLegTheta=-0.514758765697479
ThighAlpha=-0.0428398996591568
ThighTheta=-0.401879042387009

[RightLeg]
LowerLegAlpha=-0.0321299210190773
LowerLegTheta=0.132599741220474
ThighAlpha=0.0678298473358154
ThighTheta=0.514758884906769
