[%General]
CenterX=29.5411466887036
CenterY=95.808738767953
Highest=161
XWidth=55

[LeftLeg]
LowerLegAlpha=-0.103529758751392
LowerLegTheta=-0.0632398128509521
ThighAlpha=-0.0642598494887352
ThighTheta=0.146199703216553

[RightLeg]
LowerLegAlpha=-0.0606898590922356
LowerLegTheta=-0.67115843296051
ThighAlpha=0.121379725635052
ThighTheta=-0.0197199191898108
