[%General]
CenterX=30.9452735761389
CenterY=154.708386981202
Highest=159
XWidth=60

[LeftLeg]
LowerLegAlpha=0.021419957280159
LowerLegTheta=-0.650758504867554
ThighAlpha=-0.082109808921814
ThighTheta=-0.265879362821579

[RightLeg]
LowerLegAlpha=0.0999597758054733
LowerLegTheta=0.146199703216553
ThighAlpha=-0.00356999039649963
ThighTheta=0.259079456329346
