[%General]
CenterX=28.5981308411215
CenterY=305.801384664088
Highest=146
XWidth=46

[LeftLeg]
LowerLegAlpha=-0.157079637050629
LowerLegTheta=-0.438598960638046
ThighAlpha=-0.0785398185253143
ThighTheta=0.32571929693222

[RightLeg]
LowerLegAlpha=0.0999597758054733
LowerLegTheta=-0.116279698908329
ThighAlpha=0.13922968506813
ThighTheta=0.0564399100840092
