[%General]
CenterX=29.8114459992824
CenterY=135.107579307288
Highest=157
XWidth=57

[LeftLeg]
LowerLegAlpha=-0.0107099711894989
LowerLegTheta=-0.507958829402924
ThighAlpha=-0.0785398185253143
ThighTheta=-0.371959120035172

[RightLeg]
LowerLegAlpha=-0.0178499519824982
LowerLegTheta=0.371959179639816
ThighAlpha=-0.0214199498295784
ThighTheta=0.49163892865181
