[%General]
CenterX=29.7472651511156
CenterY=103.327538372277
Highest=161
XWidth=54

[LeftLeg]
LowerLegAlpha=-0.117809727787971
LowerLegTheta=-0.123079679906368
ThighAlpha=-0.082109808921814
ThighTheta=0.00340002961456776

[RightLeg]
LowerLegAlpha=0.0821098163723946
LowerLegTheta=-0.81395810842514
ThighAlpha=0.0499798879027367
ThighTheta=0.31891930103302
