[%General]
CenterX=25.7751394246124
CenterY=231.744097486672
Highest=159
XWidth=52

[LeftLeg]
LowerLegAlpha=-0.0678298398852348
LowerLegTheta=-0.0564398318529129
ThighAlpha=-0.0785398185253143
ThighTheta=0.199239581823349

[RightLeg]
LowerLegAlpha=0.0249899476766586
LowerLegTheta=-0.94995778799057
ThighAlpha=0.00713998824357986
ThighTheta=0.176119640469551
