[%General]
Highest=175
CenterX=28.5494221548034
CenterY=140.334584581368
XWidth=59

[LeftLeg]
ThighAlpha=-0.082109808921814
ThighTheta=-0.116279698908329
LowerLegAlpha=-0.0499798804521561
LowerLegTheta=-0.169319570064545

[RightLeg]
ThighAlpha=-0.00356999039649963
ThighTheta=0.484838932752609
LowerLegAlpha=0.00356999784708023
LowerLegTheta=-0.215559482574463
