[%General]
Highest=169
CenterX=29.1019238697265
CenterY=105.685639686684
XWidth=60

[LeftLeg]
ThighAlpha=-0.117809727787971
ThighTheta=0.657558560371399
LowerLegAlpha=-0.0142799615859985
LowerLegTheta=-0.109479710459709

[RightLeg]
ThighAlpha=0.0678298473358154
ThighTheta=-0.222359463572502
LowerLegAlpha=0.00713998824357986
LowerLegTheta=-0.896917939186096
