[%General]
Highest=169
CenterX=34.0265352980498
CenterY=20.0329002819194
XWidth=51

[LeftLeg]
ThighAlpha=-0.157079637050629
ThighTheta=0.312119334936142
LowerLegAlpha=-0.196349546313286
LowerLegTheta=0.288999378681183

[RightLeg]
ThighAlpha=0.0678298473358154
ThighTheta=0.342039257287979
LowerLegAlpha=0.00713998824357986
LowerLegTheta=0.229159519076347
