[%General]
Highest=170
CenterX=30.744500512497
CenterY=163.094260033115
XWidth=58

[LeftLeg]
ThighAlpha=-0.00713998079299927
ThighTheta=-0.544678747653961
LowerLegAlpha=0.021419957280159
LowerLegTheta=-0.199239507317543

[RightLeg]
ThighAlpha=-0.00356999039649963
ThighTheta=0.484838932752609
LowerLegAlpha=0.00356999784708023
LowerLegTheta=0.551478803157806
