[%General]
Highest=171
CenterX=34.8671199959098
CenterY=39.4558387443121
XWidth=53

[LeftLeg]
ThighAlpha=0.0285599380731583
ThighTheta=-0.139399647712708
LowerLegAlpha=0.021419957280159
LowerLegTheta=-0.94995778799057

[RightLeg]
ThighAlpha=0.13922968506813
ThighTheta=0.229159519076347
LowerLegAlpha=0.00713998824357986
LowerLegTheta=-0.00339995324611664
