[%General]
Highest=175
CenterX=34.5181008316265
CenterY=66.8026306048417
XWidth=56

[LeftLeg]
ThighAlpha=0.0856798067688942
ThighTheta=0.574598729610443
LowerLegAlpha=-0.0321299210190773
LowerLegTheta=-0.282199323177338

[RightLeg]
ThighAlpha=0.103529766201973
ThighTheta=-0.259079366922379
LowerLegAlpha=0.0321299284696579
LowerLegTheta=-0.192439526319504
