[%General]
Highest=157
CenterX=34.5895927443359
CenterY=290.749238365375
XWidth=44

[LeftLeg]
ThighAlpha=-0.157079637050629
ThighTheta=-0.0863597691059113
LowerLegAlpha=-0.121379718184471
LowerLegTheta=0.18291962146759

[RightLeg]
ThighAlpha=-0.0392699092626572
ThighTheta=0.59771865606308
LowerLegAlpha=0.0642598569393158
LowerLegTheta=-0.567798674106598
