[%General]
Highest=165
CenterX=35.6276970497578
CenterY=268.755478779257
XWidth=52

[LeftLeg]
ThighAlpha=-0.157079637050629
ThighTheta=0.401879131793976
LowerLegAlpha=-0.0999597683548927
LowerLegTheta=0.169319659471512

[RightLeg]
ThighAlpha=0.13922968506813
ThighTheta=0.342039257287979
LowerLegAlpha=0.0999597758054733
LowerLegTheta=0.222359538078308
