[%General]
Highest=173
CenterX=29.8973269005085
CenterY=150.096740122571
XWidth=58

[LeftLeg]
ThighAlpha=-0.0606898590922356
ThighTheta=-0.318919241428375
LowerLegAlpha=0.00356999784708023
LowerLegTheta=-0.215559482574463

[RightLeg]
ThighAlpha=-0.0214199498295784
ThighTheta=0.484838932752609
LowerLegAlpha=-0.0142799615859985
LowerLegTheta=0.282199382781982
