[%General]
Highest=166
CenterX=36.2052218038959
CenterY=246.045097397283
XWidth=57

[LeftLeg]
ThighAlpha=-0.0785398185253143
ThighTheta=0.657558560371399
LowerLegAlpha=-0.103529758751392
LowerLegTheta=0.342039257287979

[RightLeg]
ThighAlpha=0.13922968506813
ThighTheta=-0.342039197683334
LowerLegAlpha=0.0678298473358154
LowerLegTheta=-0.544678747653961
