[%General]
Highest=170
CenterX=32.8132136465169
CenterY=190.59469733757
XWidth=59

[LeftLeg]
ThighAlpha=-0.0214199498295784
ThighTheta=-0.0863597691059113
LowerLegAlpha=0.021419957280159
LowerLegTheta=-1.0097975730896

[RightLeg]
ThighAlpha=0.103529766201973
ThighTheta=0.401879131793976
LowerLegAlpha=0.046409897506237
LowerLegTheta=0.0496399253606796
