[%General]
Highest=176
CenterX=28.2039240506329
CenterY=131.903556962025
XWidth=58

[LeftLeg]
ThighAlpha=-0.117809727787971
ThighTheta=0.0564399100840092
LowerLegAlpha=-0.0678298398852348
LowerLegTheta=-0.139399647712708

[RightLeg]
ThighAlpha=0.13922968506813
ThighTheta=0.222359538078308
LowerLegAlpha=-0.0642598494887352
LowerLegTheta=-0.501158833503723
