[%General]
Highest=167
CenterX=36.396867061812
CenterY=237.582760372566
XWidth=57

[LeftLeg]
ThighAlpha=-0.0606898590922356
ThighTheta=0.627638638019562
LowerLegAlpha=-0.0856797993183136
LowerLegTheta=0.514758884906769

[RightLeg]
ThighAlpha=0.13922968506813
ThighTheta=-0.461718916893005
LowerLegAlpha=0.0821098163723946
LowerLegTheta=-0.229159444570541
