[%General]
Highest=168
CenterX=34.0125794155019
CenterY=276.885578144854
XWidth=50

[LeftLeg]
ThighAlpha=-0.157079637050629
ThighTheta=0.169319659471512
LowerLegAlpha=-0.121379718184471
LowerLegTheta=0.235959500074387

[RightLeg]
ThighAlpha=0.13922968506813
ThighTheta=0.288999378681183
LowerLegAlpha=0.0249899476766586
LowerLegTheta=0.0564399100840092
