[%General]
Highest=165
CenterX=35.9739835491599
CenterY=250.97525673027
XWidth=56

[LeftLeg]
ThighAlpha=-0.117809727787971
ThighTheta=0.567798733711243
LowerLegAlpha=-0.103529758751392
LowerLegTheta=0.401879131793976

[RightLeg]
ThighAlpha=0.121379725635052
ThighTheta=-0.371959120035172
LowerLegAlpha=0.13922968506813
LowerLegTheta=-0.574598670005798
