[%General]
Highest=172
CenterX=33.2149891904876
CenterY=203.319414418021
XWidth=54

[LeftLeg]
ThighAlpha=-0.0392699092626572
ThighTheta=0.498438894748688
LowerLegAlpha=-0.0499798804521561
LowerLegTheta=-0.956757783889771

[RightLeg]
ThighAlpha=0.13922968506813
ThighTheta=0.199239581823349
LowerLegAlpha=-0.00713998079299927
LowerLegTheta=-0.0795597806572914
