[%General]
Highest=169
CenterX=31.5368528849004
CenterY=181.088204381923
XWidth=59

[LeftLeg]
ThighAlpha=-0.117809727787971
ThighTheta=-0.318919241428375
LowerLegAlpha=0.0606898665428162
LowerLegTheta=-0.830278038978577

[RightLeg]
ThighAlpha=0.0499798879027367
ThighTheta=0.514758884906769
LowerLegAlpha=0.046409897506237
LowerLegTheta=0.176119640469551
