[%General]
Highest=171
CenterX=35.8554607374931
CenterY=225.170688170359
XWidth=60

[LeftLeg]
ThighAlpha=-0.117809727787971
ThighTheta=0.59771865606308
LowerLegAlpha=0.0606898665428162
LowerLegTheta=0.123079754412174

[RightLeg]
ThighAlpha=0.13922968506813
ThighTheta=-0.229159444570541
LowerLegAlpha=0.0642598569393158
LowerLegTheta=-0.199239507317543
