[%General]
Highest=165
CenterX=35.2241457928016
CenterY=272.990089980545
XWidth=52

[LeftLeg]
ThighAlpha=-0.157079637050629
ThighTheta=0.288999378681183
LowerLegAlpha=-0.103529758751392
LowerLegTheta=0.185639619827271

[RightLeg]
ThighAlpha=0.13922968506813
ThighTheta=0.371959179639816
LowerLegAlpha=0.121379725635052
LowerLegTheta=0.0564399100840092
