[%General]
Highest=157
CenterX=34.7408846431725
CenterY=287.559701372722
XWidth=46

[LeftLeg]
ThighAlpha=-0.157079637050629
ThighTheta=-0.0564398318529129
LowerLegAlpha=-0.117809727787971
LowerLegTheta=0.139399722218513

[RightLeg]
ThighAlpha=0.0321299284696579
ThighTheta=0.431799054145813
LowerLegAlpha=-0.0678298398852348
LowerLegTheta=-0.634438514709473
