[%General]
Highest=173
CenterX=34.5959903617067
CenterY=212.261384557072
XWidth=59

[LeftLeg]
ThighAlpha=-0.024989940226078
ThighTheta=0.371959179639816
LowerLegAlpha=0.00356999784708023
LowerLegTheta=-0.478038877248764

[RightLeg]
ThighAlpha=0.13922968506813
ThighTheta=0.176119640469551
LowerLegAlpha=0.0856798067688942
LowerLegTheta=-0.38555908203125
