[%General]
Highest=167
CenterX=36.306580309151
CenterY=241.657212966982
XWidth=58

[LeftLeg]
ThighAlpha=-0.0606898590922356
ThighTheta=0.627638638019562
LowerLegAlpha=-0.0999597683548927
LowerLegTheta=0.454919010400772

[RightLeg]
ThighAlpha=0.13922968506813
ThighTheta=-0.371959120035172
LowerLegAlpha=0.121379725635052
LowerLegTheta=-0.484838873147964
