[%General]
Highest=171
CenterX=32.7565572041347
CenterY=82.33028619647
XWidth=59

[LeftLeg]
ThighAlpha=-0.0785398185253143
ThighTheta=0.657558560371399
LowerLegAlpha=0.00356999784708023
LowerLegTheta=0.342039257287979

[RightLeg]
ThighAlpha=0.103529766201973
ThighTheta=-0.461718916893005
LowerLegAlpha=0.00356999784708023
LowerLegTheta=-0.312119245529175
