[%General]
Highest=169
CenterX=32.2493794834029
CenterY=185.827414559638
XWidth=59

[LeftLeg]
ThighAlpha=-0.082109808921814
ThighTheta=-0.169319570064545
LowerLegAlpha=0.021419957280159
LowerLegTheta=-0.890117883682251

[RightLeg]
ThighAlpha=0.0678298473358154
ThighTheta=0.507958889007568
LowerLegAlpha=0.0428399071097374
LowerLegTheta=0.070039875805378
