[%General]
Highest=173
CenterX=34.0957158661733
CenterY=74.6968043845929
XWidth=58

[LeftLeg]
ThighAlpha=-0.00356999039649963
ThighTheta=0.60451865196228
LowerLegAlpha=0.00713998824357986
LowerLegTheta=0.19243960082531

[RightLeg]
ThighAlpha=0.121379725635052
ThighTheta=-0.371959120035172
LowerLegAlpha=0.0107099786400795
LowerLegTheta=-0.259079366922379
