[%General]
Highest=173
CenterX=27.8622877523066
CenterY=119.314385030884
XWidth=58

[LeftLeg]
ThighAlpha=-0.0785398185253143
ThighTheta=0.312119334936142
LowerLegAlpha=-0.0678298398852348
LowerLegTheta=-0.109479710459709

[RightLeg]
ThighAlpha=0.0999597758054733
ThighTheta=0.116279773414135
LowerLegAlpha=-0.157079637050629
LowerLegTheta=-1.03971755504608
