[%General]
Highest=172
CenterX=33.986113538292
CenterY=207.680947451908
XWidth=57

[LeftLeg]
ThighAlpha=-0.024989940226078
ThighTheta=0.378759175539017
LowerLegAlpha=0.00356999784708023
LowerLegTheta=-0.784038186073303

[RightLeg]
ThighAlpha=0.13922968506813
ThighTheta=0.265879422426224
LowerLegAlpha=0.0606898665428162
LowerLegTheta=-0.325719207525253
