[%General]
Highest=174
CenterX=29.1199887358558
CenterY=144.897201884184
XWidth=58

[LeftLeg]
ThighAlpha=-0.0606898590922356
ThighTheta=-0.229159444570541
LowerLegAlpha=-0.0499798804521561
LowerLegTheta=-0.139399647712708

[RightLeg]
ThighAlpha=-0.0214199498295784
ThighTheta=0.484838932752609
LowerLegAlpha=0.0107099786400795
LowerLegTheta=0.109479792416096
