[%General]
Highest=173
CenterX=42.5196999284282
CenterY=19.8690853825559
XWidth=53

[LeftLeg]
ThighAlpha=0.0678298473358154
ThighTheta=-0.597718596458435
LowerLegAlpha=-0.103529758751392
LowerLegTheta=0.282199382781982

[RightLeg]
ThighAlpha=0.0678298473358154
ThighTheta=0.342039257287979
LowerLegAlpha=-0.0856797993183136
LowerLegTheta=0.468518972396851
