[%General]
Highest=175
CenterX=42.3554205979106
CenterY=12.9841545265035
XWidth=50

[LeftLeg]
ThighAlpha=-0.157079637050629
ThighTheta=-0.109479740262032
LowerLegAlpha=-0.13922968506813
LowerLegTheta=0.607692003250122

[RightLeg]
ThighAlpha=0.0499798879027367
ThighTheta=0.109479777514935
LowerLegAlpha=-0.117809727787971
LowerLegTheta=0.315745949745178
