[%General]
Highest=174
CenterX=42.3432577223155
CenterY=15.2547354323009
XWidth=50

[LeftLeg]
ThighAlpha=0.0856798067688942
ThighTheta=-0.391905754804611
LowerLegAlpha=-0.157079637050629
LowerLegTheta=0.0364932715892792

[RightLeg]
ThighAlpha=0.0142799690365791
ThighTheta=0.18246628344059
LowerLegAlpha=-0.0785398185253143
LowerLegTheta=0.458545625209808
