[%General]
Highest=174
CenterX=42.1200864314468
CenterY=17.3254992501381
XWidth=51

[LeftLeg]
ThighAlpha=0.0589048638939857
ThighTheta=-0.471238911151886
LowerLegAlpha=-0.0981747731566429
LowerLegTheta=0.117809727787971

[RightLeg]
ThighAlpha=0.0785398185253143
ThighTheta=0.353429168462753
LowerLegAlpha=-0.0981747731566429
LowerLegTheta=0.353429168462753
