[%General]
Highest=175
CenterX=42.6049828963951
CenterY=10.2637278934175
XWidth=50

[LeftLeg]
ThighAlpha=-0.157079637050629
ThighTheta=-0.0795597806572914
LowerLegAlpha=-0.157079637050629
LowerLegTheta=0.395079135894775

[RightLeg]
ThighAlpha=0.0499798879027367
ThighTheta=0.0863598436117172
LowerLegAlpha=-0.117809727787971
LowerLegTheta=0.0564399100840092
