[%General]
Highest=175
CenterX=42.3554205979106
CenterY=12.9841545265035
XWidth=50

[LeftLeg]
ThighAlpha=-0.157079637050629
ThighTheta=-0.139399647712708
LowerLegAlpha=-0.157079637050629
LowerLegTheta=0.687478482723236

[RightLeg]
ThighAlpha=0.0321299284696579
ThighTheta=0.109479792416096
LowerLegAlpha=-0.117809727787971
LowerLegTheta=0.32571929693222
