[%General]
Highest=173
CenterX=42.5196999284282
CenterY=19.8690853825559
XWidth=53

[LeftLeg]
ThighAlpha=0.0856798067688942
ThighTheta=-0.607691943645477
LowerLegAlpha=-0.121379718184471
LowerLegTheta=0.322092622518539

[RightLeg]
ThighAlpha=0.0678298473358154
ThighTheta=0.322092622518539
LowerLegAlpha=-0.0678298398852348
LowerLegTheta=0.458545625209808
