[%General]
Highest=174
CenterX=42.1200864314468
CenterY=17.3254992501381
XWidth=51

[LeftLeg]
ThighAlpha=0.0642598569393158
ThighTheta=-0.464892268180847
LowerLegAlpha=-0.117809727787971
LowerLegTheta=0.109479777514935

[RightLeg]
ThighAlpha=0.0499798879027367
ThighTheta=0.252279460430145
LowerLegAlpha=-0.0785398185253143
LowerLegTheta=0.531532108783722
