[%General]
Highest=154
CenterX=34.2950090365633
CenterY=16.7617127763103
XWidth=48

[LeftLeg]
ThighAlpha=-0.0981747731566429
ThighTheta=0.235619455575943
LowerLegAlpha=-0.0785398185253143
LowerLegTheta=0.353429168462753

[RightLeg]
ThighAlpha=0.0981747731566429
ThighTheta=0.274889349937439
LowerLegAlpha=0.0981747731566429
LowerLegTheta=0.353429168462753
