[%General]
Highest=135
CenterX=31.2125734205625
CenterY=314.79363449692
XWidth=41

[LeftLeg]
ThighAlpha=-0.0981747731566429
ThighTheta=0.785398185253143
LowerLegAlpha=0.0589048638939857
LowerLegTheta=-0.785398185253143

[RightLeg]
ThighAlpha=0
ThighTheta=-0.274889349937439
LowerLegAlpha=0
LowerLegTheta=-0.706858336925507
