[%General]
Highest=156
CenterX=33.2826432337434
CenterY=100.735353251318
XWidth=53

[LeftLeg]
ThighAlpha=0
ThighTheta=-0.274889349937439
LowerLegAlpha=0.0196349546313286
LowerLegTheta=-0.785398185253143

[RightLeg]
ThighAlpha=0.0981747731566429
ThighTheta=0.353429168462753
LowerLegAlpha=0.0981747731566429
LowerLegTheta=0.0392699092626572
