[%General]
Highest=163
CenterX=33.3703984511447
CenterY=198.33556274624
XWidth=52

[LeftLeg]
ThighAlpha=-0.0785398185253143
ThighTheta=0.454919010400772
LowerLegAlpha=-0.0321299210190773
LowerLegTheta=-0.0197199191898108

[RightLeg]
ThighAlpha=0.0142799690365791
ThighTheta=-0.348839163780212
LowerLegAlpha=0.0428399071097374
LowerLegTheta=-0.770438194274902
