[%General]
Highest=170
CenterX=35.9585323856501
CenterY=82.60430341399
XWidth=55

[LeftLeg]
ThighAlpha=-0.0214199498295784
ThighTheta=-0.116279698908329
LowerLegAlpha=-0.157079637050629
LowerLegTheta=-0.199239507317543

[RightLeg]
ThighAlpha=0.0678298473358154
ThighTheta=0.259079456329346
LowerLegAlpha=-0.024989940226078
LowerLegTheta=-0.365159124135971
