[%General]
Highest=164
CenterX=36.7976642482112
CenterY=48.5206696490107
XWidth=54

[LeftLeg]
ThighAlpha=-0.0785398185253143
ThighTheta=0.514758884906769
LowerLegAlpha=-0.0321299210190773
LowerLegTheta=0.00340002961456776

[RightLeg]
ThighAlpha=0.13922968506813
ThighTheta=-0.401879042387009
LowerLegAlpha=0.0606898665428162
LowerLegTheta=-0.717398345470428
