[%General]
Highest=165
CenterX=33.4355437505659
CenterY=233.481120400833
XWidth=55

[LeftLeg]
ThighAlpha=-0.0606898590922356
ThighTheta=-0.288999319076538
LowerLegAlpha=-0.082109808921814
LowerLegTheta=-0.0931597501039505

[RightLeg]
ThighAlpha=0.046409897506237
ThighTheta=0.431799054145813
LowerLegAlpha=-0.0107099711894989
LowerLegTheta=-0.00339995324611664
