[%General]
Highest=163
CenterX=34.3759557174212
CenterY=188.566411808688
XWidth=54

[LeftLeg]
ThighAlpha=-0.0785398185253143
ThighTheta=0.574598729610443
LowerLegAlpha=-0.103529758751392
LowerLegTheta=0.109479792416096

[RightLeg]
ThighAlpha=0.0856798067688942
ThighTheta=-0.431798994541168
LowerLegAlpha=0.0249899476766586
LowerLegTheta=-0.544678747653961
