[%General]
Highest=169
CenterX=36.2620800447021
CenterY=91.3522385974715
XWidth=56

[LeftLeg]
ThighAlpha=-0.0107099711894989
ThighTheta=-0.318919241428375
LowerLegAlpha=-0.0856797993183136
LowerLegTheta=-0.162519589066505

[RightLeg]
ThighAlpha=0.0856798067688942
ThighTheta=0.342039257287979
LowerLegAlpha=-0.0642598494887352
LowerLegTheta=-0.10267972946167
