[%General]
Highest=162
CenterX=32.798017507724
CenterY=245.616317656482
XWidth=54

[LeftLeg]
ThighAlpha=-0.0785398185253143
ThighTheta=-0.491638839244843
LowerLegAlpha=-0.0178499519824982
LowerLegTheta=-0.132599666714668

[RightLeg]
ThighAlpha=-0.00356999039649963
ThighTheta=0.371959179639816
LowerLegAlpha=-0.00713998079299927
LowerLegTheta=0.574598729610443
