[%General]
Highest=166
CenterX=38.9054620674233
CenterY=8.31106390115727
XWidth=47

[LeftLeg]
ThighAlpha=-0.13922968506813
ThighTheta=-0.116279698908329
LowerLegAlpha=-0.157079637050629
LowerLegTheta=0.0931598246097565

[RightLeg]
ThighAlpha=0.103529766201973
ThighTheta=-0.116279698908329
LowerLegAlpha=0.0321299284696579
LowerLegTheta=0.0863598436117172
