[%General]
Highest=151
CenterX=33.4679163662581
CenterY=302.843066570536
XWidth=43

[LeftLeg]
ThighAlpha=-0.00356999039649963
ThighTheta=0.544678807258606
LowerLegAlpha=0.00356999784708023
LowerLegTheta=-0.259079366922379

[RightLeg]
ThighAlpha=0.0678298473358154
ThighTheta=-0.139399647712708
LowerLegAlpha=-0.0142799615859985
LowerLegTheta=-0.152999609708786
