[%General]
Highest=158
CenterX=33.8620074349442
CenterY=288.150721189591
XWidth=45

[LeftLeg]
ThighAlpha=-0.0214199498295784
ThighTheta=-0.0564398318529129
LowerLegAlpha=0.00356999784708023
LowerLegTheta=-0.80035811662674

[RightLeg]
ThighAlpha=0.13922968506813
ThighTheta=0.229159519076347
LowerLegAlpha=-0.0678298398852348
LowerLegTheta=-0.176119565963745
