[%General]
Highest=166
CenterX=37.6568807107561
CenterY=30.8383358398524
XWidth=51

[LeftLeg]
ThighAlpha=-0.0392699092626572
ThighTheta=0.34883925318718
LowerLegAlpha=-0.0321299210190773
LowerLegTheta=0.365159213542938

[RightLeg]
ThighAlpha=0.13922968506813
ThighTheta=-0.454918920993805
LowerLegAlpha=-0.0107099711894989
LowerLegTheta=-0.259079366922379
