[%General]
Highest=164
CenterX=34.717195660908
CenterY=113.548372840498
XWidth=54

[LeftLeg]
ThighAlpha=-0.0606898590922356
ThighTheta=-0.454918920993805
LowerLegAlpha=-0.0142799615859985
LowerLegTheta=-0.567798674106598

[RightLeg]
ThighAlpha=0.0321299284696579
ThighTheta=0.484838932752609
LowerLegAlpha=-0.0142799615859985
LowerLegTheta=0.199239581823349
