[%General]
Highest=154
CenterX=33.5755389027662
CenterY=298.05544762081
XWidth=44

[LeftLeg]
ThighAlpha=-0.117809727787971
ThighTheta=0.31891930103302
LowerLegAlpha=0.021419957280159
LowerLegTheta=-0.265879362821579

[RightLeg]
ThighAlpha=0.121379725635052
ThighTheta=-0.0564398318529129
LowerLegAlpha=-0.00356999039649963
LowerLegTheta=-0.116279698908329
