[%General]
Highest=164
CenterX=36.9927599226687
CenterY=37.5772988543032
XWidth=52

[LeftLeg]
ThighAlpha=-0.0785398185253143
ThighTheta=0.484838932752609
LowerLegAlpha=-0.0321299210190773
LowerLegTheta=0.235959500074387

[RightLeg]
ThighAlpha=0.13922968506813
ThighTheta=-0.514758765697479
LowerLegAlpha=-0.00713998079299927
LowerLegTheta=-0.371959120035172
