[%General]
Highest=165
CenterX=34.8047624967196
CenterY=105.854238318209
XWidth=54

[LeftLeg]
ThighAlpha=-0.0428398996591568
ThighTheta=-0.431798994541168
LowerLegAlpha=-0.0321299210190773
LowerLegTheta=-0.424998998641968

[RightLeg]
ThighAlpha=0.0321299284696579
ThighTheta=0.424999058246613
LowerLegAlpha=-0.0285599306225777
LowerLegTheta=0.408679097890854
