[%General]
Highest=168
CenterX=36.3070202707773
CenterY=162.097473388575
XWidth=58

[LeftLeg]
ThighAlpha=-0.024989940226078
ThighTheta=0.312119334936142
LowerLegAlpha=-0.0285599306225777
LowerLegTheta=0.235959500074387

[RightLeg]
ThighAlpha=0.0678298473358154
ThighTheta=-0.259079366922379
LowerLegAlpha=0.0821098163723946
LowerLegTheta=-0.2522794008255
