[%General]
Highest=169
CenterX=36.1151912799619
CenterY=86.8103735647389
XWidth=57

[LeftLeg]
ThighAlpha=-0.0107099711894989
ThighTheta=-0.206039488315582
LowerLegAlpha=-0.13922968506813
LowerLegTheta=-0.199239507317543

[RightLeg]
ThighAlpha=0.0678298473358154
ThighTheta=0.312119334936142
LowerLegAlpha=0.0249899476766586
LowerLegTheta=-0.335239201784134
