[%General]
Highest=169
CenterX=36.3998033476114
CenterY=146.508866310281
XWidth=54

[LeftLeg]
ThighAlpha=-0.00713998079299927
ThighTheta=0.109479792416096
LowerLegAlpha=0.021419957280159
LowerLegTheta=-0.574598670005798

[RightLeg]
ThighAlpha=0.103529766201973
ThighTheta=-0.00339995324611664
LowerLegAlpha=0.0142799690365791
LowerLegTheta=-0.116279698908329
