[%General]
Highest=170
CenterX=36.5187324854494
CenterY=150.728346626428
XWidth=56

[LeftLeg]
ThighAlpha=-0.00713998079299927
ThighTheta=0.139399722218513
LowerLegAlpha=0.00356999784708023
LowerLegTheta=-0.305319279432297

[RightLeg]
ThighAlpha=0.13922968506813
ThighTheta=-0.0265199020504951
LowerLegAlpha=0.0107099786400795
LowerLegTheta=-0.169319570064545
