[%General]
Highest=166
CenterX=34.1941438339318
CenterY=222.480151507698
XWidth=55

[LeftLeg]
ThighAlpha=-0.0785398185253143
ThighTheta=-0.109479710459709
LowerLegAlpha=-0.0678298398852348
LowerLegTheta=0.0265199784189463

[RightLeg]
ThighAlpha=0.103529766201973
ThighTheta=0.235959500074387
LowerLegAlpha=-0.0642598494887352
LowerLegTheta=-0.38555908203125
