[%General]
Highest=166
CenterX=33.8050727250872
CenterY=218.689337660777
XWidth=55

[LeftLeg]
ThighAlpha=-0.117809727787971
ThighTheta=-0.0333198830485344
LowerLegAlpha=-0.0464098900556564
LowerLegTheta=0.0401199460029602

[RightLeg]
ThighAlpha=0.13922968506813
ThighTheta=0.288999378681183
LowerLegAlpha=0.13922968506813
LowerLegTheta=-0.38827908039093
