[%General]
Highest=164
CenterX=33.219173809064
CenterY=202.868139213618
XWidth=50

[LeftLeg]
ThighAlpha=-0.117809727787971
ThighTheta=0.342039257287979
LowerLegAlpha=0.021419957280159
LowerLegTheta=0.0102000124752522

[RightLeg]
ThighAlpha=0.0107099786400795
ThighTheta=-0.259079366922379
LowerLegAlpha=0.00713998824357986
LowerLegTheta=-0.80035811662674
