[%General]
Highest=167
CenterX=35.9051449749292
CenterY=165.999127970351
XWidth=59

[LeftLeg]
ThighAlpha=-0.0785398185253143
ThighTheta=0.401879131793976
LowerLegAlpha=-0.0142799615859985
LowerLegTheta=0.229159519076347

[RightLeg]
ThighAlpha=0.13922968506813
ThighTheta=-0.37875908613205
LowerLegAlpha=-0.00713998079299927
LowerLegTheta=-0.192439526319504
