[%General]
Highest=160
CenterX=32.5024949388384
CenterY=257.446608308859
XWidth=52

[LeftLeg]
ThighAlpha=-0.0785398185253143
ThighTheta=-0.491638839244843
LowerLegAlpha=-0.0321299210190773
LowerLegTheta=-0.418199002742767

[RightLeg]
ThighAlpha=0.0321299284696579
ThighTheta=0.424999058246613
LowerLegAlpha=0.00356999784708023
LowerLegTheta=0.408679097890854
