[%General]
Highest=160
CenterX=32.6219148717497
CenterY=267.112452098842
XWidth=49

[LeftLeg]
ThighAlpha=-0.0392699092626572
ThighTheta=-0.431798994541168
LowerLegAlpha=-0.0142799615859985
LowerLegTheta=-0.537878751754761

[RightLeg]
ThighAlpha=-0.00356999039649963
ThighTheta=0.371959179639816
LowerLegAlpha=0.0856798067688942
LowerLegTheta=0.229159519076347
