[%General]
Highest=166
CenterX=35.5486191379291
CenterY=169.557316156255
XWidth=59

[LeftLeg]
ThighAlpha=-0.117809727787971
ThighTheta=0.401879131793976
LowerLegAlpha=-0.0142799615859985
LowerLegTheta=0.431799054145813

[RightLeg]
ThighAlpha=0.13922968506813
ThighTheta=-0.431798994541168
LowerLegAlpha=-0.00713998079299927
LowerLegTheta=-0.222359463572502
