[%General]
Highest=166
CenterX=36.5329548547653
CenterY=135.043810190406
XWidth=57

[LeftLeg]
ThighAlpha=0.0285599380731583
ThighTheta=-0.0795597806572914
LowerLegAlpha=0.00356999784708023
LowerLegTheta=-1.03971755504608

[RightLeg]
ThighAlpha=0.0678298473358154
ThighTheta=0.229159519076347
LowerLegAlpha=0.0428399071097374
LowerLegTheta=-0.0496398508548737
