[%General]
Highest=167
CenterX=37.7128596880873
CenterY=23.9141263759061
XWidth=48

[LeftLeg]
ThighAlpha=-0.024989940226078
ThighTheta=0.31891930103302
LowerLegAlpha=0.021419957280159
LowerLegTheta=-0.00339995324611664

[RightLeg]
ThighAlpha=0.103529766201973
ThighTheta=-0.401879042387009
LowerLegAlpha=-0.00713998079299927
LowerLegTheta=-0.0863597691059113
