[%General]
Highest=164
CenterX=33.3562801932367
CenterY=211.330241015024
XWidth=54

[LeftLeg]
ThighAlpha=-0.0785398185253143
ThighTheta=0.176119640469551
LowerLegAlpha=-0.0499798804521561
LowerLegTheta=0.0632398948073387

[RightLeg]
ThighAlpha=0.0107099786400795
ThighTheta=0.00340002961456776
LowerLegAlpha=-0.0142799615859985
LowerLegTheta=-0.94995778799057
