[%General]
Highest=160
CenterX=32.3339136390879
CenterY=253.028967721682
XWidth=53

[LeftLeg]
ThighAlpha=-0.0785398185253143
ThighTheta=-0.514758765697479
LowerLegAlpha=-0.0321299210190773
LowerLegTheta=-0.288999319076538

[RightLeg]
ThighAlpha=0.0107099786400795
ThighTheta=0.454919010400772
LowerLegAlpha=0.0249899476766586
LowerLegTheta=0.49163892865181
