[%General]
Highest=166
CenterX=35.1672904955697
CenterY=102.311987042507
XWidth=56

[LeftLeg]
ThighAlpha=-0.024989940226078
ThighTheta=-0.431798994541168
LowerLegAlpha=-0.0678298398852348
LowerLegTheta=-0.305319279432297

[RightLeg]
ThighAlpha=0.0499798879027367
ThighTheta=0.395079135894775
LowerLegAlpha=-0.0606898590922356
LowerLegTheta=0.401879131793976
