[%General]
Highest=165
CenterX=34.820394922426
CenterY=117.521664315938
XWidth=55

[LeftLeg]
ThighAlpha=-0.0392699092626572
ThighTheta=-0.431798994541168
LowerLegAlpha=-0.0142799615859985
LowerLegTheta=-0.597718596458435

[RightLeg]
ThighAlpha=0.0321299284696579
ThighTheta=0.478038966655731
LowerLegAlpha=-0.0107099711894989
LowerLegTheta=0.070039875805378
