[%General]
Highest=164
CenterX=36.8238955415736
CenterY=40.739489885664
XWidth=53

[LeftLeg]
ThighAlpha=-0.0785398185253143
ThighTheta=0.521558880805969
LowerLegAlpha=-0.0678298398852348
LowerLegTheta=0.162519663572311

[RightLeg]
ThighAlpha=0.13922968506813
ThighTheta=-0.484838873147964
LowerLegAlpha=0.0285599380731583
LowerLegTheta=-0.491638839244843
