[%General]
Highest=158
CenterX=33.6004709810117
CenterY=284.904760485289
XWidth=44

[LeftLeg]
ThighAlpha=0.0107099786400795
ThighTheta=-0.116279698908329
LowerLegAlpha=-0.0107099711894989
LowerLegTheta=-0.979877710342407

[RightLeg]
ThighAlpha=0.13922968506813
ThighTheta=0.312119334936142
LowerLegAlpha=-0.121379718184471
LowerLegTheta=-0.215559482574463
