[%General]
Highest=168
CenterX=36.1416465036775
CenterY=69.409362849542
XWidth=54

[LeftLeg]
ThighAlpha=-0.0428398996591568
ThighTheta=0.146199703216553
LowerLegAlpha=-0.0321299210190773
LowerLegTheta=-0.0999597311019897

[RightLeg]
ThighAlpha=0.13922968506813
ThighTheta=-0.00339995324611664
LowerLegAlpha=-0.103529758751392
LowerLegTheta=-0.80035811662674
