[%General]
Highest=169
CenterX=30.7208417131211
CenterY=171.833182609635
XWidth=59

[LeftLeg]
ThighAlpha=0.0196349546313286
ThighTheta=-0.549778699874878
LowerLegAlpha=-0.0196349546313286
LowerLegTheta=-0.314159274101257

[RightLeg]
ThighAlpha=0
ThighTheta=0.471238911151886
LowerLegAlpha=0.0589048638939857
LowerLegTheta=0.392699092626572
