[%General]
Highest=165
CenterX=33.9016972910382
CenterY=281.157997379407
XWidth=48

[LeftLeg]
ThighAlpha=-0.0785398185253143
ThighTheta=0.0785398185253143
LowerLegAlpha=-0.0981747731566429
LowerLegTheta=0.157079637050629

[RightLeg]
ThighAlpha=0.0981747731566429
ThighTheta=0.235619455575943
LowerLegAlpha=0.0589048638939857
LowerLegTheta=0
