[%General]
Highest=173
CenterX=34.0957158661733
CenterY=74.6968043845929
XWidth=58

[LeftLeg]
ThighAlpha=-0.0392699092626572
ThighTheta=0.628318548202515
LowerLegAlpha=0.0589048638939857
LowerLegTheta=0.157079637050629

[RightLeg]
ThighAlpha=0.0981747731566429
ThighTheta=-0.392699092626572
LowerLegAlpha=0.0196349546313286
LowerLegTheta=-0.235619455575943
