[%General]
Highest=175
CenterX=28.2438595168062
CenterY=136.100346934158
XWidth=58

[LeftLeg]
ThighAlpha=-0.0785398185253143
ThighTheta=0
LowerLegAlpha=-0.0589048638939857
LowerLegTheta=-0.157079637050629

[RightLeg]
ThighAlpha=0
ThighTheta=0.392699092626572
LowerLegAlpha=0.0785398185253143
LowerLegTheta=-0.314159274101257
