[%General]
Highest=157
CenterX=34.5895927443359
CenterY=290.749238365375
XWidth=44

[LeftLeg]
ThighAlpha=-0.0785398185253143
ThighTheta=-0.0785398185253143
LowerLegAlpha=-0.0981747731566429
LowerLegTheta=0.157079637050629

[RightLeg]
ThighAlpha=0
ThighTheta=0.706858336925507
LowerLegAlpha=-0.0196349546313286
LowerLegTheta=-0.628318548202515
