[%General]
Highest=165
CenterX=35.6276970497578
CenterY=268.755478779257
XWidth=52

[LeftLeg]
ThighAlpha=-0.0785398185253143
ThighTheta=0.392699092626572
LowerLegAlpha=-0.0981747731566429
LowerLegTheta=0.157079637050629

[RightLeg]
ThighAlpha=0.0981747731566429
ThighTheta=0.314159274101257
LowerLegAlpha=0.0981747731566429
LowerLegTheta=0.314159274101257
