[%General]
Highest=173
CenterX=27.8622877523066
CenterY=119.314385030884
XWidth=58

[LeftLeg]
ThighAlpha=-0.0785398185253143
ThighTheta=0.314159274101257
LowerLegAlpha=-0.0785398185253143
LowerLegTheta=-0.0785398185253143

[RightLeg]
ThighAlpha=0.0589048638939857
ThighTheta=0
LowerLegAlpha=-0.0785398185253143
LowerLegTheta=-0.785398185253143
