[%General]
Highest=167
CenterX=36.396867061812
CenterY=237.582760372566
XWidth=57

[LeftLeg]
ThighAlpha=-0.0589048638939857
ThighTheta=0.628318548202515
LowerLegAlpha=-0.0589048638939857
LowerLegTheta=0.471238911151886

[RightLeg]
ThighAlpha=0.0981747731566429
ThighTheta=-0.392699092626572
LowerLegAlpha=0.0981747731566429
LowerLegTheta=-0.314159274101257
