[%General]
Highest=175
CenterX=34.5181008316265
CenterY=66.8026306048417
XWidth=56

[LeftLeg]
ThighAlpha=0.0392699092626572
ThighTheta=0.549778699874878
LowerLegAlpha=0.0785398185253143
LowerLegTheta=-0.235619455575943

[RightLeg]
ThighAlpha=0.0981747731566429
ThighTheta=-0.235619455575943
LowerLegAlpha=0.0392699092626572
LowerLegTheta=-0.235619455575943
