[%General]
Highest=172
CenterX=33.986113538292
CenterY=207.680947451908
XWidth=57

[LeftLeg]
ThighAlpha=-0.0589048638939857
ThighTheta=0.392699092626572
LowerLegAlpha=0.0589048638939857
LowerLegTheta=-0.785398185253143

[RightLeg]
ThighAlpha=0.0981747731566429
ThighTheta=0.157079637050629
LowerLegAlpha=0.0981747731566429
LowerLegTheta=-0.235619455575943
