[%General]
Highest=157
CenterX=34.9593631309517
CenterY=57.4490697418396
XWidth=50

[LeftLeg]
ThighAlpha=-0.0392699092626572
ThighTheta=0.549778699874878
LowerLegAlpha=0
LowerLegTheta=0.431968986988068

[RightLeg]
ThighAlpha=0.0981747731566429
ThighTheta=-0.471238911151886
LowerLegAlpha=0.0589048638939857
LowerLegTheta=-0.510508835315704
