[%General]
Highest=158
CenterX=33.6167840796591
CenterY=79.8668522318034
XWidth=51

[LeftLeg]
ThighAlpha=0
ThighTheta=0.510508835315704
LowerLegAlpha=-0.0589048638939857
LowerLegTheta=0.117809727787971

[RightLeg]
ThighAlpha=0.0785398185253143
ThighTheta=-0.353429168462753
LowerLegAlpha=0.0589048638939857
LowerLegTheta=-0.785398185253143
