[%General]
Highest=161
CenterX=29.995719753947
CenterY=111.015604554182
XWidth=52

[LeftLeg]
ThighAlpha=-0.0589048638939857
ThighTheta=0
LowerLegAlpha=-0.0589048638939857
LowerLegTheta=-0.157079637050629

[RightLeg]
ThighAlpha=0.0196349546313286
ThighTheta=0.392699092626572
LowerLegAlpha=0.0981747731566429
LowerLegTheta=-0.785398185253143
