[%General]
Highest=151
CenterX=30.0724509118204
CenterY=232.662310854842
XWidth=51

[LeftLeg]
ThighAlpha=-0.0606898590922356
ThighTheta=0.607692003250122
LowerLegAlpha=-0.117809727787971
LowerLegTheta=0.531532108783722

[RightLeg]
ThighAlpha=0.0856798067688942
ThighTheta=-0.534705400466919
LowerLegAlpha=0.0821098163723946
LowerLegTheta=-0.318919241428375
