[%General]
Highest=160
CenterX=34.4538850112707
CenterY=39.9667580999973
XWidth=47

[LeftLeg]
ThighAlpha=-0.0392699092626572
ThighTheta=0.46171897649765
LowerLegAlpha=0.021419957280159
LowerLegTheta=-0.0333198979496956

[RightLeg]
ThighAlpha=0.0142799690365791
ThighTheta=-0.318919241428375
LowerLegAlpha=0.0606898665428162
LowerLegTheta=-0.255452752113342
