[%General]
Highest=158
CenterX=33.6167840796591
CenterY=79.8668522318034
XWidth=51

[LeftLeg]
ThighAlpha=-0.00356999039649963
ThighTheta=0.534705460071564
LowerLegAlpha=-0.0321299210190773
LowerLegTheta=0.0333199352025986

[RightLeg]
ThighAlpha=0.103529766201973
ThighTheta=-0.255452752113342
LowerLegAlpha=0.0428399071097374
LowerLegTheta=-0.956757783889771
