[%General]
Highest=149
CenterX=30.4135829708546
CenterY=260.038012986194
XWidth=45

[LeftLeg]
ThighAlpha=-0.0981747731566429
ThighTheta=0.510508835315704
LowerLegAlpha=-0.0785398185253143
LowerLegTheta=0.117809727787971

[RightLeg]
ThighAlpha=0.0196349546313286
ThighTheta=-0.353429168462753
LowerLegAlpha=0
LowerLegTheta=-0.785398185253143
