[%General]
Highest=160
CenterX=35.1653591209237
CenterY=29.1846110949164
XWidth=46

[LeftLeg]
ThighAlpha=-0.0285599306225777
ThighTheta=0.249106109142303
LowerLegAlpha=0.0249899476766586
LowerLegTheta=-0.255452752113342

[RightLeg]
ThighAlpha=-0.00356999039649963
ThighTheta=-0.106306403875351
LowerLegAlpha=0.0999597758054733
LowerLegTheta=-0.179292917251587
