[%General]
Highest=149
CenterX=30.9976520971468
CenterY=246.128007663555
XWidth=47

[LeftLeg]
ThighAlpha=-0.0606898590922356
ThighTheta=0.677505135536194
LowerLegAlpha=-0.121379718184471
LowerLegTheta=0.322092622518539

[RightLeg]
ThighAlpha=0.0856798067688942
ThighTheta=-0.461718916893005
LowerLegAlpha=0.0642598569393158
LowerLegTheta=-0.677505135536194
