[%General]
Highest=160
CenterX=35.4890944415254
CenterY=23.5266926526473
XWidth=47

[LeftLeg]
ThighAlpha=-0.0196349546313286
ThighTheta=0.157079637050629
LowerLegAlpha=-0.0981747731566429
LowerLegTheta=-0.746128261089325

[RightLeg]
ThighAlpha=0.0392699092626572
ThighTheta=0
LowerLegAlpha=0.0196349546313286
LowerLegTheta=0.0392699092626572
