[%General]
Highest=151
CenterX=30.0724509118204
CenterY=232.662310854842
XWidth=51

[LeftLeg]
ThighAlpha=-0.0785398185253143
ThighTheta=0.59771865606308
LowerLegAlpha=-0.0999597683548927
LowerLegTheta=0.551478803157806

[RightLeg]
ThighAlpha=0.0678298473358154
ThighTheta=-0.514758765697479
LowerLegAlpha=0.0999597758054733
LowerLegTheta=-0.348839163780212
