[%General]
Highest=160
CenterX=29.8402126857425
CenterY=105.232160268327
XWidth=53

[LeftLeg]
ThighAlpha=-0.0785398185253143
ThighTheta=0.0785398185253143
LowerLegAlpha=-0.0981747731566429
LowerLegTheta=-0.117809727787971

[RightLeg]
ThighAlpha=0.0392699092626572
ThighTheta=0.274889349937439
LowerLegAlpha=-0.0196349546313286
LowerLegTheta=-0.785398185253143
