[%General]
Highest=150
CenterX=30.1403399622264
CenterY=265.869281190979
XWidth=43

[LeftLeg]
ThighAlpha=-0.117809727787971
ThighTheta=0.391905784606934
LowerLegAlpha=-0.0678298398852348
LowerLegTheta=0.176119610667229

[RightLeg]
ThighAlpha=-0.0392699092626572
ThighTheta=-0.179292917251587
LowerLegAlpha=0.021419957280159
LowerLegTheta=-0.820304751396179
