[%General]
Highest=150
CenterX=30.2587560698419
CenterY=236.443399800255
XWidth=50

[LeftLeg]
ThighAlpha=-0.0785398185253143
ThighTheta=0.657558560371399
LowerLegAlpha=-0.13922968506813
LowerLegTheta=0.484838932752609

[RightLeg]
ThighAlpha=0.121379725635052
ThighTheta=-0.52155876159668
LowerLegAlpha=0.021419957280159
LowerLegTheta=-0.454918920993805
