[%General]
Highest=154
CenterX=29.5761081000817
CenterY=168.910906526097
XWidth=53

[LeftLeg]
ThighAlpha=-0.0214199498295784
ThighTheta=-0.395079076290131
LowerLegAlpha=-0.0499798804521561
LowerLegTheta=-0.817131459712982

[RightLeg]
ThighAlpha=0.0142799690365791
ThighTheta=0.60451865196228
LowerLegAlpha=0.0606898665428162
LowerLegTheta=0.0396666079759598
