[%General]
Highest=156
CenterX=29.7542973510359
CenterY=207.960939003271
XWidth=52

[LeftLeg]
ThighAlpha=-0.024989940226078
ThighTheta=0.454919010400772
LowerLegAlpha=0.021419957280159
LowerLegTheta=-0.215559482574463

[RightLeg]
ThighAlpha=0.0142799690365791
ThighTheta=-0.169319570064545
LowerLegAlpha=0.0999597758054733
LowerLegTheta=-0.176119565963745
