[%General]
Highest=151
CenterX=31.1275969881413
CenterY=290.301722383586
XWidth=42

[LeftLeg]
ThighAlpha=-0.0785398185253143
ThighTheta=-0.0863597691059113
LowerLegAlpha=-0.0856797993183136
LowerLegTheta=-0.0795597806572914

[RightLeg]
ThighAlpha=0.0142799690365791
ThighTheta=0.514758884906769
LowerLegAlpha=0.021419957280159
LowerLegTheta=-0.37875908613205
