[%General]
Highest=159
CenterX=30.731668281796
CenterY=95.1485625348721
XWidth=49

[LeftLeg]
ThighAlpha=0
ThighTheta=0.314159274101257
LowerLegAlpha=-0.0785398185253143
LowerLegTheta=-0.117809727787971

[RightLeg]
ThighAlpha=0.0981747731566429
ThighTheta=-0.157079637050629
LowerLegAlpha=-0.0981747731566429
LowerLegTheta=-0.628318548202515
