[%General]
Highest=137
CenterX=30.2244691607685
CenterY=298.941237331578
XWidth=40

[LeftLeg]
ThighAlpha=-0.0642598494887352
ThighTheta=-0.249106079339981
LowerLegAlpha=-0.0678298398852348
LowerLegTheta=-0.249106079339981

[RightLeg]
ThighAlpha=0.13922968506813
ThighTheta=-0.249106079339981
LowerLegAlpha=0.13922968506813
LowerLegTheta=-0.176119565963745
