[%General]
Highest=152
CenterX=30.7976615994143
CenterY=293.520089574092
XWidth=41

[LeftLeg]
ThighAlpha=-0.0428398996591568
ThighTheta=-0.106306403875351
LowerLegAlpha=-0.103529758751392
LowerLegTheta=-0.182466238737106

[RightLeg]
ThighAlpha=-0.024989940226078
ThighTheta=0.607692003250122
LowerLegAlpha=0.00713998824357986
LowerLegTheta=-0.2522794008255
