[%General]
Highest=158
CenterX=30.931652816484
CenterY=131.656208622842
XWidth=50

[LeftLeg]
ThighAlpha=-0.00713998079299927
ThighTheta=-0.391905754804611
LowerLegAlpha=-0.0678298398852348
LowerLegTheta=-0.315745919942856

[RightLeg]
ThighAlpha=-0.00356999039649963
ThighTheta=0.537878811359406
LowerLegAlpha=0.0428399071097374
LowerLegTheta=0.172946274280548
