[%General]
Highest=160
CenterX=34.6572160359398
CenterY=43.9001383353193
XWidth=50

[LeftLeg]
ThighAlpha=-0.0392699092626572
ThighTheta=0.46489229798317
LowerLegAlpha=0.021419957280159
LowerLegTheta=0.176119610667229

[RightLeg]
ThighAlpha=0.0499798879027367
ThighTheta=-0.322092592716217
LowerLegAlpha=0.0107099786400795
LowerLegTheta=-0.318919241428375
