[%General]
Highest=152
CenterX=30.0114495871209
CenterY=228.735774755395
XWidth=50

[LeftLeg]
ThighAlpha=-0.0999597683548927
ThighTheta=0.537878811359406
LowerLegAlpha=-0.082109808921814
LowerLegTheta=0.458545625209808

[RightLeg]
ThighAlpha=0.0856798067688942
ThighTheta=-0.534705400466919
LowerLegAlpha=0.021419957280159
LowerLegTheta=-0.2522794008255
