[%General]
Highest=157
CenterX=29.6077715665282
CenterY=203.44545676635
XWidth=52

[LeftLeg]
ThighAlpha=-0.0642598494887352
ThighTheta=0.322092622518539
LowerLegAlpha=0.0606898665428162
LowerLegTheta=-0.182466238737106

[RightLeg]
ThighAlpha=0.0142799690365791
ThighTheta=-0.106306403875351
LowerLegAlpha=0.0999597758054733
LowerLegTheta=-0.179292917251587
