[%General]
Highest=136
CenterX=29.4944482041256
CenterY=302.825124696092
XWidth=41

[LeftLeg]
ThighAlpha=-0.0999597683548927
ThighTheta=-0.318919241428375
LowerLegAlpha=-0.0499798804521561
LowerLegTheta=-0.255452752113342

[RightLeg]
ThighAlpha=0.13922968506813
ThighTheta=-0.322092592716217
LowerLegAlpha=0.13922968506813
LowerLegTheta=-0.172946244478226
