[%General]
Highest=155
CenterX=30.1340423770899
CenterY=173.54528775589
XWidth=51

[LeftLeg]
ThighAlpha=-0.0285599306225777
ThighTheta=-0.312119245529175
LowerLegAlpha=0.0249899476766586
LowerLegTheta=-0.866998016834259

[RightLeg]
ThighAlpha=0.0321299284696579
ThighTheta=0.484838932752609
LowerLegAlpha=0.0606898665428162
LowerLegTheta=0.116279773414135
