[%General]
Highest=159
CenterX=30.731668281796
CenterY=95.1485625348721
XWidth=49

[LeftLeg]
ThighAlpha=-0.00713998079299927
ThighTheta=0.31891930103302
LowerLegAlpha=-0.0678298398852348
LowerLegTheta=-0.106306403875351

[RightLeg]
ThighAlpha=0.103529766201973
ThighTheta=-0.179292917251587
LowerLegAlpha=-0.0999597683548927
LowerLegTheta=-0.604518592357635
