[%General]
Highest=150
CenterX=30.5426473580682
CenterY=274.902530014244
XWidth=45

[LeftLeg]
ThighAlpha=-0.0642598494887352
ThighTheta=0.0863598436117172
LowerLegAlpha=-0.13922968506813
LowerLegTheta=0.265879422426224

[RightLeg]
ThighAlpha=0.103529766201973
ThighTheta=-0.0863597691059113
LowerLegAlpha=-0.157079637050629
LowerLegTheta=-0.448118954896927
