[%General]
Highest=157
CenterX=30.6998009699212
CenterY=187.506307291229
XWidth=52

[LeftLeg]
ThighAlpha=-0.024989940226078
ThighTheta=0.206039562821388
LowerLegAlpha=-0.0142799615859985
LowerLegTheta=-1.09955739974976

[RightLeg]
ThighAlpha=0.0499798879027367
ThighTheta=0.199239581823349
LowerLegAlpha=0.0999597758054733
LowerLegTheta=-0.00339995324611664
