[%General]
Highest=150
CenterX=30.894719680007
CenterY=253.301493445795
XWidth=44

[LeftLeg]
ThighAlpha=-0.0606898590922356
ThighTheta=0.607692003250122
LowerLegAlpha=-0.0856797993183136
LowerLegTheta=0.179292947053909

[RightLeg]
ThighAlpha=0.0321299284696579
ThighTheta=-0.395079076290131
LowerLegAlpha=0.0606898665428162
LowerLegTheta=-0.744144916534424
