[%General]
Highest=157
CenterX=34.8606122108541
CenterY=52.4311888345196
XWidth=49

[LeftLeg]
ThighAlpha=-0.0214199498295784
ThighTheta=0.534705460071564
LowerLegAlpha=0.00356999784708023
LowerLegTheta=0.46171897649765

[RightLeg]
ThighAlpha=0.0678298473358154
ThighTheta=-0.461718916893005
LowerLegAlpha=0.0428399071097374
LowerLegTheta=-0.395079076290131
