[%General]
Highest=157
CenterX=34.4572616540953
CenterY=68.2873477438098
XWidth=51

[LeftLeg]
ThighAlpha=-0.0589048638939857
ThighTheta=0.628318548202515
LowerLegAlpha=0
LowerLegTheta=0.157079637050629

[RightLeg]
ThighAlpha=0.0981747731566429
ThighTheta=-0.392699092626572
LowerLegAlpha=0.0785398185253143
LowerLegTheta=-0.785398185253143
