[%General]
Highest=157
CenterX=34.9593631309517
CenterY=57.4490697418396
XWidth=50

[LeftLeg]
ThighAlpha=-0.00356999039649963
ThighTheta=0.60451865196228
LowerLegAlpha=-0.0321299210190773
LowerLegTheta=0.391905784606934

[RightLeg]
ThighAlpha=0.121379725635052
ThighTheta=-0.461718916893005
LowerLegAlpha=0.0249899476766586
LowerLegTheta=-0.534705400466919
