[%General]
Highest=155
CenterX=30.7998722394598
CenterY=145.700386323538
XWidth=53

[LeftLeg]
ThighAlpha=-0.0606898590922356
ThighTheta=-0.514758765697479
LowerLegAlpha=-0.0285599306225777
LowerLegTheta=-0.567798674106598

[RightLeg]
ThighAlpha=0.0499798879027367
ThighTheta=0.59771865606308
LowerLegAlpha=0.0249899476766586
LowerLegTheta=0.574598729610443
