[%General]
Highest=157
CenterX=30.6998009699212
CenterY=187.506307291229
XWidth=52

[LeftLeg]
ThighAlpha=-0.024989940226078
ThighTheta=0.176119610667229
LowerLegAlpha=0.00356999784708023
LowerLegTheta=-1.09955739974976

[RightLeg]
ThighAlpha=0.0499798879027367
ThighTheta=0.179292947053909
LowerLegAlpha=0.0821098163723946
LowerLegTheta=0.0364932715892792
