[%General]
Highest=157
CenterX=29.6077715665282
CenterY=203.44545676635
XWidth=52

[LeftLeg]
ThighAlpha=-0.0642598494887352
ThighTheta=0.342039257287979
LowerLegAlpha=0.0606898665428162
LowerLegTheta=-0.312119245529175

[RightLeg]
ThighAlpha=0.0142799690365791
ThighTheta=-0.0863597691059113
LowerLegAlpha=0.0999597758054733
LowerLegTheta=-0.169319570064545
