[%General]
Highest=153
CenterX=29.847700136027
CenterY=223.997531361781
XWidth=51

[LeftLeg]
ThighAlpha=-0.0999597683548927
ThighTheta=0.534705460071564
LowerLegAlpha=-0.0321299210190773
LowerLegTheta=0.458545625209808

[RightLeg]
ThighAlpha=0.0499798879027367
ThighTheta=-0.464892268180847
LowerLegAlpha=0.0428399071097374
LowerLegTheta=-0.172946244478226
