[%General]
Highest=151
CenterX=30.0724509118204
CenterY=232.662310854842
XWidth=51

[LeftLeg]
ThighAlpha=-0.0785398185253143
ThighTheta=0.589048624038696
LowerLegAlpha=-0.0981747731566429
LowerLegTheta=0.589048624038696

[RightLeg]
ThighAlpha=0.0785398185253143
ThighTheta=-0.510508835315704
LowerLegAlpha=0.0981747731566429
LowerLegTheta=-0.353429168462753
