[%General]
Highest=154
CenterX=29.8673897770695
CenterY=218.177384807827
XWidth=51

[LeftLeg]
ThighAlpha=-0.0214199498295784
ThighTheta=0.534705460071564
LowerLegAlpha=-0.0678298398852348
LowerLegTheta=0.249106109142303

[RightLeg]
ThighAlpha=0.0678298473358154
ThighTheta=-0.395079076290131
LowerLegAlpha=0.0321299284696579
LowerLegTheta=-0.0999597311019897
