[%General]
Highest=155
CenterX=30.7998722394598
CenterY=145.700386323538
XWidth=53

[LeftLeg]
ThighAlpha=-0.0428398996591568
ThighTheta=-0.534705400466919
LowerLegAlpha=-0.0464098900556564
LowerLegTheta=-0.537878751754761

[RightLeg]
ThighAlpha=0.0499798879027367
ThighTheta=0.607692003250122
LowerLegAlpha=0.0249899476766586
LowerLegTheta=0.534705460071564
