[%General]
Highest=156
CenterX=29.7542973510359
CenterY=207.960939003271
XWidth=52

[LeftLeg]
ThighAlpha=-0.0589048638939857
ThighTheta=0.392699092626572
LowerLegAlpha=0.0785398185253143
LowerLegTheta=0

[RightLeg]
ThighAlpha=0.0196349546313286
ThighTheta=-0.157079637050629
LowerLegAlpha=0.0981747731566429
LowerLegTheta=-0.235619455575943
