[%General]
Highest=149
CenterX=30.4135829708546
CenterY=260.038012986194
XWidth=45

[LeftLeg]
ThighAlpha=-0.0214199498295784
ThighTheta=0.46489229798317
LowerLegAlpha=-0.157079637050629
LowerLegTheta=0.245932787656784

[RightLeg]
ThighAlpha=-0.0214199498295784
ThighTheta=-0.2522794008255
LowerLegAlpha=0.0821098163723946
LowerLegTheta=-0.956757783889771
