[%General]
Highest=150
CenterX=30.2913372825032
CenterY=271.138785114244
XWidth=43

[LeftLeg]
ThighAlpha=-0.0785398185253143
ThighTheta=0.31891930103302
LowerLegAlpha=-0.121379718184471
LowerLegTheta=0.0428399443626404

[RightLeg]
ThighAlpha=-0.024989940226078
ThighTheta=-0.109479740262032
LowerLegAlpha=-0.0142799615859985
LowerLegTheta=-0.747318267822266
