[%General]
Highest=157
CenterX=33.6839563513531
CenterY=73.8114980141713
XWidth=51

[LeftLeg]
ThighAlpha=-0.0428398996591568
ThighTheta=0.60451865196228
LowerLegAlpha=-0.0321299210190773
LowerLegTheta=0.109479777514935

[RightLeg]
ThighAlpha=0.103529766201973
ThighTheta=-0.322092592716217
LowerLegAlpha=0.0249899476766586
LowerLegTheta=-0.886944591999054
