[%General]
Highest=159
CenterX=30.324920738765
CenterY=126.177268381058
XWidth=51

[LeftLeg]
ThighAlpha=-0.0606898590922356
ThighTheta=-0.288999319076538
LowerLegAlpha=-0.0321299210190773
LowerLegTheta=-0.275399327278137

[RightLeg]
ThighAlpha=0.0142799690365791
ThighTheta=0.514758884906769
LowerLegAlpha=0.0107099786400795
LowerLegTheta=0.0931598246097565
