[%General]
Highest=156
CenterX=29.7174776229894
CenterY=213.069839827714
XWidth=51

[LeftLeg]
ThighAlpha=-0.0428398996591568
ThighTheta=0.468065619468689
LowerLegAlpha=0.0249899476766586
LowerLegTheta=0.030146598815918

[RightLeg]
ThighAlpha=0.0499798879027367
ThighTheta=-0.318919241428375
LowerLegAlpha=0.00356999784708023
LowerLegTheta=0.0333199352025986
