[%General]
Highest=150
CenterX=30.5426473580682
CenterY=274.902530014244
XWidth=45

[LeftLeg]
ThighAlpha=-0.0642598494887352
ThighTheta=0.106306441128254
LowerLegAlpha=-0.13922968506813
LowerLegTheta=0.245932787656784

[RightLeg]
ThighAlpha=0.103529766201973
ThighTheta=-0.106306403875351
LowerLegAlpha=-0.157079637050629
LowerLegTheta=-0.468065589666367
