[%General]
Highest=151
CenterX=31.1275969881413
CenterY=290.301722383586
XWidth=42

[LeftLeg]
ThighAlpha=-0.117809727787971
ThighTheta=-0.0364932343363762
LowerLegAlpha=0.00356999784708023
LowerLegTheta=-0.179292917251587

[RightLeg]
ThighAlpha=0.0142799690365791
ThighTheta=0.46489229798317
LowerLegAlpha=0.021419957280159
LowerLegTheta=-0.318919241428375
