[%General]
Highest=152
CenterX=30.6334334710227
CenterY=285.657654274628
XWidth=42

[LeftLeg]
ThighAlpha=-0.0785398185253143
ThighTheta=-0.10313306748867
LowerLegAlpha=-0.157079637050629
LowerLegTheta=-0.0396665707230568

[RightLeg]
ThighAlpha=0.0142799690365791
ThighTheta=0.31891930103302
LowerLegAlpha=-0.0107099711894989
LowerLegTheta=-0.10313306748867
