[%General]
Highest=157
CenterX=30.2187138009512
CenterY=182.718366290083
XWidth=53

[LeftLeg]
ThighAlpha=-0.0392699092626572
ThighTheta=-0.117809727787971
LowerLegAlpha=0.0589048638939857
LowerLegTheta=-0.785398185253143

[RightLeg]
ThighAlpha=0.0196349546313286
ThighTheta=0.314159274101257
LowerLegAlpha=0.0981747731566429
LowerLegTheta=-0.0392699092626572
