[%General]
Highest=160
CenterX=34.6572160359398
CenterY=43.9001383353193
XWidth=50

[LeftLeg]
ThighAlpha=-0.0785398185253143
ThighTheta=0.510508835315704
LowerLegAlpha=0.0785398185253143
LowerLegTheta=0.157079637050629

[RightLeg]
ThighAlpha=0.0589048638939857
ThighTheta=-0.353429168462753
LowerLegAlpha=0
LowerLegTheta=-0.235619455575943
