[%General]
Highest=160
CenterX=35.1653591209237
CenterY=29.1846110949164
XWidth=46

[LeftLeg]
ThighAlpha=-0.0285599306225777
ThighTheta=0.259079456329346
LowerLegAlpha=0.0249899476766586
LowerLegTheta=-0.2454794049263

[RightLeg]
ThighAlpha=0.0142799690365791
ThighTheta=-0.0863597691059113
LowerLegAlpha=0.0999597758054733
LowerLegTheta=-0.229159444570541
