[%General]
Highest=158
CenterX=32.8579294653015
CenterY=85.4329313613955
XWidth=50

[LeftLeg]
ThighAlpha=-0.0214199498295784
ThighTheta=0.46489229798317
LowerLegAlpha=0.021419957280159
LowerLegTheta=-0.0364932343363762

[RightLeg]
ThighAlpha=0.121379725635052
ThighTheta=-0.2522794008255
LowerLegAlpha=-0.0428398996591568
LowerLegTheta=-0.886944591999054
