[%General]
Highest=161
CenterX=29.995719753947
CenterY=111.015604554182
XWidth=52

[LeftLeg]
ThighAlpha=-0.0464098900556564
ThighTheta=0.0396666079759598
LowerLegAlpha=-0.103529758751392
LowerLegTheta=-0.255452752113342

[RightLeg]
ThighAlpha=0.103529766201973
ThighTheta=0.249106109142303
LowerLegAlpha=-0.103529758751392
LowerLegTheta=-0.106306403875351
