[%General]
Highest=158
CenterX=32.0836193588033
CenterY=90.506857117163
XWidth=49

[LeftLeg]
ThighAlpha=0.0321299284696579
ThighTheta=0.391905784606934
LowerLegAlpha=-0.0678298398852348
LowerLegTheta=-0.10313306748867

[RightLeg]
ThighAlpha=0.103529766201973
ThighTheta=-0.2522794008255
LowerLegAlpha=-0.0464098900556564
LowerLegTheta=-0.744144916534424
