[%General]
Highest=159
CenterX=30.132211965812
CenterY=99.9002666666667
XWidth=51

[LeftLeg]
ThighAlpha=-0.0428398996591568
ThighTheta=0.249106109142303
LowerLegAlpha=-0.0856797993183136
LowerLegTheta=-0.2459327429533

[RightLeg]
ThighAlpha=0.0856798067688942
ThighTheta=0.106306441128254
LowerLegAlpha=-0.0999597683548927
LowerLegTheta=-0.680678427219391
