[%General]
Highest=136
CenterX=29.4944482041256
CenterY=302.825124696092
XWidth=41

[LeftLeg]
ThighAlpha=-0.117809727787971
ThighTheta=-0.318919241428375
LowerLegAlpha=-0.0285599306225777
LowerLegTheta=-0.275399327278137

[RightLeg]
ThighAlpha=0.13922968506813
ThighTheta=-0.342039197683334
LowerLegAlpha=0.13922968506813
LowerLegTheta=-0.182919546961784
