[%General]
Highest=161
CenterX=34.7501586254156
CenterY=35.0131976345778
XWidth=46

[LeftLeg]
ThighAlpha=0.0107099786400795
ThighTheta=0.31891930103302
LowerLegAlpha=-0.0142799615859985
LowerLegTheta=-0.0364932343363762

[RightLeg]
ThighAlpha=0.0321299284696579
ThighTheta=-0.179292917251587
LowerLegAlpha=0.0107099786400795
LowerLegTheta=-0.2522794008255
