[%General]
Highest=149
CenterX=30.9976520971468
CenterY=246.128007663555
XWidth=47

[LeftLeg]
ThighAlpha=-0.0785398185253143
ThighTheta=0.657558560371399
LowerLegAlpha=-0.121379718184471
LowerLegTheta=0.342039257287979

[RightLeg]
ThighAlpha=0.0678298473358154
ThighTheta=-0.461718916893005
LowerLegAlpha=0.0999597758054733
LowerLegTheta=-0.657558441162109
