[%General]
Highest=140
CenterX=30.783881068021
CenterY=295.620916644067
XWidth=41

[LeftLeg]
ThighAlpha=-0.0392699092626572
ThighTheta=-0.157079637050629
LowerLegAlpha=-0.0981747731566429
LowerLegTheta=-0.235619455575943

[RightLeg]
ThighAlpha=-0.0589048638939857
ThighTheta=0.785398185253143
LowerLegAlpha=0.0589048638939857
LowerLegTheta=-0.235619455575943
