[%General]
Highest=137
CenterX=30.2244691607685
CenterY=298.941237331578
XWidth=40

[LeftLeg]
ThighAlpha=-0.0642598494887352
ThighTheta=-0.229159444570541
LowerLegAlpha=-0.0499798804521561
LowerLegTheta=-0.288999319076538

[RightLeg]
ThighAlpha=0.13922968506813
ThighTheta=-0.288999319076538
LowerLegAlpha=0.13922968506813
LowerLegTheta=-0.0265199020504951
