[%General]
Highest=152
CenterX=30.7976615994143
CenterY=293.520089574092
XWidth=41

[LeftLeg]
ThighAlpha=-0.0428398996591568
ThighTheta=-0.146199628710747
LowerLegAlpha=-0.103529758751392
LowerLegTheta=-0.132599666714668

[RightLeg]
ThighAlpha=-0.024989940226078
ThighTheta=0.59771865606308
LowerLegAlpha=0.00713998824357986
LowerLegTheta=-0.282199323177338
