[%General]
Highest=160
CenterX=34.4538850112707
CenterY=39.9667580999973
XWidth=47

[LeftLeg]
ThighAlpha=-0.0392699092626572
ThighTheta=0.431799054145813
LowerLegAlpha=0.021419957280159
LowerLegTheta=-0.00339995324611664

[RightLeg]
ThighAlpha=0.0321299284696579
ThighTheta=-0.318919241428375
LowerLegAlpha=0.00713998824357986
LowerLegTheta=-0.215559482574463
