[%General]
Highest=159
CenterX=36.6071518756488
CenterY=15.8404085182795
XWidth=45

[LeftLeg]
ThighAlpha=-0.0785398185253143
ThighTheta=-0.0785398185253143
LowerLegAlpha=-0.0981747731566429
LowerLegTheta=0.0785398185253143

[RightLeg]
ThighAlpha=0.0392699092626572
ThighTheta=0.0785398185253143
LowerLegAlpha=0.0785398185253143
LowerLegTheta=0
