[%General]
Highest=152
CenterX=30.0114495871209
CenterY=228.735774755395
XWidth=50

[LeftLeg]
ThighAlpha=-0.0981747731566429
ThighTheta=0.589048624038696
LowerLegAlpha=-0.0785398185253143
LowerLegTheta=0.431968986988068

[RightLeg]
ThighAlpha=0.0589048638939857
ThighTheta=-0.510508835315704
LowerLegAlpha=0.0981747731566429
LowerLegTheta=-0.235619455575943
