[%General]
Highest=154
CenterX=29.0185227186815
CenterY=163.686535117563
XWidth=53

[LeftLeg]
ThighAlpha=-0.0642598494887352
ThighTheta=-0.464892268180847
LowerLegAlpha=-0.0142799615859985
LowerLegTheta=-0.747318267822266

[RightLeg]
ThighAlpha=0.0142799690365791
ThighTheta=0.607692003250122
LowerLegAlpha=0.00356999784708023
LowerLegTheta=0.245932787656784
