[%General]
Highest=156
CenterX=29.8700925213148
CenterY=198.590698485091
XWidth=53

[LeftLeg]
ThighAlpha=-0.0589048638939857
ThighTheta=0.314159274101257
LowerLegAlpha=0.0981747731566429
LowerLegTheta=-0.785398185253143

[RightLeg]
ThighAlpha=0.0392699092626572
ThighTheta=0
LowerLegAlpha=0.0981747731566429
LowerLegTheta=-0.157079637050629
