[%General]
Highest=158
CenterX=33.6167840796591
CenterY=79.8668522318034
XWidth=51

[LeftLeg]
ThighAlpha=-0.0196349546313286
ThighTheta=0.549778699874878
LowerLegAlpha=0
LowerLegTheta=0.0785398185253143

[RightLeg]
ThighAlpha=0.0785398185253143
ThighTheta=-0.314159274101257
LowerLegAlpha=0.0196349546313286
LowerLegTheta=-0.785398185253143
