[%General]
Highest=156
CenterX=31.0648623425105
CenterY=140.501866542231
XWidth=51

[LeftLeg]
ThighAlpha=-0.0214199498295784
ThighTheta=-0.461718916893005
LowerLegAlpha=-0.0464098900556564
LowerLegTheta=-0.537878751754761

[RightLeg]
ThighAlpha=0.0142799690365791
ThighTheta=0.60451865196228
LowerLegAlpha=0.0606898665428162
LowerLegTheta=0.534705460071564
