[%General]
Highest=160
CenterX=35.4890944415254
CenterY=23.5266926526473
XWidth=47

[LeftLeg]
ThighAlpha=-0.0214199498295784
ThighTheta=0.179292947053909
LowerLegAlpha=-0.103529758751392
LowerLegTheta=-0.820304751396179

[RightLeg]
ThighAlpha=0.0499798879027367
ThighTheta=0.0364932715892792
LowerLegAlpha=0.00713998824357986
LowerLegTheta=-0.0396665707230568
