[%General]
Highest=155
CenterX=30.1340423770899
CenterY=173.54528775589
XWidth=51

[LeftLeg]
ThighAlpha=-0.0464098900556564
ThighTheta=-0.322092592716217
LowerLegAlpha=0.0428399071097374
LowerLegTheta=-0.817131459712982

[RightLeg]
ThighAlpha=0.0321299284696579
ThighTheta=0.46489229798317
LowerLegAlpha=0.0428399071097374
LowerLegTheta=0.176119610667229
