[%General]
Highest=156
CenterX=29.8700925213148
CenterY=198.590698485091
XWidth=53

[LeftLeg]
ThighAlpha=-0.0589048638939857
ThighTheta=0.274889349937439
LowerLegAlpha=0.0785398185253143
LowerLegTheta=-0.746128261089325

[RightLeg]
ThighAlpha=0.0589048638939857
ThighTheta=0.0392699092626572
LowerLegAlpha=0.0589048638939857
LowerLegTheta=-0.235619455575943
