[%General]
Highest=156
CenterX=30.6663869499434
CenterY=178.073743499765
XWidth=52

[LeftLeg]
ThighAlpha=-0.00713998079299927
ThighTheta=-0.249106079339981
LowerLegAlpha=0.00356999784708023
LowerLegTheta=-0.750491619110107

[RightLeg]
ThighAlpha=0.0499798879027367
ThighTheta=0.391905784606934
LowerLegAlpha=0.0428399071097374
LowerLegTheta=0.106306441128254
