[%General]
Highest=156
CenterX=29.8700925213148
CenterY=198.590698485091
XWidth=53

[LeftLeg]
ThighAlpha=-0.0285599306225777
ThighTheta=0.322092622518539
LowerLegAlpha=0.021419957280159
LowerLegTheta=-0.750491619110107

[RightLeg]
ThighAlpha=0.0321299284696579
ThighTheta=0.0364932715892792
LowerLegAlpha=0.121379725635052
LowerLegTheta=-0.2459327429533
