[%General]
Highest=158
CenterX=30.931652816484
CenterY=131.656208622842
XWidth=50

[LeftLeg]
ThighAlpha=-0.00713998079299927
ThighTheta=-0.371959120035172
LowerLegAlpha=-0.0499798804521561
LowerLegTheta=-0.355639159679413

[RightLeg]
ThighAlpha=-0.00356999039649963
ThighTheta=0.537878811359406
LowerLegAlpha=0.0428399071097374
LowerLegTheta=0.212839543819427
