[%General]
Highest=158
CenterX=34.8263642906535
CenterY=48.0697986198332
XWidth=48

[LeftLeg]
ThighAlpha=-0.00713998079299927
ThighTheta=0.46489229798317
LowerLegAlpha=0.00356999784708023
LowerLegTheta=0.388732463121414

[RightLeg]
ThighAlpha=0.0856798067688942
ThighTheta=-0.391905754804611
LowerLegAlpha=0.00356999784708023
LowerLegTheta=-0.388732433319092
