[%General]
Highest=157
CenterX=34.9593631309517
CenterY=57.4490697418396
XWidth=50

[LeftLeg]
ThighAlpha=-0.0392699092626572
ThighTheta=0.574598729610443
LowerLegAlpha=0.00356999784708023
LowerLegTheta=0.401879131793976

[RightLeg]
ThighAlpha=0.121379725635052
ThighTheta=-0.461718916893005
LowerLegAlpha=0.0249899476766586
LowerLegTheta=-0.514758765697479
