[%General]
Highest=159
CenterX=30.731668281796
CenterY=95.1485625348721
XWidth=49

[LeftLeg]
ThighAlpha=-0.00713998079299927
ThighTheta=0.31891930103302
LowerLegAlpha=-0.0678298398852348
LowerLegTheta=-0.146199628710747

[RightLeg]
ThighAlpha=0.0999597758054733
ThighTheta=-0.169319570064545
LowerLegAlpha=-0.103529758751392
LowerLegTheta=-0.604518592357635
