[%General]
Highest=157
CenterX=34.4572616540953
CenterY=68.2873477438098
XWidth=51

[LeftLeg]
ThighAlpha=-0.0589048638939857
ThighTheta=0.589048624038696
LowerLegAlpha=0
LowerLegTheta=0.235619455575943

[RightLeg]
ThighAlpha=0.0981747731566429
ThighTheta=-0.431968986988068
LowerLegAlpha=0.0589048638939857
LowerLegTheta=-0.706858336925507
