[%General]
Highest=150
CenterX=30.1403399622264
CenterY=265.869281190979
XWidth=43

[LeftLeg]
ThighAlpha=-0.0981747731566429
ThighTheta=0.431968986988068
LowerLegAlpha=-0.0785398185253143
LowerLegTheta=0.0392699092626572

[RightLeg]
ThighAlpha=-0.0392699092626572
ThighTheta=-0.196349546313286
LowerLegAlpha=0
LowerLegTheta=-0.785398185253143
