[%General]
Highest=160
CenterX=29.8402126857425
CenterY=105.232160268327
XWidth=53

[LeftLeg]
ThighAlpha=-0.0785398185253143
ThighTheta=0.079559862613678
LowerLegAlpha=-0.103529758751392
LowerLegTheta=-0.116279698908329

[RightLeg]
ThighAlpha=0.0678298473358154
ThighTheta=0.265879422426224
LowerLegAlpha=-0.0285599306225777
LowerLegTheta=-0.837078034877777
