[%General]
Highest=151
CenterX=30.7124161849711
CenterY=280.014366088632
XWidth=44

[LeftLeg]
ThighAlpha=-0.117809727787971
ThighTheta=0.0364932715892792
LowerLegAlpha=-0.103529758751392
LowerLegTheta=0.103133104741573

[RightLeg]
ThighAlpha=0.13922968506813
ThighTheta=-0.106306403875351
LowerLegAlpha=-0.157079637050629
LowerLegTheta=-0.109479740262032
