[%General]
Highest=159
CenterX=35.9701479134328
CenterY=18.668291619094
XWidth=46

[LeftLeg]
ThighAlpha=0
ThighTheta=0.0785398185253143
LowerLegAlpha=-0.0196349546313286
LowerLegTheta=-0.471238911151886

[RightLeg]
ThighAlpha=0.0589048638939857
ThighTheta=0
LowerLegAlpha=0
LowerLegTheta=0.157079637050629
