[%General]
Highest=154
CenterX=28.9315845075662
CenterY=157.93136131653
XWidth=54

[LeftLeg]
ThighAlpha=-0.0606898590922356
ThighTheta=-0.534705400466919
LowerLegAlpha=-0.082109808921814
LowerLegTheta=-0.677505135536194

[RightLeg]
ThighAlpha=0.0142799690365791
ThighTheta=0.60451865196228
LowerLegAlpha=0.0428399071097374
LowerLegTheta=0.322092622518539
