[%General]
Highest=160
CenterX=29.8402126857425
CenterY=105.232160268327
XWidth=53

[LeftLeg]
ThighAlpha=-0.0428398996591568
ThighTheta=0.109479777514935
LowerLegAlpha=-0.13922968506813
LowerLegTheta=-0.176119565963745

[RightLeg]
ThighAlpha=0.0678298473358154
ThighTheta=0.315745949745178
LowerLegAlpha=-0.0642598494887352
LowerLegTheta=-0.956757783889771
