[%General]
Highest=154
CenterX=29.5761081000817
CenterY=168.910906526097
XWidth=53

[LeftLeg]
ThighAlpha=-0.0392699092626572
ThighTheta=-0.365159124135971
LowerLegAlpha=-0.0321299210190773
LowerLegTheta=-0.837078034877777

[RightLeg]
ThighAlpha=0.0321299284696579
ThighTheta=0.574598729610443
LowerLegAlpha=0.0606898665428162
LowerLegTheta=0.139399722218513
