[%General]
Highest=131
CenterX=28.975851179577
CenterY=311.534060451663
XWidth=40

[LeftLeg]
ThighAlpha=-0.117809727787971
ThighTheta=-0.464892268180847
LowerLegAlpha=-0.0499798804521561
LowerLegTheta=-0.398252427577972

[RightLeg]
ThighAlpha=0.13922968506813
ThighTheta=-0.461718916893005
LowerLegAlpha=0.103529766201973
LowerLegTheta=-0.109479740262032
