[%General]
Highest=150
CenterX=30.5426473580682
CenterY=274.902530014244
XWidth=45

[LeftLeg]
ThighAlpha=-0.0785398185253143
ThighTheta=0.0785398185253143
LowerLegAlpha=-0.0981747731566429
LowerLegTheta=0.235619455575943

[RightLeg]
ThighAlpha=0.0392699092626572
ThighTheta=-0.0785398185253143
LowerLegAlpha=-0.0785398185253143
LowerLegTheta=-0.471238911151886
