[%General]
Highest=150
CenterX=31.0242860242693
CenterY=240.477541686835
XWidth=49

[LeftLeg]
ThighAlpha=-0.0785398185253143
ThighTheta=0.706858336925507
LowerLegAlpha=-0.0981747731566429
LowerLegTheta=0.314159274101257

[RightLeg]
ThighAlpha=0.0981747731566429
ThighTheta=-0.392699092626572
LowerLegAlpha=0.0981747731566429
LowerLegTheta=-0.706858336925507
