[%General]
Highest=159
CenterX=30.324920738765
CenterY=126.177268381058
XWidth=51

[LeftLeg]
ThighAlpha=-0.0606898590922356
ThighTheta=-0.318919241428375
LowerLegAlpha=-0.0321299210190773
LowerLegTheta=-0.255452752113342

[RightLeg]
ThighAlpha=0.0142799690365791
ThighTheta=0.534705460071564
LowerLegAlpha=0.046409897506237
LowerLegTheta=0.0333199352025986
