[%General]
Highest=157
CenterX=29.6077715665282
CenterY=203.44545676635
XWidth=52

[LeftLeg]
ThighAlpha=-0.0785398185253143
ThighTheta=0.314159274101257
LowerLegAlpha=0.0392699092626572
LowerLegTheta=-0.157079637050629

[RightLeg]
ThighAlpha=0.0196349546313286
ThighTheta=-0.0785398185253143
LowerLegAlpha=0.0981747731566429
LowerLegTheta=-0.157079637050629
