[%General]
Highest=158
CenterX=34.8263642906535
CenterY=48.0697986198332
XWidth=48

[LeftLeg]
ThighAlpha=0
ThighTheta=0.471238911151886
LowerLegAlpha=0
LowerLegTheta=0.392699092626572

[RightLeg]
ThighAlpha=0.0785398185253143
ThighTheta=-0.392699092626572
LowerLegAlpha=0
LowerLegTheta=-0.392699092626572
