[%General]
Highest=160
CenterX=29.8978864907277
CenterY=115.994731794802
XWidth=53

[LeftLeg]
ThighAlpha=-0.0464098900556564
ThighTheta=-0.0931597501039505
LowerLegAlpha=-0.13922968506813
LowerLegTheta=-0.2522794008255

[RightLeg]
ThighAlpha=0.0142799690365791
ThighTheta=0.454919010400772
LowerLegAlpha=0.00713998824357986
LowerLegTheta=-0.335239201784134
