[%General]
Highest=160
CenterX=34.6572160359398
CenterY=43.9001383353193
XWidth=50

[LeftLeg]
ThighAlpha=-0.0392699092626572
ThighTheta=0.484838932752609
LowerLegAlpha=-0.0142799615859985
LowerLegTheta=0.176119640469551

[RightLeg]
ThighAlpha=0.0499798879027367
ThighTheta=-0.342039197683334
LowerLegAlpha=0.0107099786400795
LowerLegTheta=-0.259079366922379
