[%General]
Highest=161
CenterX=29.995719753947
CenterY=111.015604554182
XWidth=52

[LeftLeg]
ThighAlpha=-0.0392699092626572
ThighTheta=0.0392699092626572
LowerLegAlpha=-0.0785398185253143
LowerLegTheta=-0.274889349937439

[RightLeg]
ThighAlpha=0.0196349546313286
ThighTheta=0.431968986988068
LowerLegAlpha=0.0589048638939857
LowerLegTheta=-0.785398185253143
