[%General]
Highest=157
CenterX=30.2187138009512
CenterY=182.718366290083
XWidth=53

[LeftLeg]
ThighAlpha=-0.0107099711894989
ThighTheta=-0.0364932343363762
LowerLegAlpha=0.00356999784708023
LowerLegTheta=-0.956757783889771

[RightLeg]
ThighAlpha=0.0499798879027367
ThighTheta=0.325265944004059
LowerLegAlpha=0.0642598569393158
LowerLegTheta=-0.112653076648712
