[%General]
Highest=157
CenterX=30.8623609095307
CenterY=135.836975219051
XWidth=49

[LeftLeg]
ThighAlpha=-0.0464098900556564
ThighTheta=-0.461718916893005
LowerLegAlpha=0.00713998824357986
LowerLegTheta=-0.398252427577972

[RightLeg]
ThighAlpha=-0.00356999039649963
ThighTheta=0.534705460071564
LowerLegAlpha=0.0249899476766586
LowerLegTheta=0.534705460071564
