[%General]
Highest=151
CenterX=30.7124161849711
CenterY=280.014366088632
XWidth=44

[LeftLeg]
ThighAlpha=-0.117809727787971
ThighTheta=-0.00339995324611664
LowerLegAlpha=-0.121379718184471
LowerLegTheta=0.18291962146759

[RightLeg]
ThighAlpha=0.121379725635052
ThighTheta=-0.0863597691059113
LowerLegAlpha=-0.13922968506813
LowerLegTheta=-0.146199628710747
