[%General]
Highest=140
CenterX=30.783881068021
CenterY=295.620916644067
XWidth=41

[LeftLeg]
ThighAlpha=-0.0285599306225777
ThighTheta=-0.176119565963745
LowerLegAlpha=-0.13922968506813
LowerLegTheta=-0.182466238737106

[RightLeg]
ThighAlpha=-0.0606898590922356
ThighTheta=0.817131459712982
LowerLegAlpha=0.0606898665428162
LowerLegTheta=-0.249106079339981
