[%General]
Highest=150
CenterX=30.2587560698419
CenterY=236.443399800255
XWidth=50

[LeftLeg]
ThighAlpha=-0.0606898590922356
ThighTheta=0.677505135536194
LowerLegAlpha=-0.121379718184471
LowerLegTheta=0.46489229798317

[RightLeg]
ThighAlpha=0.121379725635052
ThighTheta=-0.531532108783722
LowerLegAlpha=0.021419957280159
LowerLegTheta=-0.464892268180847
