[%General]
Highest=150
CenterX=31.0242860242693
CenterY=240.477541686835
XWidth=49

[LeftLeg]
ThighAlpha=-0.0999597683548927
ThighTheta=0.677505135536194
LowerLegAlpha=-0.103529758751392
LowerLegTheta=0.395079135894775

[RightLeg]
ThighAlpha=0.103529766201973
ThighTheta=-0.461718916893005
LowerLegAlpha=0.0999597758054733
LowerLegTheta=-0.604518592357635
