[%General]
Highest=149
CenterX=30.9976520971468
CenterY=246.128007663555
XWidth=47

[LeftLeg]
ThighAlpha=-0.0785398185253143
ThighTheta=0.706858336925507
LowerLegAlpha=-0.0589048638939857
LowerLegTheta=0.235619455575943

[RightLeg]
ThighAlpha=0.0785398185253143
ThighTheta=-0.471238911151886
LowerLegAlpha=0.0981747731566429
LowerLegTheta=-0.706858336925507
