[%General]
Highest=135
CenterX=29.4497150854744
CenterY=307.377286813956
XWidth=40

[LeftLeg]
ThighAlpha=-0.13922968506813
ThighTheta=-0.461718916893005
LowerLegAlpha=0.0249899476766586
LowerLegTheta=-0.255452752113342

[RightLeg]
ThighAlpha=0.13922968506813
ThighTheta=-0.391905754804611
LowerLegAlpha=0.13922968506813
LowerLegTheta=-0.179292917251587
