[%General]
Highest=154
CenterX=28.9315845075662
CenterY=157.93136131653
XWidth=54

[LeftLeg]
ThighAlpha=-0.0981747731566429
ThighTheta=-0.549778699874878
LowerLegAlpha=-0.0392699092626572
LowerLegTheta=-0.628318548202515

[RightLeg]
ThighAlpha=-0.0196349546313286
ThighTheta=0.589048624038696
LowerLegAlpha=0.0981747731566429
LowerLegTheta=0.353429168462753
