[%General]
Highest=154
CenterX=30.2451417475728
CenterY=151.828427184466
XWidth=52

[LeftLeg]
ThighAlpha=-0.0392699092626572
ThighTheta=-0.604518592357635
LowerLegAlpha=-0.0499798804521561
LowerLegTheta=-0.537878751754761

[RightLeg]
ThighAlpha=0.0428399071097374
ThighTheta=0.607692003250122
LowerLegAlpha=0.00713998824357986
LowerLegTheta=0.46171897649765
