[%General]
Highest=157
CenterX=30.4120867867335
CenterY=192.945014132201
XWidth=53

[LeftLeg]
ThighAlpha=-0.0392699092626572
ThighTheta=0.31891930103302
LowerLegAlpha=0.00356999784708023
LowerLegTheta=-0.886944591999054

[RightLeg]
ThighAlpha=0.0499798879027367
ThighTheta=0.106306441128254
LowerLegAlpha=0.0999597758054733
LowerLegTheta=-0.106306403875351
