[%General]
Highest=159
CenterX=30.324920738765
CenterY=126.177268381058
XWidth=51

[LeftLeg]
ThighAlpha=-0.0589048638939857
ThighTheta=-0.314159274101257
LowerLegAlpha=0
LowerLegTheta=-0.235619455575943

[RightLeg]
ThighAlpha=0
ThighTheta=0.549778699874878
LowerLegAlpha=0.0589048638939857
LowerLegTheta=0
