[%General]
Highest=150
CenterX=30.2913372825032
CenterY=271.138785114244
XWidth=43

[LeftLeg]
ThighAlpha=-0.0981747731566429
ThighTheta=0.392699092626572
LowerLegAlpha=-0.0785398185253143
LowerLegTheta=-0.0785398185253143

[RightLeg]
ThighAlpha=-0.0196349546313286
ThighTheta=-0.117809727787971
LowerLegAlpha=-0.0196349546313286
LowerLegTheta=-0.746128261089325
