[%General]
Highest=156
CenterX=34.555470104592
CenterY=62.5855612730018
XWidth=51

[LeftLeg]
ThighAlpha=-0.024989940226078
ThighTheta=0.60451865196228
LowerLegAlpha=-0.0464098900556564
LowerLegTheta=0.322092622518539

[RightLeg]
ThighAlpha=0.121379725635052
ThighTheta=-0.461718916893005
LowerLegAlpha=0.0428399071097374
LowerLegTheta=-0.607691943645477
