[%General]
Highest=157
CenterX=30.2187138009512
CenterY=182.718366290083
XWidth=53

[LeftLeg]
ThighAlpha=-0.0285599306225777
ThighTheta=-0.0863597691059113
LowerLegAlpha=0.021419957280159
LowerLegTheta=-0.866998016834259

[RightLeg]
ThighAlpha=0.0321299284696579
ThighTheta=0.335239291191101
LowerLegAlpha=0.0821098163723946
LowerLegTheta=-0.0727597996592522
