[%General]
Highest=149
CenterX=38.4987111214016
CenterY=99.0244037971753
XWidth=51

[LeftLeg]
ThighAlpha=-0.0785398185253143
ThighTheta=-0.196349546313286
LowerLegAlpha=-0.0785398185253143
LowerLegTheta=-0.157079637050629

[RightLeg]
ThighAlpha=0.0785398185253143
ThighTheta=0.510508835315704
LowerLegAlpha=0.0785398185253143
LowerLegTheta=-0.471238911151886
