[%General]
Highest=148
CenterX=38.6522960995646
CenterY=112.081112380717
XWidth=50

[LeftLeg]
ThighAlpha=-0.0464098900556564
ThighTheta=-0.431798994541168
LowerLegAlpha=-0.082109808921814
LowerLegTheta=-0.215559482574463

[RightLeg]
ThighAlpha=0.0142799690365791
ThighTheta=0.574598729610443
LowerLegAlpha=0.00356999784708023
LowerLegTheta=0.342039257287979
