[%General]
Highest=144
CenterX=35.6635366959139
CenterY=194.786529153198
XWidth=51

[LeftLeg]
ThighAlpha=-0.0785398185253143
ThighTheta=0.607692003250122
LowerLegAlpha=-0.0678298398852348
LowerLegTheta=0.391905784606934

[RightLeg]
ThighAlpha=0.121379725635052
ThighTheta=-0.534705400466919
LowerLegAlpha=0.00356999784708023
LowerLegTheta=-0.322092592716217
