[%General]
Highest=149
CenterX=38.1809456967046
CenterY=155.95346597679
XWidth=50

[LeftLeg]
ThighAlpha=-0.0785398185253143
ThighTheta=0.315745949745178
LowerLegAlpha=-0.0321299210190773
LowerLegTheta=-1.09955739974976

[RightLeg]
ThighAlpha=0.13922968506813
ThighTheta=0.106306441128254
LowerLegAlpha=-0.00713998079299927
LowerLegTheta=0.0364932715892792
