[%General]
Highest=143
CenterX=29.3726807855915
CenterY=294.977350891483
XWidth=40

[LeftLeg]
ThighAlpha=-0.157079637050629
ThighTheta=0.314159274101257
LowerLegAlpha=-0.196349546313286
LowerLegTheta=-0.0785398185253143

[RightLeg]
ThighAlpha=0.196349546313286
ThighTheta=0.392699092626572
LowerLegAlpha=-0.196349546313286
LowerLegTheta=-0.157079637050629
