[%General]
Highest=150
CenterX=38.3247681607419
CenterY=29.5245214599929
XWidth=46

[LeftLeg]
ThighAlpha=0.0392699092626572
ThighTheta=0.314159274101257
LowerLegAlpha=0.0392699092626572
LowerLegTheta=-0.314159274101257

[RightLeg]
ThighAlpha=0.117809727787971
ThighTheta=-0.235619455575943
LowerLegAlpha=0.0785398185253143
LowerLegTheta=-0.157079637050629
