[%General]
Highest=147
CenterX=38.5007908139057
CenterY=41.8439407838547
XWidth=48

[LeftLeg]
ThighAlpha=-0.0606898590922356
ThighTheta=0.537878811359406
LowerLegAlpha=0.00356999784708023
LowerLegTheta=0.212839543819427

[RightLeg]
ThighAlpha=0.13922968506813
ThighTheta=-0.491638839244843
LowerLegAlpha=0.0856798067688942
LowerLegTheta=-0.222359463572502
