[%General]
Highest=148
CenterX=36.9390026440386
CenterY=172.158503966058
XWidth=52

[LeftLeg]
ThighAlpha=-0.0392699092626572
ThighTheta=0.549778699874878
LowerLegAlpha=0.0196349546313286
LowerLegTheta=-0.0785398185253143

[RightLeg]
ThighAlpha=0.0981747731566429
ThighTheta=-0.314159274101257
LowerLegAlpha=-0.0196349546313286
LowerLegTheta=0.0785398185253143
