[%General]
Highest=142
CenterX=30.0034614336331
CenterY=306.45426546743
XWidth=39

[LeftLeg]
ThighAlpha=-0.0785398185253143
ThighTheta=0.312119334936142
LowerLegAlpha=-0.157079637050629
LowerLegTheta=-0.431798994541168

[RightLeg]
ThighAlpha=0.13922968506813
ThighTheta=0.0564399100840092
LowerLegAlpha=0.0678298473358154
LowerLegTheta=-0.169319570064545
