[%General]
Highest=147
CenterX=38.7538608994079
CenterY=116.240481085844
XWidth=49

[LeftLeg]
ThighAlpha=-0.0285599306225777
ThighTheta=-0.461718916893005
LowerLegAlpha=-0.0856797993183136
LowerLegTheta=-0.2522794008255

[RightLeg]
ThighAlpha=0.0142799690365791
ThighTheta=0.574598729610443
LowerLegAlpha=-0.00713998079299927
LowerLegTheta=0.484838932752609
