[%General]
Highest=146
CenterX=36.5495780926604
CenterY=181.216303136443
XWidth=51

[LeftLeg]
ThighAlpha=-0.0606898590922356
ThighTheta=0.607692003250122
LowerLegAlpha=-0.0499798804521561
LowerLegTheta=0.245932787656784

[RightLeg]
ThighAlpha=0.103529766201973
ThighTheta=-0.468065589666367
LowerLegAlpha=0.00713998824357986
LowerLegTheta=-0.030146561563015
