[%General]
Highest=144
CenterX=35.6635366959139
CenterY=194.786529153198
XWidth=51

[LeftLeg]
ThighAlpha=-0.0785398185253143
ThighTheta=0.627638638019562
LowerLegAlpha=-0.103529758751392
LowerLegTheta=0.371959179639816

[RightLeg]
ThighAlpha=0.103529766201973
ThighTheta=-0.544678747653961
LowerLegAlpha=0.00356999784708023
LowerLegTheta=-0.282199323177338
