[%General]
Highest=142
CenterX=30.2118716827974
CenterY=261.978379644084
XWidth=47

[LeftLeg]
ThighAlpha=-0.157079637050629
ThighTheta=-0.464892268180847
LowerLegAlpha=-0.0856797993183136
LowerLegTheta=-0.249106079339981

[RightLeg]
ThighAlpha=-0.00356999039649963
ThighTheta=0.607692003250122
LowerLegAlpha=0.046409897506237
LowerLegTheta=0.60451865196228
