[%General]
Highest=147
CenterX=37.8541288940168
CenterY=73.6377721503814
XWidth=56

[LeftLeg]
ThighAlpha=-0.0856797993183136
ThighTheta=0.395079135894775
LowerLegAlpha=-0.121379718184471
LowerLegTheta=-0.0396665707230568

[RightLeg]
ThighAlpha=0.13922968506813
ThighTheta=-0.2522794008255
LowerLegAlpha=0.0999597758054733
LowerLegTheta=-0.956757783889771
