[%General]
Highest=147
CenterX=31.7642319610447
CenterY=232.404409030544
XWidth=50

[LeftLeg]
ThighAlpha=-0.13922968506813
ThighTheta=-0.10313306748867
LowerLegAlpha=-0.157079637050629
LowerLegTheta=0.172946274280548

[RightLeg]
ThighAlpha=0.103529766201973
ThighTheta=0.252279460430145
LowerLegAlpha=0.00356999784708023
LowerLegTheta=-0.398252427577972
