[%General]
Highest=147
CenterX=31.8441075737526
CenterY=236.708609013778
XWidth=52

[LeftLeg]
ThighAlpha=-0.117809727787971
ThighTheta=-0.106306403875351
LowerLegAlpha=-0.157079637050629
LowerLegTheta=-0.0364932343363762

[RightLeg]
ThighAlpha=0.0321299284696579
ThighTheta=0.391905784606934
LowerLegAlpha=0.13922968506813
LowerLegTheta=-0.534705400466919
