[%General]
Highest=148
CenterX=38.6522960995646
CenterY=112.081112380717
XWidth=50

[LeftLeg]
ThighAlpha=-0.0642598494887352
ThighTheta=-0.391905754804611
LowerLegAlpha=-0.0642598494887352
LowerLegTheta=-0.255452752113342

[RightLeg]
ThighAlpha=0.0142799690365791
ThighTheta=0.534705460071564
LowerLegAlpha=0.00356999784708023
LowerLegTheta=0.391905784606934
