[%General]
Highest=144
CenterX=35.9383958266507
CenterY=190.930326000709
XWidth=51

[LeftLeg]
ThighAlpha=-0.0214199498295784
ThighTheta=0.607692003250122
LowerLegAlpha=-0.13922968506813
LowerLegTheta=0.46171897649765

[RightLeg]
ThighAlpha=0.0999597758054733
ThighTheta=-0.534705400466919
LowerLegAlpha=0.0249899476766586
LowerLegTheta=-0.249106079339981
