[%General]
Highest=146
CenterX=38.6193513496318
CenterY=45.741382875503
XWidth=49

[LeftLeg]
ThighAlpha=-0.0785398185253143
ThighTheta=0.549778699874878
LowerLegAlpha=-0.0785398185253143
LowerLegTheta=0.392699092626572

[RightLeg]
ThighAlpha=0.196349546313286
ThighTheta=-0.549778699874878
LowerLegAlpha=0.0392699092626572
LowerLegTheta=-0.235619455575943
