[%General]
Highest=144
CenterX=30.4374175078542
CenterY=253.627590950495
XWidth=49

[LeftLeg]
ThighAlpha=-0.117809727787971
ThighTheta=-0.464892268180847
LowerLegAlpha=-0.121379718184471
LowerLegTheta=-0.106306403875351

[RightLeg]
ThighAlpha=-0.0214199498295784
ThighTheta=0.534705460071564
LowerLegAlpha=0.00713998824357986
LowerLegTheta=0.531532108783722
