[%General]
Highest=144
CenterX=34.4555351010727
CenterY=204.808846957199
XWidth=52

[LeftLeg]
ThighAlpha=-0.157079637050629
ThighTheta=0.627638638019562
LowerLegAlpha=-0.0142799615859985
LowerLegTheta=0.146199703216553

[RightLeg]
ThighAlpha=0.0499798879027367
ThighTheta=-0.454918920993805
LowerLegAlpha=0.0821098163723946
LowerLegTheta=-0.627638518810272
