[%General]
Highest=145
CenterX=30.1100943941437
CenterY=248.991966865729
XWidth=50

[LeftLeg]
ThighAlpha=-0.157079637050629
ThighTheta=-0.322092592716217
LowerLegAlpha=-0.0856797993183136
LowerLegTheta=-0.109479740262032

[RightLeg]
ThighAlpha=-0.0428398996591568
ThighTheta=0.534705460071564
LowerLegAlpha=0.00713998824357986
LowerLegTheta=0.322092622518539
