[%General]
Highest=145
CenterX=33.3100737189963
CenterY=215.086447325417
XWidth=51

[LeftLeg]
ThighAlpha=-0.157079637050629
ThighTheta=0.46489229798317
LowerLegAlpha=0.00356999784708023
LowerLegTheta=-0.0396665707230568

[RightLeg]
ThighAlpha=0.0142799690365791
ThighTheta=-0.2522794008255
LowerLegAlpha=-0.0142799615859985
LowerLegTheta=-0.817131459712982
