[%General]
Highest=148
CenterX=37.9666917180219
CenterY=33.3014279272509
XWidth=46

[LeftLeg]
ThighAlpha=0.0285599380731583
ThighTheta=0.395079135894775
LowerLegAlpha=-0.0142799615859985
LowerLegTheta=-0.109479740262032

[RightLeg]
ThighAlpha=0.13922968506813
ThighTheta=-0.318919241428375
LowerLegAlpha=0.0142799690365791
LowerLegTheta=-0.182466238737106
