[%General]
Highest=141
CenterX=29.8778536875159
CenterY=271.405647967411
XWidth=43

[LeftLeg]
ThighAlpha=-0.157079637050629
ThighTheta=-0.471238911151886
LowerLegAlpha=-0.0785398185253143
LowerLegTheta=-0.392699092626572

[RightLeg]
ThighAlpha=0.0392699092626572
ThighTheta=0.549778699874878
LowerLegAlpha=0.0785398185253143
LowerLegTheta=0.392699092626572
