[%General]
Highest=149
CenterX=37.1469465341431
CenterY=168.137780498413
XWidth=51

[LeftLeg]
ThighAlpha=-0.0785398185253143
ThighTheta=0.471238911151886
LowerLegAlpha=0.117809727787971
LowerLegTheta=-0.235619455575943

[RightLeg]
ThighAlpha=0.0785398185253143
ThighTheta=-0.157079637050629
LowerLegAlpha=0.0392699092626572
LowerLegTheta=-0.0785398185253143
