[%General]
Highest=143
CenterX=29.3726807855915
CenterY=294.977350891483
XWidth=40

[LeftLeg]
ThighAlpha=-0.082109808921814
ThighTheta=0.176119610667229
LowerLegAlpha=0.0821098163723946
LowerLegTheta=-1.09955739974976

[RightLeg]
ThighAlpha=0.13922968506813
ThighTheta=0.391905784606934
LowerLegAlpha=-0.0785398185253143
LowerLegTheta=-0.249106079339981
