[%General]
Highest=145
CenterX=38.5803911485368
CenterY=58.8656692432545
XWidth=55

[LeftLeg]
ThighAlpha=-0.0606898590922356
ThighTheta=0.607692003250122
LowerLegAlpha=-0.157079637050629
LowerLegTheta=0.245932787656784

[RightLeg]
ThighAlpha=0.13922968506813
ThighTheta=-0.464892268180847
LowerLegAlpha=0.0999597758054733
LowerLegTheta=-0.607691943645477
