[%General]
Highest=147
CenterX=32.5693500186776
CenterY=224.495050429585
XWidth=50

[LeftLeg]
ThighAlpha=-0.117809727787971
ThighTheta=0.169319659471512
LowerLegAlpha=-0.13922968506813
LowerLegTheta=0.123079754412174

[RightLeg]
ThighAlpha=0.0107099786400795
ThighTheta=0.206039562821388
LowerLegAlpha=-0.0107099711894989
LowerLegTheta=-1.09955739974976
