[%General]
Highest=148
CenterX=36.7413727116157
CenterY=176.389854564011
XWidth=50

[LeftLeg]
ThighAlpha=-0.00356999039649963
ThighTheta=0.607692003250122
LowerLegAlpha=-0.0499798804521561
LowerLegTheta=0.0333199352025986

[RightLeg]
ThighAlpha=0.0499798879027367
ThighTheta=-0.325265914201736
LowerLegAlpha=0.0606898665428162
LowerLegTheta=-0.0999597311019897
