[%General]
Highest=146
CenterX=31.1076712494213
CenterY=240.616075202802
XWidth=52

[LeftLeg]
ThighAlpha=-0.117809727787971
ThighTheta=-0.229159444570541
LowerLegAlpha=-0.13922968506813
LowerLegTheta=0.116279773414135

[RightLeg]
ThighAlpha=-0.00356999039649963
ThighTheta=0.514758884906769
LowerLegAlpha=0.021419957280159
LowerLegTheta=-0.38827908039093
