[%General]
Highest=146
CenterX=38.7697101357351
CenterY=120.615691995433
XWidth=47

[LeftLeg]
ThighAlpha=-0.0589048638939857
ThighTheta=-0.510508835315704
LowerLegAlpha=-0.0392699092626572
LowerLegTheta=-0.274889349937439

[RightLeg]
ThighAlpha=0.0392699092626572
ThighTheta=0.628318548202515
LowerLegAlpha=0
LowerLegTheta=0.392699092626572
