[%General]
Highest=150
CenterX=37.731722229865
CenterY=90.8782348175662
XWidth=50

[LeftLeg]
ThighAlpha=-0.0999597683548927
ThighTheta=-0.0364932343363762
LowerLegAlpha=-0.103529758751392
LowerLegTheta=-0.0396665707230568

[RightLeg]
ThighAlpha=0.13922968506813
ThighTheta=0.179292947053909
LowerLegAlpha=0.0999597758054733
LowerLegTheta=-0.398252427577972
