[%General]
Highest=146
CenterX=38.3146176337227
CenterY=63.8622042935097
XWidth=55

[LeftLeg]
ThighAlpha=-0.157079637050629
ThighTheta=0.549778699874878
LowerLegAlpha=-0.0392699092626572
LowerLegTheta=0.0785398185253143

[RightLeg]
ThighAlpha=0.196349546313286
ThighTheta=-0.471238911151886
LowerLegAlpha=0.117809727787971
LowerLegTheta=-0.628318548202515
