[%General]
Highest=145
CenterX=33.3100737189963
CenterY=215.086447325417
XWidth=51

[LeftLeg]
ThighAlpha=-0.157079637050629
ThighTheta=0.454919010400772
LowerLegAlpha=-0.0499798804521561
LowerLegTheta=0.070039875805378

[RightLeg]
ThighAlpha=0.0142799690365791
ThighTheta=-0.2522794008255
LowerLegAlpha=-0.0142799615859985
LowerLegTheta=-0.80715811252594
