[%General]
Highest=147
CenterX=31.7642319610447
CenterY=232.404409030544
XWidth=50

[LeftLeg]
ThighAlpha=-0.157079637050629
ThighTheta=-0.0785398185253143
LowerLegAlpha=-0.117809727787971
LowerLegTheta=0.157079637050629

[RightLeg]
ThighAlpha=0.196349546313286
ThighTheta=-0.0785398185253143
LowerLegAlpha=0
LowerLegTheta=0.157079637050629
