[%General]
Highest=148
CenterX=37.6722463286956
CenterY=78.497521580012
XWidth=56

[LeftLeg]
ThighAlpha=-0.0678298398852348
ThighTheta=0.252279460430145
LowerLegAlpha=-0.157079637050629
LowerLegTheta=-0.0197199191898108

[RightLeg]
ThighAlpha=0.121379725635052
ThighTheta=-0.10267972946167
LowerLegAlpha=0.0249899476766586
LowerLegTheta=-0.956757783889771
