[%General]
Highest=142
CenterX=30.5479920124251
CenterY=284.974550698913
XWidth=41

[LeftLeg]
ThighAlpha=-0.0107099711894989
ThighTheta=-0.0396665707230568
LowerLegAlpha=0.00356999784708023
LowerLegTheta=-1.09955739974976

[RightLeg]
ThighAlpha=0.0856798067688942
ThighTheta=0.46489229798317
LowerLegAlpha=0.0285599380731583
LowerLegTheta=0.0333199352025986
