[%General]
Highest=144
CenterX=33.8515849632601
CenterY=209.92772709524
XWidth=52

[LeftLeg]
ThighAlpha=-0.0999597683548927
ThighTheta=0.59771865606308
LowerLegAlpha=-0.0856797993183136
LowerLegTheta=0.0401199460029602

[RightLeg]
ThighAlpha=0.0499798879027367
ThighTheta=-0.371959120035172
LowerLegAlpha=0.021419957280159
LowerLegTheta=-0.717398345470428
