[%General]
Highest=149
CenterX=38.6044675405259
CenterY=103.256945629411
XWidth=51

[LeftLeg]
ThighAlpha=-0.0606898590922356
ThighTheta=-0.282199323177338
LowerLegAlpha=-0.0678298398852348
LowerLegTheta=-0.123079679906368

[RightLeg]
ThighAlpha=0.0499798879027367
ThighTheta=0.507958889007568
LowerLegAlpha=-0.0142799615859985
LowerLegTheta=-0.0496398508548737
