[%General]
Highest=146
CenterX=30.7120573112254
CenterY=244.639898318794
XWidth=50

[LeftLeg]
ThighAlpha=-0.117809727787971
ThighTheta=-0.235959425568581
LowerLegAlpha=-0.157079637050629
LowerLegTheta=-0.10267972946167

[RightLeg]
ThighAlpha=-0.0606898590922356
ThighTheta=0.478038966655731
LowerLegAlpha=0.046409897506237
LowerLegTheta=0.0931598246097565
