[%General]
Highest=147
CenterX=39.5446827749033
CenterY=143.928517606872
XWidth=48

[LeftLeg]
ThighAlpha=-0.0392699092626572
ThighTheta=-0.314159274101257
LowerLegAlpha=0.0392699092626572
LowerLegTheta=-0.785398185253143

[RightLeg]
ThighAlpha=0.117809727787971
ThighTheta=0.392699092626572
LowerLegAlpha=0
LowerLegTheta=0.0785398185253143
