[%General]
Highest=145
CenterX=38.5803911485368
CenterY=58.8656692432545
XWidth=55

[LeftLeg]
ThighAlpha=-0.0785398185253143
ThighTheta=0.549778699874878
LowerLegAlpha=-0.0981747731566429
LowerLegTheta=0.235619455575943

[RightLeg]
ThighAlpha=0.0981747731566429
ThighTheta=-0.549778699874878
LowerLegAlpha=0.0981747731566429
LowerLegTheta=-0.392699092626572
