[%General]
Highest=149
CenterX=37.2406078166672
CenterY=164.342333146752
XWidth=52

[LeftLeg]
ThighAlpha=-0.0606898590922356
ThighTheta=0.322092622518539
LowerLegAlpha=-0.13922968506813
LowerLegTheta=-0.468065589666367

[RightLeg]
ThighAlpha=0.121379725635052
ThighTheta=-0.176119565963745
LowerLegAlpha=0.0249899476766586
LowerLegTheta=0.103133104741573
