[%General]
Highest=147
CenterX=37.8541288940168
CenterY=73.6377721503814
XWidth=56

[LeftLeg]
ThighAlpha=-0.157079637050629
ThighTheta=0.314159274101257
LowerLegAlpha=-0.0785398185253143
LowerLegTheta=0.157079637050629

[RightLeg]
ThighAlpha=0.157079637050629
ThighTheta=-0.314159274101257
LowerLegAlpha=0.0392699092626572
LowerLegTheta=-0.785398185253143
