[%General]
Highest=147
CenterX=38.7538608994079
CenterY=116.240481085844
XWidth=49

[LeftLeg]
ThighAlpha=-0.0392699092626572
ThighTheta=-0.431968986988068
LowerLegAlpha=-0.0785398185253143
LowerLegTheta=-0.274889349937439

[RightLeg]
ThighAlpha=0.0196349546313286
ThighTheta=0.589048624038696
LowerLegAlpha=0
LowerLegTheta=0.471238911151886
