[%General]
Highest=143
CenterX=30.0215447247444
CenterY=289.670562404227
XWidth=41

[LeftLeg]
ThighAlpha=-0.0428398996591568
ThighTheta=0.103133104741573
LowerLegAlpha=-0.0142799615859985
LowerLegTheta=-1.09955739974976

[RightLeg]
ThighAlpha=0.13922968506813
ThighTheta=0.46489229798317
LowerLegAlpha=-0.0464098900556564
LowerLegTheta=-0.109479740262032
