[%General]
Highest=147
CenterX=38.5007908139057
CenterY=41.8439407838547
XWidth=48

[LeftLeg]
ThighAlpha=-0.0606898590922356
ThighTheta=0.537878811359406
LowerLegAlpha=0.00356999784708023
LowerLegTheta=0.172946274280548

[RightLeg]
ThighAlpha=0.13922968506813
ThighTheta=-0.461718916893005
LowerLegAlpha=0.0678298473358154
LowerLegTheta=-0.2522794008255
