[%General]
Highest=142
CenterX=30.0874325642506
CenterY=266.369856468855
XWidth=46

[LeftLeg]
ThighAlpha=-0.117809727787971
ThighTheta=-0.534705400466919
LowerLegAlpha=-0.0856797993183136
LowerLegTheta=-0.395079076290131

[RightLeg]
ThighAlpha=0.0321299284696579
ThighTheta=0.60451865196228
LowerLegAlpha=0.0606898665428162
LowerLegTheta=0.46489229798317
