[%General]
Highest=141
CenterX=30.0702701526003
CenterY=276.023728149422
XWidth=44

[LeftLeg]
ThighAlpha=-0.121379718184471
ThighTheta=-0.391905754804611
LowerLegAlpha=-0.0678298398852348
LowerLegTheta=-0.537878751754761

[RightLeg]
ThighAlpha=0.0499798879027367
ThighTheta=0.534705460071564
LowerLegAlpha=0.0606898665428162
LowerLegTheta=0.252279460430145
