[%General]
Highest=145
CenterX=38.5803911485368
CenterY=58.8656692432545
XWidth=55

[LeftLeg]
ThighAlpha=-0.157079637050629
ThighTheta=0.628318548202515
LowerLegAlpha=-0.0785398185253143
LowerLegTheta=0.157079637050629

[RightLeg]
ThighAlpha=0.196349546313286
ThighTheta=-0.549778699874878
LowerLegAlpha=0.157079637050629
LowerLegTheta=-0.471238911151886
