[%General]
Highest=141
CenterX=30.0702701526003
CenterY=276.023728149422
XWidth=44

[LeftLeg]
ThighAlpha=-0.0856797993183136
ThighTheta=-0.342039197683334
LowerLegAlpha=-0.121379718184471
LowerLegTheta=-0.597718596458435

[RightLeg]
ThighAlpha=0.0499798879027367
ThighTheta=0.514758884906769
LowerLegAlpha=0.0606898665428162
LowerLegTheta=0.312119334936142
