[%General]
Highest=149
CenterX=38.6044675405259
CenterY=103.256945629411
XWidth=51

[LeftLeg]
ThighAlpha=-0.0428398996591568
ThighTheta=-0.2522794008255
LowerLegAlpha=-0.103529758751392
LowerLegTheta=-0.172946244478226

[RightLeg]
ThighAlpha=0.0678298473358154
ThighTheta=0.537878811359406
LowerLegAlpha=-0.0678298398852348
LowerLegTheta=-0.0396665707230568
