[%General]
Highest=149
CenterX=37.3
CenterY=82.5121379759193
XWidth=53

[LeftLeg]
ThighAlpha=-0.117809727787971
ThighTheta=0.157079637050629
LowerLegAlpha=-0.0785398185253143
LowerLegTheta=0

[RightLeg]
ThighAlpha=0.196349546313286
ThighTheta=0.0785398185253143
LowerLegAlpha=0.157079637050629
LowerLegTheta=0.0785398185253143
