[%General]
Highest=149
CenterX=38.5931973223843
CenterY=107.9668493282
XWidth=50

[LeftLeg]
ThighAlpha=-0.0464098900556564
ThighTheta=-0.388732433319092
LowerLegAlpha=-0.0856797993183136
LowerLegTheta=-0.112653076648712

[RightLeg]
ThighAlpha=0.0499798879027367
ThighTheta=0.534705460071564
LowerLegAlpha=-0.0678298398852348
LowerLegTheta=0.176119610667229
