[%General]
Highest=149
CenterX=37.2406078166672
CenterY=164.342333146752
XWidth=52

[LeftLeg]
ThighAlpha=-0.0981747731566429
ThighTheta=0.314159274101257
LowerLegAlpha=-0.0981747731566429
LowerLegTheta=-0.471238911151886

[RightLeg]
ThighAlpha=0.0981747731566429
ThighTheta=-0.196349546313286
LowerLegAlpha=0.0785398185253143
LowerLegTheta=0.157079637050629
