[%General]
Highest=145
CenterX=33.3100737189963
CenterY=215.086447325417
XWidth=51

[LeftLeg]
ThighAlpha=-0.157079637050629
ThighTheta=0.392699092626572
LowerLegAlpha=-0.0392699092626572
LowerLegTheta=0.157079637050629

[RightLeg]
ThighAlpha=0.196349546313286
ThighTheta=0.314159274101257
LowerLegAlpha=0.117809727787971
LowerLegTheta=0.314159274101257
