[%General]
Highest=146
CenterX=38.7697101357351
CenterY=120.615691995433
XWidth=47

[LeftLeg]
ThighAlpha=-0.0606898590922356
ThighTheta=-0.484838873147964
LowerLegAlpha=-0.0321299210190773
LowerLegTheta=-0.312119245529175

[RightLeg]
ThighAlpha=0.0499798879027367
ThighTheta=0.627638638019562
LowerLegAlpha=-0.0107099711894989
LowerLegTheta=0.401879131793976
