[%General]
Highest=145
CenterX=39.1863248166758
CenterY=134.516840965182
XWidth=46

[LeftLeg]
ThighAlpha=-0.0428398996591568
ThighTheta=-0.461718916893005
LowerLegAlpha=0.00356999784708023
LowerLegTheta=-0.597718596458435

[RightLeg]
ThighAlpha=0.0678298473358154
ThighTheta=0.574598729610443
LowerLegAlpha=0.00713998824357986
LowerLegTheta=0.079559862613678
