[%General]
Highest=143
CenterX=29.6479419211723
CenterY=303.860158193103
XWidth=40

[LeftLeg]
ThighAlpha=-0.117809727787971
ThighTheta=0.315745949745178
LowerLegAlpha=-0.0499798804521561
LowerLegTheta=-0.458545595407486

[RightLeg]
ThighAlpha=0.13922968506813
ThighTheta=0.106306441128254
LowerLegAlpha=0.0856798067688942
LowerLegTheta=-0.176119565963745
