[%General]
Highest=149
CenterX=37.6808965483218
CenterY=160.082550854286
XWidth=50

[LeftLeg]
ThighAlpha=-0.157079637050629
ThighTheta=0.0785398185253143
LowerLegAlpha=-0.157079637050629
LowerLegTheta=-0.157079637050629

[RightLeg]
ThighAlpha=0.117809727787971
ThighTheta=0
LowerLegAlpha=0
LowerLegTheta=0
