[%General]
Highest=146
CenterX=38.7697101357351
CenterY=120.615691995433
XWidth=47

[LeftLeg]
ThighAlpha=-0.0606898590922356
ThighTheta=-0.464892268180847
LowerLegAlpha=-0.0499798804521561
LowerLegTheta=-0.322092592716217

[RightLeg]
ThighAlpha=0.0499798879027367
ThighTheta=0.607692003250122
LowerLegAlpha=-0.0107099711894989
LowerLegTheta=0.46171897649765
