[%General]
Highest=146
CenterX=38.3146176337227
CenterY=63.8622042935097
XWidth=55

[LeftLeg]
ThighAlpha=-0.0999597683548927
ThighTheta=0.537878811359406
LowerLegAlpha=-0.121379718184471
LowerLegTheta=0.103133104741573

[RightLeg]
ThighAlpha=0.13922968506813
ThighTheta=-0.464892268180847
LowerLegAlpha=0.0999597758054733
LowerLegTheta=-0.607691943645477
