[%General]
Highest=142
CenterX=30.0874325642506
CenterY=266.369856468855
XWidth=46

[LeftLeg]
ThighAlpha=-0.0981747731566429
ThighTheta=-0.510508835315704
LowerLegAlpha=-0.0785398185253143
LowerLegTheta=-0.353429168462753

[RightLeg]
ThighAlpha=0.0196349546313286
ThighTheta=0.589048624038696
LowerLegAlpha=0.0785398185253143
LowerLegTheta=0.471238911151886
