[%General]
Highest=149
CenterX=37.6808965483218
CenterY=160.082550854286
XWidth=50

[LeftLeg]
ThighAlpha=-0.0999597683548927
ThighTheta=0.31891930103302
LowerLegAlpha=0.021419957280159
LowerLegTheta=-0.81395810842514

[RightLeg]
ThighAlpha=0.13922968506813
ThighTheta=-0.0333198979496956
LowerLegAlpha=-0.024989940226078
LowerLegTheta=0.0333199352025986
