[%General]
Highest=147
CenterX=31.82726921184
CenterY=228.619190747381
XWidth=50

[LeftLeg]
ThighAlpha=-0.157079637050629
ThighTheta=0.0265199784189463
LowerLegAlpha=-0.103529758751392
LowerLegTheta=0.18291962146759

[RightLeg]
ThighAlpha=0.13922968506813
ThighTheta=0.162519663572311
LowerLegAlpha=0.103529766201973
LowerLegTheta=-0.0727597996592522
