[%General]
Highest=149
CenterX=38.1809456967046
CenterY=155.95346597679
XWidth=50

[LeftLeg]
ThighAlpha=-0.157079637050629
ThighTheta=0.0785398185253143
LowerLegAlpha=-0.196349546313286
LowerLegTheta=0

[RightLeg]
ThighAlpha=0.157079637050629
ThighTheta=0.0785398185253143
LowerLegAlpha=-0.0392699092626572
LowerLegTheta=0.0785398185253143
