[%General]
Highest=143
CenterX=29.1003120725034
CenterY=300.238500341997
XWidth=38

[LeftLeg]
ThighAlpha=-0.117809727787971
ThighTheta=0.408679097890854
LowerLegAlpha=-0.13922968506813
LowerLegTheta=-0.501158833503723

[RightLeg]
ThighAlpha=0.13922968506813
ThighTheta=0.252279460430145
LowerLegAlpha=-0.0785398185253143
LowerLegTheta=-0.2522794008255
