[%General]
Highest=148
CenterX=38.6522960995646
CenterY=112.081112380717
XWidth=50

[LeftLeg]
ThighAlpha=-0.0589048638939857
ThighTheta=-0.392699092626572
LowerLegAlpha=-0.0589048638939857
LowerLegTheta=-0.235619455575943

[RightLeg]
ThighAlpha=0.0196349546313286
ThighTheta=0.549778699874878
LowerLegAlpha=0
LowerLegTheta=0.392699092626572
