[%General]
Highest=150
CenterX=38.2501930988824
CenterY=94.8621352795599
XWidth=49

[LeftLeg]
ThighAlpha=-0.0642598494887352
ThighTheta=-0.106306403875351
LowerLegAlpha=-0.157079637050629
LowerLegTheta=-0.109479740262032

[RightLeg]
ThighAlpha=0.121379725635052
ThighTheta=0.391905784606934
LowerLegAlpha=0.0821098163723946
LowerLegTheta=-0.674331784248352
