[%General]
Highest=143
CenterX=29.6479419211723
CenterY=303.860158193103
XWidth=40

[LeftLeg]
ThighAlpha=-0.0981747731566429
ThighTheta=0.392699092626572
LowerLegAlpha=-0.0785398185253143
LowerLegTheta=-0.471238911151886

[RightLeg]
ThighAlpha=0.0981747731566429
ThighTheta=0.0785398185253143
LowerLegAlpha=0.0981747731566429
LowerLegTheta=-0.157079637050629
