[%General]
Highest=150
CenterX=38.7297048501237
CenterY=25.2403055060123
XWidth=45

[LeftLeg]
ThighAlpha=-0.0107099711894989
ThighTheta=0.18246628344059
LowerLegAlpha=-0.157079637050629
LowerLegTheta=-0.607691943645477

[RightLeg]
ThighAlpha=0.13922968506813
ThighTheta=-0.106306403875351
LowerLegAlpha=0.121379725635052
LowerLegTheta=-0.179292917251587
