[%General]
Highest=143
CenterX=30.5580157267015
CenterY=257.755803453855
XWidth=47

[LeftLeg]
ThighAlpha=-0.13922968506813
ThighTheta=-0.534705400466919
LowerLegAlpha=-0.103529758751392
LowerLegTheta=-0.0364932343363762

[RightLeg]
ThighAlpha=-0.024989940226078
ThighTheta=0.537878811359406
LowerLegAlpha=0.00713998824357986
LowerLegTheta=0.674331784248352
