[%General]
Highest=149
CenterX=37.1469465341431
CenterY=168.137780498413
XWidth=51

[LeftLeg]
ThighAlpha=-0.0196349546313286
ThighTheta=0.471238911151886
LowerLegAlpha=0
LowerLegTheta=-0.274889349937439

[RightLeg]
ThighAlpha=0.0981747731566429
ThighTheta=-0.196349546313286
LowerLegAlpha=-0.0196349546313286
LowerLegTheta=0.0392699092626572
