[%General]
Highest=149
CenterX=37.6808965483218
CenterY=160.082550854286
XWidth=50

[LeftLeg]
ThighAlpha=-0.0981747731566429
ThighTheta=0.274889349937439
LowerLegAlpha=0.0392699092626572
LowerLegTheta=-0.706858336925507

[RightLeg]
ThighAlpha=0.0981747731566429
ThighTheta=0
LowerLegAlpha=0.0196349546313286
LowerLegTheta=0
