[%General]
Highest=141
CenterX=29.8778536875159
CenterY=271.405647967411
XWidth=43

[LeftLeg]
ThighAlpha=-0.117809727787971
ThighTheta=-0.468065589666367
LowerLegAlpha=-0.103529758751392
LowerLegTheta=-0.461718916893005

[RightLeg]
ThighAlpha=0.0321299284696579
ThighTheta=0.534705460071564
LowerLegAlpha=0.0606898665428162
LowerLegTheta=0.391905784606934
