[%General]
Highest=149
CenterX=38.4987111214016
CenterY=99.0244037971753
XWidth=51

[LeftLeg]
ThighAlpha=-0.0428398996591568
ThighTheta=-0.176119565963745
LowerLegAlpha=-0.157079637050629
LowerLegTheta=-0.182466238737106

[RightLeg]
ThighAlpha=0.103529766201973
ThighTheta=0.534705460071564
LowerLegAlpha=-0.0107099711894989
LowerLegTheta=-0.461718916893005
