[%General]
Highest=146
CenterX=38.8216989766204
CenterY=49.9200765454697
XWidth=50

[LeftLeg]
ThighAlpha=-0.0785398185253143
ThighTheta=0.567798733711243
LowerLegAlpha=-0.0678298398852348
LowerLegTheta=0.408679097890854

[RightLeg]
ThighAlpha=0.13922968506813
ThighTheta=-0.544678747653961
LowerLegAlpha=0.0999597758054733
LowerLegTheta=-0.342039197683334
