[%General]
Highest=145
CenterX=38.7281086033147
CenterY=54.2486049804281
XWidth=53

[LeftLeg]
ThighAlpha=-0.117809727787971
ThighTheta=0.59771865606308
LowerLegAlpha=-0.0678298398852348
LowerLegTheta=0.288999378681183

[RightLeg]
ThighAlpha=0.13922968506813
ThighTheta=-0.544678747653961
LowerLegAlpha=0.13922968506813
LowerLegTheta=-0.454918920993805
