[%General]
Highest=144
CenterX=35.2011417058429
CenterY=199.653016860486
XWidth=51

[LeftLeg]
ThighAlpha=-0.0392699092626572
ThighTheta=0.627638638019562
LowerLegAlpha=-0.121379718184471
LowerLegTheta=0.288999378681183

[RightLeg]
ThighAlpha=0.103529766201973
ThighTheta=-0.52155876159668
LowerLegAlpha=0.021419957280159
LowerLegTheta=-0.418199002742767
