[%General]
Highest=148
CenterX=36.9390026440386
CenterY=172.158503966058
XWidth=52

[LeftLeg]
ThighAlpha=-0.0285599306225777
ThighTheta=0.537878811359406
LowerLegAlpha=0.00356999784708023
LowerLegTheta=-0.112653076648712

[RightLeg]
ThighAlpha=0.121379725635052
ThighTheta=-0.318919241428375
LowerLegAlpha=-0.0428398996591568
LowerLegTheta=0.030146598815918
