[%General]
Highest=145
CenterX=36.3186488778706
CenterY=186.156445720251
XWidth=51

[LeftLeg]
ThighAlpha=-0.0999597683548927
ThighTheta=0.607692003250122
LowerLegAlpha=-0.0785398185253143
LowerLegTheta=0.458545625209808

[RightLeg]
ThighAlpha=0.121379725635052
ThighTheta=-0.534705400466919
LowerLegAlpha=-0.0142799615859985
LowerLegTheta=-0.106306403875351
