[%General]
Highest=142
CenterX=30.0034614336331
CenterY=306.45426546743
XWidth=39

[LeftLeg]
ThighAlpha=-0.0785398185253143
ThighTheta=0.391905784606934
LowerLegAlpha=-0.13922968506813
LowerLegTheta=-0.531532108783722

[RightLeg]
ThighAlpha=0.13922968506813
ThighTheta=0.106306441128254
LowerLegAlpha=0.0499798879027367
LowerLegTheta=-0.249106079339981
