[%General]
Highest=147
CenterX=39.5248287818191
CenterY=148.063492335948
XWidth=47

[LeftLeg]
ThighAlpha=-0.024989940226078
ThighTheta=-0.0396665707230568
LowerLegAlpha=0.00356999784708023
LowerLegTheta=-1.09955739974976

[RightLeg]
ThighAlpha=0.103529766201973
ThighTheta=0.31891930103302
LowerLegAlpha=0.0107099786400795
LowerLegTheta=0.0396666079759598
