[%General]
Highest=145
CenterX=39.1863248166758
CenterY=134.516840965182
XWidth=46

[LeftLeg]
ThighAlpha=-0.0428398996591568
ThighTheta=-0.461718916893005
LowerLegAlpha=0.00356999784708023
LowerLegTheta=-0.607691943645477

[RightLeg]
ThighAlpha=0.0856798067688942
ThighTheta=0.60451865196228
LowerLegAlpha=-0.0107099711894989
LowerLegTheta=0.0396666079759598
