[%General]
Highest=146
CenterX=38.6193513496318
CenterY=45.741382875503
XWidth=49

[LeftLeg]
ThighAlpha=-0.0999597683548927
ThighTheta=0.544678807258606
LowerLegAlpha=0.00713998824357986
LowerLegTheta=0.401879131793976

[RightLeg]
ThighAlpha=0.13922968506813
ThighTheta=-0.514758765697479
LowerLegAlpha=0.0999597758054733
LowerLegTheta=-0.318919241428375
