[%General]
Highest=141
CenterX=30.0702701526003
CenterY=276.023728149422
XWidth=44

[LeftLeg]
ThighAlpha=-0.117809727787971
ThighTheta=-0.392699092626572
LowerLegAlpha=-0.0785398185253143
LowerLegTheta=-0.549778699874878

[RightLeg]
ThighAlpha=0
ThighTheta=0.471238911151886
LowerLegAlpha=0.157079637050629
LowerLegTheta=0.392699092626572
