[%General]
Highest=142
CenterX=30.2118716827974
CenterY=261.978379644084
XWidth=47

[LeftLeg]
ThighAlpha=-0.157079637050629
ThighTheta=-0.544678747653961
LowerLegAlpha=-0.0856797993183136
LowerLegTheta=-0.169319570064545

[RightLeg]
ThighAlpha=-0.0392699092626572
ThighTheta=0.59771865606308
LowerLegAlpha=0.0999597758054733
LowerLegTheta=0.60451865196228
