[%General]
Highest=146
CenterX=38.3146176337227
CenterY=63.8622042935097
XWidth=55

[LeftLeg]
ThighAlpha=-0.117809727787971
ThighTheta=0.567798733711243
LowerLegAlpha=-0.103529758751392
LowerLegTheta=0.0632398948073387

[RightLeg]
ThighAlpha=0.13922968506813
ThighTheta=-0.454918920993805
LowerLegAlpha=0.0999597758054733
LowerLegTheta=-0.657558441162109
