[%General]
Highest=145
CenterX=38.7281086033147
CenterY=54.2486049804281
XWidth=53

[LeftLeg]
ThighAlpha=-0.0999597683548927
ThighTheta=0.607692003250122
LowerLegAlpha=-0.103529758751392
LowerLegTheta=0.249106109142303

[RightLeg]
ThighAlpha=0.13922968506813
ThighTheta=-0.534705400466919
LowerLegAlpha=0.121379725635052
LowerLegTheta=-0.464892268180847
