[%General]
Highest=146
CenterX=38.8216989766204
CenterY=49.9200765454697
XWidth=50

[LeftLeg]
ThighAlpha=-0.117809727787971
ThighTheta=0.549778699874878
LowerLegAlpha=-0.0392699092626572
LowerLegTheta=0.392699092626572

[RightLeg]
ThighAlpha=0.196349546313286
ThighTheta=-0.549778699874878
LowerLegAlpha=0.117809727787971
LowerLegTheta=-0.392699092626572
