[%General]
Highest=146
CenterX=30.7120573112254
CenterY=244.639898318794
XWidth=50

[LeftLeg]
ThighAlpha=-0.157079637050629
ThighTheta=-0.235619455575943
LowerLegAlpha=-0.117809727787971
LowerLegTheta=0

[RightLeg]
ThighAlpha=-0.0392699092626572
ThighTheta=0.471238911151886
LowerLegAlpha=0
LowerLegTheta=0.0785398185253143
