[%General]
Highest=149
CenterX=38.1809456967046
CenterY=155.95346597679
XWidth=50

[LeftLeg]
ThighAlpha=-0.0981747731566429
ThighTheta=0.117809727787971
LowerLegAlpha=0.0785398185253143
LowerLegTheta=-0.785398185253143

[RightLeg]
ThighAlpha=0.0981747731566429
ThighTheta=0.0785398185253143
LowerLegAlpha=0.0392699092626572
LowerLegTheta=0.0392699092626572
