[%General]
Highest=143
CenterX=29.1003120725034
CenterY=300.238500341997
XWidth=38

[LeftLeg]
ThighAlpha=-0.196349546313286
ThighTheta=0.235619455575943
LowerLegAlpha=-0.157079637050629
LowerLegTheta=-0.235619455575943

[RightLeg]
ThighAlpha=0.196349546313286
ThighTheta=0.235619455575943
LowerLegAlpha=-0.196349546313286
LowerLegTheta=-0.235619455575943
