[%General]
Highest=145
CenterX=39.341065460979
CenterY=139.472684382651
XWidth=47

[LeftLeg]
ThighAlpha=-0.024989940226078
ThighTheta=-0.322092592716217
LowerLegAlpha=-0.0107099711894989
LowerLegTheta=-0.817131459712982

[RightLeg]
ThighAlpha=0.0856798067688942
ThighTheta=0.537878811359406
LowerLegAlpha=0.0142799690365791
LowerLegTheta=0.030146598815918
