[%General]
Highest=147
CenterX=31.8441075737526
CenterY=236.708609013778
XWidth=52

[LeftLeg]
ThighAlpha=-0.157079637050629
ThighTheta=-0.157079637050629
LowerLegAlpha=-0.157079637050629
LowerLegTheta=0.157079637050629

[RightLeg]
ThighAlpha=0.0392699092626572
ThighTheta=0.392699092626572
LowerLegAlpha=0.196349546313286
LowerLegTheta=-0.549778699874878
