[%General]
Highest=146
CenterX=38.9302472522904
CenterY=124.25343775461
XWidth=46

[LeftLeg]
ThighAlpha=-0.0392699092626572
ThighTheta=-0.464892268180847
LowerLegAlpha=-0.0678298398852348
LowerLegTheta=-0.391905754804611

[RightLeg]
ThighAlpha=0.0678298473358154
ThighTheta=0.60451865196228
LowerLegAlpha=0.00713998824357986
LowerLegTheta=0.322092622518539
