[%General]
Highest=148
CenterX=37.9666917180219
CenterY=33.3014279272509
XWidth=46

[LeftLeg]
ThighAlpha=0
ThighTheta=0.471238911151886
LowerLegAlpha=0.117809727787971
LowerLegTheta=-0.235619455575943

[RightLeg]
ThighAlpha=0.117809727787971
ThighTheta=-0.314159274101257
LowerLegAlpha=0.0392699092626572
LowerLegTheta=-0.157079637050629
