[%General]
Highest=147
CenterX=31.82726921184
CenterY=228.619190747381
XWidth=50

[LeftLeg]
ThighAlpha=-0.157079637050629
ThighTheta=0.0364932715892792
LowerLegAlpha=-0.103529758751392
LowerLegTheta=0.103133104741573

[RightLeg]
ThighAlpha=0.13922968506813
ThighTheta=0.18246628344059
LowerLegAlpha=0.121379725635052
LowerLegTheta=-0.112653076648712
