[%General]
Highest=144
CenterX=34.4555351010727
CenterY=204.808846957199
XWidth=52

[LeftLeg]
ThighAlpha=-0.13922968506813
ThighTheta=0.607692003250122
LowerLegAlpha=-0.0321299210190773
LowerLegTheta=0.176119610667229

[RightLeg]
ThighAlpha=0.0678298473358154
ThighTheta=-0.464892268180847
LowerLegAlpha=0.046409897506237
LowerLegTheta=-0.607691943645477
