[%General]
Highest=148
CenterX=38.8146653609779
CenterY=152.105828324441
XWidth=48

[LeftLeg]
ThighAlpha=-0.0642598494887352
ThighTheta=0.103133104741573
LowerLegAlpha=0.00356999784708023
LowerLegTheta=-0.956757783889771

[RightLeg]
ThighAlpha=0.121379725635052
ThighTheta=0.176119610667229
LowerLegAlpha=-0.00356999039649963
LowerLegTheta=0.109479777514935
