[%General]
Highest=145
CenterX=38.7281086033147
CenterY=54.2486049804281
XWidth=53

[LeftLeg]
ThighAlpha=-0.157079637050629
ThighTheta=0.628318548202515
LowerLegAlpha=-0.0785398185253143
LowerLegTheta=0.314159274101257

[RightLeg]
ThighAlpha=0.196349546313286
ThighTheta=-0.549778699874878
LowerLegAlpha=0.117809727787971
LowerLegTheta=-0.471238911151886
