[%General]
Highest=144
CenterX=35.2011417058429
CenterY=199.653016860486
XWidth=51

[LeftLeg]
ThighAlpha=-0.0214199498295784
ThighTheta=0.607692003250122
LowerLegAlpha=-0.157079637050629
LowerLegTheta=0.31891930103302

[RightLeg]
ThighAlpha=0.0856798067688942
ThighTheta=-0.531532108783722
LowerLegAlpha=0.00356999784708023
LowerLegTheta=-0.398252427577972
