[%General]
Highest=144
CenterX=33.8515849632601
CenterY=209.92772709524
XWidth=52

[LeftLeg]
ThighAlpha=-0.082109808921814
ThighTheta=0.607692003250122
LowerLegAlpha=-0.103529758751392
LowerLegTheta=0.030146598815918

[RightLeg]
ThighAlpha=0.0678298473358154
ThighTheta=-0.391905754804611
LowerLegAlpha=0.00356999784708023
LowerLegTheta=-0.677505135536194
