[%General]
Highest=150
CenterX=37.731722229865
CenterY=90.8782348175662
XWidth=50

[LeftLeg]
ThighAlpha=-0.0981747731566429
ThighTheta=-0.0392699092626572
LowerLegAlpha=-0.0981747731566429
LowerLegTheta=-0.0392699092626572

[RightLeg]
ThighAlpha=0.0981747731566429
ThighTheta=0.0785398185253143
LowerLegAlpha=0.0981747731566429
LowerLegTheta=-0.235619455575943
