[%General]
Highest=146
CenterX=31.1076712494213
CenterY=240.616075202802
XWidth=52

[LeftLeg]
ThighAlpha=-0.117809727787971
ThighTheta=-0.179292917251587
LowerLegAlpha=-0.13922968506813
LowerLegTheta=0.0364932715892792

[RightLeg]
ThighAlpha=-0.00356999039649963
ThighTheta=0.534705460071564
LowerLegAlpha=0.021419957280159
LowerLegTheta=-0.398252427577972
