[%General]
Highest=149
CenterX=38.4987111214016
CenterY=99.0244037971753
XWidth=51

[LeftLeg]
ThighAlpha=-0.0606898590922356
ThighTheta=-0.206039488315582
LowerLegAlpha=-0.13922968506813
LowerLegTheta=-0.132599666714668

[RightLeg]
ThighAlpha=0.0856798067688942
ThighTheta=0.514758884906769
LowerLegAlpha=0.0606898665428162
LowerLegTheta=-0.491638839244843
