[%General]
Highest=146
CenterX=32.8065286923801
CenterY=220.100225776105
XWidth=50

[LeftLeg]
ThighAlpha=-0.0785398185253143
ThighTheta=0.252279460430145
LowerLegAlpha=-0.0856797993183136
LowerLegTheta=0.103133104741573

[RightLeg]
ThighAlpha=-0.0107099711894989
ThighTheta=-0.0364932343363762
LowerLegAlpha=0.00713998824357986
LowerLegTheta=-0.959931075572968
