[%General]
Highest=145
CenterX=30.1100943941437
CenterY=248.991966865729
XWidth=50

[LeftLeg]
ThighAlpha=-0.157079637050629
ThighTheta=-0.392699092626572
LowerLegAlpha=-0.117809727787971
LowerLegTheta=0.0785398185253143

[RightLeg]
ThighAlpha=-0.0392699092626572
ThighTheta=0.549778699874878
LowerLegAlpha=0
LowerLegTheta=0.314159274101257
