[%General]
Highest=146
CenterX=32.8065286923801
CenterY=220.100225776105
XWidth=50

[LeftLeg]
ThighAlpha=-0.157079637050629
ThighTheta=0.314159274101257
LowerLegAlpha=-0.0785398185253143
LowerLegTheta=0.0785398185253143

[RightLeg]
ThighAlpha=0.196349546313286
ThighTheta=0.157079637050629
LowerLegAlpha=0.117809727787971
LowerLegTheta=0.314159274101257
