[%General]
Highest=147
CenterX=39.5446827749033
CenterY=143.928517606872
XWidth=48

[LeftLeg]
ThighAlpha=-0.024989940226078
ThighTheta=-0.2522794008255
LowerLegAlpha=0.00713998824357986
LowerLegTheta=-0.886944591999054

[RightLeg]
ThighAlpha=0.121379725635052
ThighTheta=0.391905784606934
LowerLegAlpha=-0.0107099711894989
LowerLegTheta=0.0364932715892792
