[%General]
Highest=148
CenterX=36.7413727116157
CenterY=176.389854564011
XWidth=50

[LeftLeg]
ThighAlpha=-0.0214199498295784
ThighTheta=0.657558560371399
LowerLegAlpha=-0.0142799615859985
LowerLegTheta=-0.0564398318529129

[RightLeg]
ThighAlpha=0.0499798879027367
ThighTheta=-0.335239201784134
LowerLegAlpha=0.0428399071097374
LowerLegTheta=-0.0401198677718639
