[%General]
Highest=149
CenterX=37.3
CenterY=82.5121379759193
XWidth=53

[LeftLeg]
ThighAlpha=-0.0999597683548927
ThighTheta=0.179292947053909
LowerLegAlpha=-0.103529758751392
LowerLegTheta=-0.0396665707230568

[RightLeg]
ThighAlpha=0.121379725635052
ThighTheta=0.103133104741573
LowerLegAlpha=-0.0214199498295784
LowerLegTheta=-1.09955739974976
