[%General]
Highest=148
CenterX=37.9666917180219
CenterY=33.3014279272509
XWidth=46

[LeftLeg]
ThighAlpha=0
ThighTheta=0.431968986988068
LowerLegAlpha=0.0981747731566429
LowerLegTheta=-0.196349546313286

[RightLeg]
ThighAlpha=0.0981747731566429
ThighTheta=-0.353429168462753
LowerLegAlpha=0.0785398185253143
LowerLegTheta=-0.117809727787971
