[%General]
Highest=146
CenterX=30.7120573112254
CenterY=244.639898318794
XWidth=50

[LeftLeg]
ThighAlpha=-0.0999597683548927
ThighTheta=-0.2459327429533
LowerLegAlpha=-0.157079637050629
LowerLegTheta=-0.112653076648712

[RightLeg]
ThighAlpha=-0.0606898590922356
ThighTheta=0.468065619468689
LowerLegAlpha=0.0642598569393158
LowerLegTheta=0.103133104741573
