[%General]
Highest=142
CenterX=30.2118716827974
CenterY=261.978379644084
XWidth=47

[LeftLeg]
ThighAlpha=-0.157079637050629
ThighTheta=-0.549778699874878
LowerLegAlpha=-0.117809727787971
LowerLegTheta=-0.157079637050629

[RightLeg]
ThighAlpha=-0.0392699092626572
ThighTheta=0.549778699874878
LowerLegAlpha=0.117809727787971
LowerLegTheta=0.628318548202515
