[%General]
Highest=148
CenterX=36.7413727116157
CenterY=176.389854564011
XWidth=50

[LeftLeg]
ThighAlpha=-0.117809727787971
ThighTheta=0.628318548202515
LowerLegAlpha=0.117809727787971
LowerLegTheta=0.0785398185253143

[RightLeg]
ThighAlpha=0.0392699092626572
ThighTheta=-0.314159274101257
LowerLegAlpha=0.0785398185253143
LowerLegTheta=-0.0785398185253143
