[%General]
Highest=150
CenterX=37.6418800366443
CenterY=86.7186311196683
XWidth=51

[LeftLeg]
ThighAlpha=-0.117809727787971
ThighTheta=0.0333199352025986
LowerLegAlpha=-0.0321299210190773
LowerLegTheta=-0.0333198979496956

[RightLeg]
ThighAlpha=0.121379725635052
ThighTheta=0.245932787656784
LowerLegAlpha=-0.0999597683548927
LowerLegTheta=-0.956757783889771
