[%General]
Highest=150
CenterX=38.3247681607419
CenterY=29.5245214599929
XWidth=46

[LeftLeg]
ThighAlpha=0.0642598569393158
ThighTheta=0.322092622518539
LowerLegAlpha=-0.0142799615859985
LowerLegTheta=-0.318919241428375

[RightLeg]
ThighAlpha=0.103529766201973
ThighTheta=-0.249106079339981
LowerLegAlpha=0.103529766201973
LowerLegTheta=-0.109479740262032
