[%General]
Highest=141
CenterX=30.3985495857563
CenterY=280.488336065022
XWidth=42

[LeftLeg]
ThighAlpha=-0.0642598494887352
ThighTheta=-0.249106079339981
LowerLegAlpha=-0.0321299210190773
LowerLegTheta=-0.750491619110107

[RightLeg]
ThighAlpha=0.0321299284696579
ThighTheta=0.46171897649765
LowerLegAlpha=0.0999597758054733
LowerLegTheta=0.249106109142303
