[%General]
Highest=148
CenterX=36.9390026440386
CenterY=172.158503966058
XWidth=52

[LeftLeg]
ThighAlpha=-0.0464098900556564
ThighTheta=0.567798733711243
LowerLegAlpha=0.021419957280159
LowerLegTheta=-0.10267972946167

[RightLeg]
ThighAlpha=0.0856798067688942
ThighTheta=-0.288999319076538
LowerLegAlpha=-0.00713998079299927
LowerLegTheta=0.0632398948073387
