[%General]
Highest=149
CenterX=37.3
CenterY=82.5121379759193
XWidth=53

[LeftLeg]
ThighAlpha=-0.117809727787971
ThighTheta=0.169319659471512
LowerLegAlpha=-0.0678298398852348
LowerLegTheta=-0.0197199191898108

[RightLeg]
ThighAlpha=0.121379725635052
ThighTheta=0.0931598246097565
LowerLegAlpha=-0.00356999039649963
LowerLegTheta=-1.06963741779327
