[%General]
Highest=141
CenterX=30.3985495857563
CenterY=280.488336065022
XWidth=42

[LeftLeg]
ThighAlpha=-0.0392699092626572
ThighTheta=-0.235619455575943
LowerLegAlpha=-0.0785398185253143
LowerLegTheta=-0.785398185253143

[RightLeg]
ThighAlpha=0
ThighTheta=0.471238911151886
LowerLegAlpha=0.157079637050629
LowerLegTheta=0.235619455575943
