[%General]
Highest=147
CenterX=38.6874277321166
CenterY=37.6959123722616
XWidth=47

[LeftLeg]
ThighAlpha=-0.0785398185253143
ThighTheta=0.471238911151886
LowerLegAlpha=0.157079637050629
LowerLegTheta=0.0785398185253143

[RightLeg]
ThighAlpha=0.196349546313286
ThighTheta=-0.392699092626572
LowerLegAlpha=0
LowerLegTheta=-0.235619455575943
