[%General]
Highest=144
CenterX=30.4374175078542
CenterY=253.627590950495
XWidth=49

[LeftLeg]
ThighAlpha=-0.157079637050629
ThighTheta=-0.471238911151886
LowerLegAlpha=-0.0785398185253143
LowerLegTheta=0

[RightLeg]
ThighAlpha=-0.0392699092626572
ThighTheta=0.549778699874878
LowerLegAlpha=0
LowerLegTheta=0.549778699874878
