[%General]
Highest=147
CenterX=38.6874277321166
CenterY=37.6959123722616
XWidth=47

[LeftLeg]
ThighAlpha=-0.0214199498295784
ThighTheta=0.534705460071564
LowerLegAlpha=0.00356999784708023
LowerLegTheta=0.0333199352025986

[RightLeg]
ThighAlpha=0.13922968506813
ThighTheta=-0.391905754804611
LowerLegAlpha=0.0499798879027367
LowerLegTheta=-0.249106079339981
