[%General]
Highest=142
CenterX=30.2118716827974
CenterY=261.978379644084
XWidth=47

[LeftLeg]
ThighAlpha=-0.0981747731566429
ThighTheta=-0.510508835315704
LowerLegAlpha=-0.0785398185253143
LowerLegTheta=-0.353429168462753

[RightLeg]
ThighAlpha=0
ThighTheta=0.589048624038696
LowerLegAlpha=0.0392699092626572
LowerLegTheta=0.628318548202515
