[%General]
Highest=142
CenterX=30.0034614336331
CenterY=306.45426546743
XWidth=39

[LeftLeg]
ThighAlpha=-0.196349546313286
ThighTheta=0.157079637050629
LowerLegAlpha=0
LowerLegTheta=-0.314159274101257

[RightLeg]
ThighAlpha=0.157079637050629
ThighTheta=0.0785398185253143
LowerLegAlpha=0
LowerLegTheta=-0.235619455575943
