[%General]
Highest=148
CenterX=37.6722463286956
CenterY=78.497521580012
XWidth=56

[LeftLeg]
ThighAlpha=-0.117809727787971
ThighTheta=0.235619455575943
LowerLegAlpha=-0.117809727787971
LowerLegTheta=0.0785398185253143

[RightLeg]
ThighAlpha=0.196349546313286
ThighTheta=0.0785398185253143
LowerLegAlpha=0.157079637050629
LowerLegTheta=0.314159274101257
