[%General]
Highest=147
CenterX=31.8441075737526
CenterY=236.708609013778
XWidth=52

[LeftLeg]
ThighAlpha=-0.117809727787971
ThighTheta=-0.146199628710747
LowerLegAlpha=-0.157079637050629
LowerLegTheta=0.0931598246097565

[RightLeg]
ThighAlpha=0.0321299284696579
ThighTheta=0.401879131793976
LowerLegAlpha=0.13922968506813
LowerLegTheta=-0.514758765697479
