[%General]
Highest=154
CenterX=23.316766387888
CenterY=274.651730521305
XWidth=46

[LeftLeg]
ThighAlpha=-0.082109808921814
ThighTheta=-0.146199628710747
LowerLegAlpha=0.0249899476766586
LowerLegTheta=0.123079754412174

[RightLeg]
ThighAlpha=0.0678298473358154
ThighTheta=0.438599050045013
LowerLegAlpha=-0.00713998079299927
LowerLegTheta=-0.724198341369629
