[%General]
Highest=132
CenterX=22.2569780341691
CenterY=306.643199467495
XWidth=40

[LeftLeg]
ThighAlpha=-0.0392699092626572
ThighTheta=-0.574598670005798
LowerLegAlpha=-0.0356999114155769
LowerLegTheta=-0.395079076290131

[RightLeg]
ThighAlpha=0.13922968506813
ThighTheta=-0.371959120035172
LowerLegAlpha=0.13922968506813
LowerLegTheta=-0.454918920993805
