[%General]
Highest=153
CenterX=22.6853827898391
CenterY=269.235896985145
XWidth=47

[LeftLeg]
ThighAlpha=-0.0785398185253143
ThighTheta=-0.0265199020504951
LowerLegAlpha=-0.121379718184471
LowerLegTheta=0.199239581823349

[RightLeg]
ThighAlpha=0.0856798067688942
ThighTheta=0.229159519076347
LowerLegAlpha=-0.0142799615859985
LowerLegTheta=-0.597718596458435
