[%General]
Highest=153
CenterX=21.2151397456401
CenterY=254.623892569746
XWidth=44

[LeftLeg]
ThighAlpha=-0.0785398185253143
ThighTheta=0.371959179639816
LowerLegAlpha=-0.0678298398852348
LowerLegTheta=0.109479792416096

[RightLeg]
ThighAlpha=-0.0785398185253143
ThighTheta=-0.0727597996592522
LowerLegAlpha=0.00356999784708023
LowerLegTheta=-0.956757783889771
