[%General]
Highest=155
CenterX=24.8659921733321
CenterY=152.867169355095
XWidth=52

[LeftLeg]
ThighAlpha=-0.0606898590922356
ThighTheta=-0.514758765697479
LowerLegAlpha=-0.0285599306225777
LowerLegTheta=-0.657558441162109

[RightLeg]
ThighAlpha=-0.024989940226078
ThighTheta=0.544678807258606
LowerLegAlpha=0.0999597758054733
LowerLegTheta=0.342039257287979
