[%General]
Highest=159
CenterX=25.0323846388377
CenterY=188.303219905351
XWidth=53

[LeftLeg]
ThighAlpha=-0.082109808921814
ThighTheta=0.169319659471512
LowerLegAlpha=0.021419957280159
LowerLegTheta=-0.634438514709473

[RightLeg]
ThighAlpha=0.0499798879027367
ThighTheta=0.116279773414135
LowerLegAlpha=0.0999597758054733
LowerLegTheta=-0.176119565963745
