[%General]
Highest=159
CenterX=26.2003513223382
CenterY=107.321057382649
XWidth=51

[LeftLeg]
ThighAlpha=-0.0285599306225777
ThighTheta=-0.0265199020504951
LowerLegAlpha=-0.117809727787971
LowerLegTheta=-0.229159444570541

[RightLeg]
ThighAlpha=0.0499798879027367
ThighTheta=0.431799054145813
LowerLegAlpha=0.0107099786400795
LowerLegTheta=-0.860197961330414
