[%General]
Highest=159
CenterX=25.266332888901
CenterY=182.400710184757
XWidth=52

[LeftLeg]
ThighAlpha=-0.0464098900556564
ThighTheta=0.176119640469551
LowerLegAlpha=-0.0285599306225777
LowerLegTheta=-0.956757783889771

[RightLeg]
ThighAlpha=0.0285599380731583
ThighTheta=0.199239581823349
LowerLegAlpha=0.0999597758054733
LowerLegTheta=0.00340002961456776
