[%General]
Highest=152
CenterX=23.0186777864651
CenterY=236.016870819216
XWidth=48

[LeftLeg]
ThighAlpha=-0.0392699092626572
ThighTheta=0.60451865196228
LowerLegAlpha=-0.121379718184471
LowerLegTheta=0.371959179639816

[RightLeg]
ThighAlpha=0.0142799690365791
ThighTheta=-0.424998998641968
LowerLegAlpha=0.0821098163723946
LowerLegTheta=-0.627638518810272
