[%General]
Highest=138
CenterX=22.246186362801
CenterY=298.667432457269
XWidth=42

[LeftLeg]
ThighAlpha=-0.0606898590922356
ThighTheta=-0.491638839244843
LowerLegAlpha=0.00356999784708023
LowerLegTheta=-0.275399327278137

[RightLeg]
ThighAlpha=0.13922968506813
ThighTheta=0.926837921142578
LowerLegAlpha=0.00356999784708023
LowerLegTheta=0.328439295291901
