[%General]
Highest=160
CenterX=30.6945998112118
CenterY=31.1143436791164
XWidth=47

[LeftLeg]
ThighAlpha=-0.00356999039649963
ThighTheta=0.312119334936142
LowerLegAlpha=0.00356999784708023
LowerLegTheta=-0.358359158039093

[RightLeg]
ThighAlpha=0.0107099786400795
ThighTheta=-0.169319570064545
LowerLegAlpha=0.0999597758054733
LowerLegTheta=-0.206039488315582
