[%General]
Highest=155
CenterX=24.341320401889
CenterY=164.329355646414
XWidth=50

[LeftLeg]
ThighAlpha=-0.0428398996591568
ThighTheta=-0.365159124135971
LowerLegAlpha=-0.0464098900556564
LowerLegTheta=-0.837078034877777

[RightLeg]
ThighAlpha=-0.00356999039649963
ThighTheta=0.514758884906769
LowerLegAlpha=0.0606898665428162
LowerLegTheta=0.146199703216553
