[%General]
Highest=155
CenterX=25.517522810986
CenterY=147.242598847606
XWidth=52

[LeftLeg]
ThighAlpha=-0.0392699092626572
ThighTheta=-0.514758765697479
LowerLegAlpha=-0.0321299210190773
LowerLegTheta=-0.627638518810272

[RightLeg]
ThighAlpha=-0.00356999039649963
ThighTheta=0.60451865196228
LowerLegAlpha=0.0606898665428162
LowerLegTheta=0.371959179639816
