[%General]
Highest=153
CenterX=23.4325064678131
CenterY=283.840054786182
XWidth=45

[LeftLeg]
ThighAlpha=0.0107099786400795
ThighTheta=-0.222359463572502
LowerLegAlpha=-0.13922968506813
LowerLegTheta=-0.070039801299572

[RightLeg]
ThighAlpha=0.0107099786400795
ThighTheta=0.537878811359406
LowerLegAlpha=0.00356999784708023
LowerLegTheta=-0.132599666714668
