[%General]
Highest=155
CenterX=25.8232169843156
CenterY=141.63135114515
XWidth=52

[LeftLeg]
ThighAlpha=-0.0428398996591568
ThighTheta=-0.514758765697479
LowerLegAlpha=-0.0464098900556564
LowerLegTheta=-0.544678747653961

[RightLeg]
ThighAlpha=0.0142799690365791
ThighTheta=0.59771865606308
LowerLegAlpha=0.0428399071097374
LowerLegTheta=0.498438894748688
