[%General]
Highest=157
CenterX=25.4976304752676
CenterY=173.639272033552
XWidth=52

[LeftLeg]
ThighAlpha=-0.0428398996591568
ThighTheta=-0.259079366922379
LowerLegAlpha=0.00356999784708023
LowerLegTheta=-0.717398345470428

[RightLeg]
ThighAlpha=0.0321299284696579
ThighTheta=0.424999058246613
LowerLegAlpha=0.0821098163723946
LowerLegTheta=-0.0727597996592522
