[%General]
Highest=153
CenterX=22.4306700944877
CenterY=226.612684050616
XWidth=51

[LeftLeg]
ThighAlpha=-0.0785398185253143
ThighTheta=0.574598729610443
LowerLegAlpha=-0.117809727787971
LowerLegTheta=0.507958889007568

[RightLeg]
ThighAlpha=0.0107099786400795
ThighTheta=-0.431798994541168
LowerLegAlpha=0.0606898665428162
LowerLegTheta=-0.484838873147964
