[%General]
Highest=153
CenterX=21.5242855700293
CenterY=259.692441684338
XWidth=43

[LeftLeg]
ThighAlpha=-0.117809727787971
ThighTheta=0.288999378681183
LowerLegAlpha=0.00356999784708023
LowerLegTheta=0.109479792416096

[RightLeg]
ThighAlpha=-0.0285599306225777
ThighTheta=0.00340002961456776
LowerLegAlpha=-0.0642598494887352
LowerLegTheta=-0.890117883682251
