[%General]
Highest=158
CenterX=25.8523830430753
CenterY=127.406471047368
XWidth=52

[LeftLeg]
ThighAlpha=-0.0214199498295784
ThighTheta=-0.431798994541168
LowerLegAlpha=-0.0856797993183136
LowerLegTheta=-0.305319279432297

[RightLeg]
ThighAlpha=-0.00356999039649963
ThighTheta=0.514758884906769
LowerLegAlpha=-0.0142799615859985
LowerLegTheta=0.378759175539017
