[%General]
Highest=156
CenterX=30.6270352300448
CenterY=54.1219294264481
XWidth=47

[LeftLeg]
ThighAlpha=-0.024989940226078
ThighTheta=0.581398725509644
LowerLegAlpha=0.021419957280159
LowerLegTheta=0.371959179639816

[RightLeg]
ThighAlpha=0.103529766201973
ThighTheta=-0.424998998641968
LowerLegAlpha=0.0606898665428162
LowerLegTheta=-0.544678747653961
