[%General]
Highest=157
CenterX=27.0003256637168
CenterY=91.7127787610619
XWidth=50

[LeftLeg]
ThighAlpha=-0.0214199498295784
ThighTheta=0.282199382781982
LowerLegAlpha=-0.0464098900556564
LowerLegTheta=-0.10267972946167

[RightLeg]
ThighAlpha=0.121379725635052
ThighTheta=0.0632398948073387
LowerLegAlpha=-0.117809727787971
LowerLegTheta=-0.94995778799057
