[%General]
Highest=160
CenterX=24.3342557044549
CenterY=198.23801521188
XWidth=53

[LeftLeg]
ThighAlpha=-0.0606898590922356
ThighTheta=0.34883925318718
LowerLegAlpha=-0.0142799615859985
LowerLegTheta=-0.235959425568581

[RightLeg]
ThighAlpha=0.0499798879027367
ThighTheta=-0.0863597691059113
LowerLegAlpha=0.0606898665428162
LowerLegTheta=-0.199239507317543
