[%General]
Highest=157
CenterX=30.5822177937588
CenterY=49.5819434215657
XWidth=45

[LeftLeg]
ThighAlpha=-0.00713998079299927
ThighTheta=0.514758884906769
LowerLegAlpha=0.00713998824357986
LowerLegTheta=0.401879131793976

[RightLeg]
ThighAlpha=0.0856798067688942
ThighTheta=-0.461718916893005
LowerLegAlpha=0.00713998824357986
LowerLegTheta=-0.335239201784134
