[%General]
Highest=159
CenterX=25.9053779966994
CenterY=122.537396540647
XWidth=53

[LeftLeg]
ThighAlpha=-0.0785398185253143
ThighTheta=-0.318919241428375
LowerLegAlpha=-0.0142799615859985
LowerLegTheta=-0.358359158039093

[RightLeg]
ThighAlpha=0.0142799690365791
ThighTheta=0.478038966655731
LowerLegAlpha=0.00713998824357986
LowerLegTheta=0.123079754412174
