[%General]
Highest=155
CenterX=23.4232382692243
CenterY=218.35816502588
XWidth=53

[LeftLeg]
ThighAlpha=-0.0999597683548927
ThighTheta=0.484838932752609
LowerLegAlpha=-0.0499798804521561
LowerLegTheta=0.498438894748688

[RightLeg]
ThighAlpha=0.0678298473358154
ThighTheta=-0.454918920993805
LowerLegAlpha=0.021419957280159
LowerLegTheta=-0.24275940656662
