[%General]
Highest=153
CenterX=23.6254902679521
CenterY=280.030845643488
XWidth=46

[LeftLeg]
ThighAlpha=-0.024989940226078
ThighTheta=-0.169319570064545
LowerLegAlpha=-0.0856797993183136
LowerLegTheta=-0.00339995324611664

[RightLeg]
ThighAlpha=0.0321299284696579
ThighTheta=0.514758884906769
LowerLegAlpha=-0.0214199498295784
LowerLegTheta=-0.335239201784134
