[%General]
Highest=159
CenterX=26.1465612765014
CenterY=112.431016227131
XWidth=52

[LeftLeg]
ThighAlpha=-0.0464098900556564
ThighTheta=-0.146199628710747
LowerLegAlpha=-0.0999597683548927
LowerLegTheta=-0.288999319076538

[RightLeg]
ThighAlpha=0.0285599380731583
ThighTheta=0.454919010400772
LowerLegAlpha=0.021419957280159
LowerLegTheta=-0.501158833503723
