[%General]
Highest=152
CenterX=23.0501634560331
CenterY=241.58112775428
XWidth=47

[LeftLeg]
ThighAlpha=-0.0785398185253143
ThighTheta=0.59771865606308
LowerLegAlpha=-0.0285599306225777
LowerLegTheta=0.235959500074387

[RightLeg]
ThighAlpha=0.0142799690365791
ThighTheta=-0.371959120035172
LowerLegAlpha=0.0606898665428162
LowerLegTheta=-0.717398345470428
