[%General]
Highest=160
CenterX=39.6896461528804
CenterY=52.4807696331792
XWidth=57

[LeftLeg]
ThighAlpha=0
ThighTheta=0.314159274101257
LowerLegAlpha=0
LowerLegTheta=0.196349546313286

[RightLeg]
ThighAlpha=0.0392699092626572
ThighTheta=-0.314159274101257
LowerLegAlpha=0.0981747731566429
LowerLegTheta=-0.196349546313286
