[%General]
Highest=161
CenterX=39.8156420002254
CenterY=49.1701994693112
XWidth=57

[LeftLeg]
ThighAlpha=0.0392699092626572
ThighTheta=0.314159274101257
LowerLegAlpha=-0.0392699092626572
LowerLegTheta=-0.0785398185253143

[RightLeg]
ThighAlpha=0.0981747731566429
ThighTheta=-0.274889349937439
LowerLegAlpha=0.0589048638939857
LowerLegTheta=-0.157079637050629
