[%General]
Highest=159
CenterX=37.3879233866382
CenterY=190.784695525579
XWidth=62

[LeftLeg]
ThighAlpha=-0.0981747731566429
ThighTheta=0.431968986988068
LowerLegAlpha=0.0392699092626572
LowerLegTheta=0.274889349937439

[RightLeg]
ThighAlpha=0.0981747731566429
ThighTheta=-0.274889349937439
LowerLegAlpha=0.0785398185253143
LowerLegTheta=-0.157079637050629
