[%General]
Highest=160
CenterX=36.8978159972239
CenterY=183.404571874729
XWidth=62

[LeftLeg]
ThighAlpha=-0.0981747731566429
ThighTheta=0.392699092626572
LowerLegAlpha=0.0981747731566429
LowerLegTheta=-0.0392699092626572

[RightLeg]
ThighAlpha=0.0785398185253143
ThighTheta=-0.157079637050629
LowerLegAlpha=0.0785398185253143
LowerLegTheta=-0.0392699092626572
