[%General]
Highest=161
CenterX=35.9269487702485
CenterY=94.1881589881396
XWidth=57

[LeftLeg]
ThighAlpha=-0.0785398185253143
ThighTheta=0.157079637050629
LowerLegAlpha=-0.0392699092626572
LowerLegTheta=0.117809727787971

[RightLeg]
ThighAlpha=0.0981747731566429
ThighTheta=-0.0785398185253143
LowerLegAlpha=-0.0196349546313286
LowerLegTheta=-0.785398185253143
