[%General]
Highest=158
CenterX=36.0486035153077
CenterY=150.688972156943
XWidth=58

[LeftLeg]
ThighAlpha=-0.0785398185253143
ThighTheta=-0.392699092626572
LowerLegAlpha=0.0589048638939857
LowerLegTheta=-0.589048624038696

[RightLeg]
ThighAlpha=0.0785398185253143
ThighTheta=0.471238911151886
LowerLegAlpha=0
LowerLegTheta=0.157079637050629
