[%General]
Highest=176
CenterX=41.3924223232764
CenterY=108.76307647584
XWidth=62

[LeftLeg]
ThighAlpha=0.0392699092626572
ThighTheta=-0.314159274101257
LowerLegAlpha=-0.0589048638939857
LowerLegTheta=-0.746128261089325

[RightLeg]
ThighAlpha=0.0981747731566429
ThighTheta=0.235619455575943
LowerLegAlpha=0.0785398185253143
LowerLegTheta=0.196349546313286
