[%General]
Highest=175
CenterX=41.6092498301642
CenterY=77.5267802492719
XWidth=61

[LeftLeg]
ThighAlpha=0.0196349546313286
ThighTheta=-0.431968986988068
LowerLegAlpha=-0.0981747731566429
LowerLegTheta=-0.392699092626572

[RightLeg]
ThighAlpha=0.0392699092626572
ThighTheta=0.431968986988068
LowerLegAlpha=0.0589048638939857
LowerLegTheta=0.549778699874878
