[%General]
Highest=172
CenterX=39.3011099037566
CenterY=17.7933386370692
XWidth=51

[LeftLeg]
ThighAlpha=-0.0785398185253143
ThighTheta=0.314159274101257
LowerLegAlpha=-0.0785398185253143
LowerLegTheta=0.196349546313286

[RightLeg]
ThighAlpha=0.0981747731566429
ThighTheta=0.157079637050629
LowerLegAlpha=0.0981747731566429
LowerLegTheta=0.392699092626572
