[%General]
Highest=162
CenterX=38.26134991089
CenterY=286.153607054471
XWidth=54

[LeftLeg]
ThighAlpha=-0.0981747731566429
ThighTheta=-0.0785398185253143
LowerLegAlpha=0
LowerLegTheta=0

[RightLeg]
ThighAlpha=0.0392699092626572
ThighTheta=0.0392699092626572
LowerLegAlpha=0.0981747731566429
LowerLegTheta=0.0785398185253143
