[%General]
Highest=161
CenterX=38.021792396471
CenterY=289.765002294392
XWidth=53

[LeftLeg]
ThighAlpha=-0.0785398185253143
ThighTheta=0.0392699092626572
LowerLegAlpha=-0.0981747731566429
LowerLegTheta=0

[RightLeg]
ThighAlpha=0
ThighTheta=0.0785398185253143
LowerLegAlpha=0.0981747731566429
LowerLegTheta=-0.196349546313286
