[%General]
Highest=175
CenterX=40.7413036018181
CenterY=30.5595389000553
XWidth=54

[LeftLeg]
ThighAlpha=-0.0589048638939857
ThighTheta=0.314159274101257
LowerLegAlpha=-0.0981747731566429
LowerLegTheta=-0.117809727787971

[RightLeg]
ThighAlpha=0.0981747731566429
ThighTheta=0.274889349937439
LowerLegAlpha=0.0981747731566429
LowerLegTheta=0
