[%General]
Highest=175
CenterX=36.9604337413914
CenterY=187.84799714409
XWidth=60

[LeftLeg]
ThighAlpha=-0.0785398185253143
ThighTheta=0.392699092626572
LowerLegAlpha=-0.0981747731566429
LowerLegTheta=0.0392699092626572

[RightLeg]
ThighAlpha=0
ThighTheta=-0.235619455575943
LowerLegAlpha=0.0196349546313286
LowerLegTheta=-0.746128261089325
