[%General]
Highest=171
CenterX=37.6012762689153
CenterY=243.844298460633
XWidth=56

[LeftLeg]
ThighAlpha=-0.0785398185253143
ThighTheta=-0.431968986988068
LowerLegAlpha=-0.0196349546313286
LowerLegTheta=-0.353429168462753

[RightLeg]
ThighAlpha=0.0785398185253143
ThighTheta=0.628318548202515
LowerLegAlpha=-0.0196349546313286
LowerLegTheta=0.353429168462753
