[%General]
Highest=150
CenterX=33.7444167071557
CenterY=293.052088394458
XWidth=46

[LeftLeg]
ThighAlpha=-0.0785398185253143
ThighTheta=-0.392699092626572
LowerLegAlpha=-0.0981747731566429
LowerLegTheta=-0.314159274101257

[RightLeg]
ThighAlpha=0.0981747731566429
ThighTheta=-0.314159274101257
LowerLegAlpha=0.0981747731566429
LowerLegTheta=-0.157079637050629
