[%General]
Highest=167
CenterX=44.5467489379415
CenterY=41.631505490873
XWidth=50

[LeftLeg]
ThighAlpha=0.0785398185253143
ThighTheta=-0.0785398185253143
LowerLegAlpha=0.0785398185253143
LowerLegTheta=-0.785398185253143

[RightLeg]
ThighAlpha=0.0785398185253143
ThighTheta=0.157079637050629
LowerLegAlpha=0.0589048638939857
LowerLegTheta=-0.0785398185253143
