[%General]
Highest=165
CenterX=42.9063964298996
CenterY=13.2977314986984
XWidth=46

[LeftLeg]
ThighAlpha=-0.0785398185253143
ThighTheta=0.157079637050629
LowerLegAlpha=-0.0981747731566429
LowerLegTheta=0.314159274101257

[RightLeg]
ThighAlpha=0.0392699092626572
ThighTheta=0.157079637050629
LowerLegAlpha=0
LowerLegTheta=0.314159274101257
