[%General]
Highest=163
CenterX=43.9463368382322
CenterY=21.3122992230729
XWidth=50

[LeftLeg]
ThighAlpha=-0.0981747731566429
ThighTheta=0.392699092626572
LowerLegAlpha=-0.0785398185253143
LowerLegTheta=0.0785398185253143

[RightLeg]
ThighAlpha=0.0981747731566429
ThighTheta=0.314159274101257
LowerLegAlpha=-0.0196349546313286
LowerLegTheta=0.235619455575943
