[%General]
Highest=155
CenterX=33.8595926943591
CenterY=287.063584936156
XWidth=47

[LeftLeg]
ThighAlpha=-0.0785398185253143
ThighTheta=-0.314159274101257
LowerLegAlpha=-0.0981747731566429
LowerLegTheta=-0.0785398185253143

[RightLeg]
ThighAlpha=0.0196349546313286
ThighTheta=0.706858336925507
LowerLegAlpha=0.0196349546313286
LowerLegTheta=0
