[%General]
Highest=169
CenterX=40.8847409826332
CenterY=120.079733808322
XWidth=57

[LeftLeg]
ThighAlpha=-0.0981747731566429
ThighTheta=0
LowerLegAlpha=-0.0589048638939857
LowerLegTheta=0

[RightLeg]
ThighAlpha=0.0785398185253143
ThighTheta=-0.235619455575943
LowerLegAlpha=0.0785398185253143
LowerLegTheta=0.0785398185253143
