[%General]
Highest=163
CenterX=42.4994346419837
CenterY=220.30364984617
XWidth=55

[LeftLeg]
ThighAlpha=-0.0785398185253143
ThighTheta=0.392699092626572
LowerLegAlpha=0
LowerLegTheta=0.549778699874878

[RightLeg]
ThighAlpha=0.0981747731566429
ThighTheta=-0.392699092626572
LowerLegAlpha=0.0785398185253143
LowerLegTheta=-0.235619455575943
