[%General]
Highest=161
CenterX=38.4445097271184
CenterY=249.19362841102
XWidth=50

[LeftLeg]
ThighAlpha=-0.0785398185253143
ThighTheta=0.392699092626572
LowerLegAlpha=0
LowerLegTheta=0.157079637050629

[RightLeg]
ThighAlpha=0
ThighTheta=-0.314159274101257
LowerLegAlpha=0
LowerLegTheta=-0.706858336925507
