[%General]
Highest=169
CenterX=38.1203942831645
CenterY=182.15394080344
XWidth=61

[LeftLeg]
ThighAlpha=-0.0981747731566429
ThighTheta=-0.392699092626572
LowerLegAlpha=0.0392699092626572
LowerLegTheta=-0.589048624038696

[RightLeg]
ThighAlpha=0.0392699092626572
ThighTheta=0.589048624038696
LowerLegAlpha=0.0196349546313286
LowerLegTheta=0.196349546313286
