[%General]
Highest=167
CenterX=40.0442955783606
CenterY=244.584299379197
XWidth=57

[LeftLeg]
ThighAlpha=-0.0196349546313286
ThighTheta=0.589048624038696
LowerLegAlpha=0
LowerLegTheta=0.549778699874878

[RightLeg]
ThighAlpha=0.0392699092626572
ThighTheta=-0.353429168462753
LowerLegAlpha=0.0981747731566429
LowerLegTheta=-0.392699092626572
