[%General]
Highest=172
CenterX=40.9935411880538
CenterY=218.843281916639
XWidth=57

[LeftLeg]
ThighAlpha=0
ThighTheta=0.431968986988068
LowerLegAlpha=0.0785398185253143
LowerLegTheta=-0.510508835315704

[RightLeg]
ThighAlpha=0.0981747731566429
ThighTheta=0.196349546313286
LowerLegAlpha=0.0981747731566429
LowerLegTheta=-0.353429168462753
