[%General]
Highest=170
CenterX=42.836450859811
CenterY=38.757872110238
XWidth=51

[LeftLeg]
ThighAlpha=0
ThighTheta=-0.274889349937439
LowerLegAlpha=0.0785398185253143
LowerLegTheta=-0.785398185253143

[RightLeg]
ThighAlpha=0.0196349546313286
ThighTheta=0.392699092626572
LowerLegAlpha=0.0981747731566429
LowerLegTheta=-0.117809727787971
