[%General]
Highest=172
CenterX=42.9328100309613
CenterY=83.6736211924614
XWidth=58

[LeftLeg]
ThighAlpha=-0.0392699092626572
ThighTheta=0.589048624038696
LowerLegAlpha=0.0589048638939857
LowerLegTheta=0.314159274101257

[RightLeg]
ThighAlpha=0.0785398185253143
ThighTheta=-0.471238911151886
LowerLegAlpha=0.0392699092626572
LowerLegTheta=-0.235619455575943
