[%General]
Highest=174
CenterX=43.7437670956459
CenterY=56.8394354513251
XWidth=55

[LeftLeg]
ThighAlpha=-0.0392699092626572
ThighTheta=0.353429168462753
LowerLegAlpha=0.0785398185253143
LowerLegTheta=-0.785398185253143

[RightLeg]
ThighAlpha=0.0981747731566429
ThighTheta=0.0392699092626572
LowerLegAlpha=0.0981747731566429
LowerLegTheta=-0.196349546313286
