[%General]
Highest=175
CenterX=36.871691407346
CenterY=128.459521932579
XWidth=59

[LeftLeg]
ThighAlpha=-0.0981747731566429
ThighTheta=0.235619455575943
LowerLegAlpha=-0.0785398185253143
LowerLegTheta=-0.0392699092626572

[RightLeg]
ThighAlpha=0.0981747731566429
ThighTheta=0.196349546313286
LowerLegAlpha=-0.0785398185253143
LowerLegTheta=-0.785398185253143
