[%General]
Highest=169
CenterX=40.862869973464
CenterY=96.8331496223719
XWidth=60

[LeftLeg]
ThighAlpha=-0.0981747731566429
ThighTheta=0.667588412761688
LowerLegAlpha=-0.0196349546313286
LowerLegTheta=0.196349546313286

[RightLeg]
ThighAlpha=0.0981747731566429
ThighTheta=-0.510508835315704
LowerLegAlpha=0.0981747731566429
LowerLegTheta=-0.471238911151886
