[%General]
Highest=169
CenterX=42.518558999694
CenterY=30.7535667963684
XWidth=50

[LeftLeg]
ThighAlpha=0.0981747731566429
ThighTheta=-0.746128261089325
LowerLegAlpha=-0.0785398185253143
LowerLegTheta=-0.0392699092626572

[RightLeg]
ThighAlpha=0.0392699092626572
ThighTheta=0.510508835315704
LowerLegAlpha=0.0785398185253143
LowerLegTheta=-0.117809727787971
