[%General]
Highest=165
CenterX=36.9935510713543
CenterY=269.463265376881
XWidth=51

[LeftLeg]
ThighAlpha=-0.0981747731566429
ThighTheta=0.549778699874878
LowerLegAlpha=0.0196349546313286
LowerLegTheta=0.117809727787971

[RightLeg]
ThighAlpha=0.0785398185253143
ThighTheta=-0.274889349937439
LowerLegAlpha=-0.0392699092626572
LowerLegTheta=-0.785398185253143
