[%General]
Highest=165
CenterX=37.4915557524839
CenterY=264.009594573868
XWidth=53

[LeftLeg]
ThighAlpha=-0.0981747731566429
ThighTheta=0.589048624038696
LowerLegAlpha=-0.0196349546313286
LowerLegTheta=0.196349546313286

[RightLeg]
ThighAlpha=0.0785398185253143
ThighTheta=-0.392699092626572
LowerLegAlpha=0.0981747731566429
LowerLegTheta=-0.628318548202515
