[%General]
Highest=165
CenterX=34.8791314796324
CenterY=278.807341467955
XWidth=49

[LeftLeg]
ThighAlpha=-0.0981747731566429
ThighTheta=0.353429168462753
LowerLegAlpha=-0.0589048638939857
LowerLegTheta=0.117809727787971

[RightLeg]
ThighAlpha=0.0981747731566429
ThighTheta=0.431968986988068
LowerLegAlpha=0.0981747731566429
LowerLegTheta=0.0785398185253143
