[%General]
Highest=170
CenterX=41.0241108910891
CenterY=231.177314851485
XWidth=58

[LeftLeg]
ThighAlpha=0.0392699092626572
ThighTheta=0.706858336925507
LowerLegAlpha=0.0392699092626572
LowerLegTheta=0

[RightLeg]
ThighAlpha=0.0981747731566429
ThighTheta=-0.196349546313286
LowerLegAlpha=0.0392699092626572
LowerLegTheta=-0.235619455575943
