[%General]
Highest=169
CenterX=38.2030429317986
CenterY=173.246146722233
XWidth=60

[LeftLeg]
ThighAlpha=-0.0785398185253143
ThighTheta=-0.549778699874878
LowerLegAlpha=0.0589048638939857
LowerLegTheta=-0.196349546313286

[RightLeg]
ThighAlpha=0.0196349546313286
ThighTheta=0.549778699874878
LowerLegAlpha=-0.0392699092626572
LowerLegTheta=0.431968986988068
