[%General]
Highest=163
CenterX=34.9438667593592
CenterY=173.122797935125
XWidth=61

[LeftLeg]
ThighAlpha=-0.0981747731566429
ThighTheta=0.314159274101257
LowerLegAlpha=-0.0392699092626572
LowerLegTheta=0.0785398185253143

[RightLeg]
ThighAlpha=0.0392699092626572
ThighTheta=-0.274889349937439
LowerLegAlpha=-0.0981747731566429
LowerLegTheta=-0.785398185253143
