[%General]
Highest=162
CenterX=31.748498190366
CenterY=256.976157606059
XWidth=53

[LeftLeg]
ThighAlpha=0
ThighTheta=0.0392699092626572
LowerLegAlpha=0
LowerLegTheta=-0.785398185253143

[RightLeg]
ThighAlpha=0.0981747731566429
ThighTheta=0.314159274101257
LowerLegAlpha=0.0392699092626572
LowerLegTheta=-0.274889349937439
