[%General]
Highest=164
CenterX=47.0507139857203
CenterY=105.539413586728
XWidth=57

[LeftLeg]
ThighAlpha=0.0196349546313286
ThighTheta=-0.0392699092626572
LowerLegAlpha=-0.0392699092626572
LowerLegTheta=-0.785398185253143

[RightLeg]
ThighAlpha=0.0981747731566429
ThighTheta=0.235619455575943
LowerLegAlpha=0.0589048638939857
LowerLegTheta=-0.157079637050629
