[%General]
Highest=162
CenterX=48.3942013219662
CenterY=61.8016932518239
XWidth=56

[LeftLeg]
ThighAlpha=-0.0785398185253143
ThighTheta=-0.392699092626572
LowerLegAlpha=-0.0981747731566429
LowerLegTheta=-0.196349546313286

[RightLeg]
ThighAlpha=0.0589048638939857
ThighTheta=0.431968986988068
LowerLegAlpha=-0.0981747731566429
LowerLegTheta=0.235619455575943
