[%General]
Highest=160
CenterX=32.7157968970381
CenterY=274.010930888575
XWidth=51

[LeftLeg]
ThighAlpha=-0.0589048638939857
ThighTheta=0.471238911151886
LowerLegAlpha=0.0785398185253143
LowerLegTheta=-0.235619455575943

[RightLeg]
ThighAlpha=0.0981747731566429
ThighTheta=-0.196349546313286
LowerLegAlpha=0.0589048638939857
LowerLegTheta=-0.0785398185253143
