[%General]
Highest=161
CenterX=39.3620805369127
CenterY=71.9535123042506
XWidth=61

[LeftLeg]
ThighAlpha=-0.0606898590922356
ThighTheta=0.179292947053909
LowerLegAlpha=-0.0499798804521561
LowerLegTheta=0.0333199352025986

[RightLeg]
ThighAlpha=0.103529766201973
ThighTheta=0.172946274280548
LowerLegAlpha=0.0249899476766586
LowerLegTheta=-0.956757783889771
