[%General]
Highest=158
CenterX=40.2720361753719
CenterY=58.3230486925749
XWidth=61

[LeftLeg]
ThighAlpha=-0.117809727787971
ThighTheta=0.431799054145813
LowerLegAlpha=0.021419957280159
LowerLegTheta=0.109479792416096

[RightLeg]
ThighAlpha=0.13922968506813
ThighTheta=-0.282199323177338
LowerLegAlpha=0.0428399071097374
LowerLegTheta=-0.896917939186096
