[%General]
Highest=157
CenterX=40.5350237186759
CenterY=48.0656001856244
XWidth=57

[LeftLeg]
ThighAlpha=-0.117809727787971
ThighTheta=0.484838932752609
LowerLegAlpha=0.021419957280159
LowerLegTheta=0.288999378681183

[RightLeg]
ThighAlpha=0.103529766201973
ThighTheta=-0.401879042387009
LowerLegAlpha=0.0428399071097374
LowerLegTheta=-0.747318267822266
