[%General]
Highest=155
CenterX=39.6074065323962
CenterY=123.267187407714
XWidth=60

[LeftLeg]
ThighAlpha=-0.00713998079299927
ThighTheta=-0.514758765697479
LowerLegAlpha=0.00356999784708023
LowerLegTheta=-0.537878751754761

[RightLeg]
ThighAlpha=0.0142799690365791
ThighTheta=0.567798733711243
LowerLegAlpha=-0.0321299210190773
LowerLegTheta=0.46171897649765
