[%General]
Highest=160
CenterX=41.2689276331502
CenterY=17.5235251970385
XWidth=52

[LeftLeg]
ThighAlpha=-0.0214199498295784
ThighTheta=0.31891930103302
LowerLegAlpha=0.00356999784708023
LowerLegTheta=-0.0999597311019897

[RightLeg]
ThighAlpha=0.046409897506237
ThighTheta=-0.388732433319092
LowerLegAlpha=-0.0999597683548927
LowerLegTheta=0.030146598815918
