[%General]
Highest=148
CenterX=34.7873030203546
CenterY=290.159738181221
XWidth=50

[LeftLeg]
ThighAlpha=-0.0785398185253143
ThighTheta=-0.353429168462753
LowerLegAlpha=-0.0196349546313286
LowerLegTheta=-0.746128261089325

[RightLeg]
ThighAlpha=-0.0196349546313286
ThighTheta=0.746128261089325
LowerLegAlpha=0.0196349546313286
LowerLegTheta=-0.157079637050629
