[%General]
Highest=160
CenterX=40.4110750780151
CenterY=168.732900936181
XWidth=60

[LeftLeg]
ThighAlpha=-0.0428398996591568
ThighTheta=0.395079135894775
LowerLegAlpha=0.0606898665428162
LowerLegTheta=-0.10267972946167

[RightLeg]
ThighAlpha=0.0142799690365791
ThighTheta=-0.199239507317543
LowerLegAlpha=0.00356999784708023
LowerLegTheta=0.0863598436117172
