[%General]
Highest=161
CenterX=40.9390475684153
CenterY=13.8388867475644
XWidth=52

[LeftLeg]
ThighAlpha=-0.0392699092626572
ThighTheta=0.235619455575943
LowerLegAlpha=0.0589048638939857
LowerLegTheta=-0.314159274101257

[RightLeg]
ThighAlpha=-0.0392699092626572
ThighTheta=-0.235619455575943
LowerLegAlpha=0
LowerLegTheta=0
