[%General]
Highest=158
CenterX=40.2980276212926
CenterY=53.0992981474823
XWidth=58

[LeftLeg]
ThighAlpha=-0.117809727787971
ThighTheta=0.49163892865181
LowerLegAlpha=0.00356999784708023
LowerLegTheta=0.185639619827271

[RightLeg]
ThighAlpha=0.103529766201973
ThighTheta=-0.335239201784134
LowerLegAlpha=0.0428399071097374
LowerLegTheta=-0.837078034877777
