[%General]
Highest=160
CenterX=41.2689276331502
CenterY=17.5235251970385
XWidth=52

[LeftLeg]
ThighAlpha=-0.00356999039649963
ThighTheta=0.31891930103302
LowerLegAlpha=-0.0142799615859985
LowerLegTheta=-0.0999597311019897

[RightLeg]
ThighAlpha=0.0642598569393158
ThighTheta=-0.348839163780212
LowerLegAlpha=-0.0999597683548927
LowerLegTheta=0.0102000124752522
