[%General]
Highest=150
CenterX=34.4028350462593
CenterY=284.202022688576
XWidth=51

[LeftLeg]
ThighAlpha=-0.0999597683548927
ThighTheta=-0.401879042387009
LowerLegAlpha=-0.0142799615859985
LowerLegTheta=-0.567798674106598

[RightLeg]
ThighAlpha=-0.0214199498295784
ThighTheta=0.777238249778748
LowerLegAlpha=-0.0107099711894989
LowerLegTheta=0.0428399443626404
