[%General]
Highest=159
CenterX=40.02473061524
CenterY=176.914595053877
XWidth=62

[LeftLeg]
ThighAlpha=-0.0981747731566429
ThighTheta=0.471238911151886
LowerLegAlpha=0.0392699092626572
LowerLegTheta=0.392699092626572

[RightLeg]
ThighAlpha=0.0392699092626572
ThighTheta=-0.353429168462753
LowerLegAlpha=0
LowerLegTheta=0
