[%General]
Highest=153
CenterX=33.0993514710535
CenterY=261.359807023094
XWidth=56

[LeftLeg]
ThighAlpha=-0.117809727787971
ThighTheta=-0.454918920993805
LowerLegAlpha=-0.0499798804521561
LowerLegTheta=-0.123079679906368

[RightLeg]
ThighAlpha=-0.0999597683548927
ThighTheta=0.478038966655731
LowerLegAlpha=-0.13922968506813
LowerLegTheta=0.641238570213318
