[%General]
Highest=161
CenterX=39.9904301132437
CenterY=96.5289754904567
XWidth=61

[LeftLeg]
ThighAlpha=-0.0606898590922356
ThighTheta=-0.318919241428375
LowerLegAlpha=0.00356999784708023
LowerLegTheta=-0.10267972946167

[RightLeg]
ThighAlpha=0.0285599380731583
ThighTheta=0.431799054145813
LowerLegAlpha=0.0606898665428162
LowerLegTheta=0.0496399253606796
