[%General]
Highest=156
CenterX=38.6179720075426
CenterY=195.87303800494
XWidth=59

[LeftLeg]
ThighAlpha=-0.0999597683548927
ThighTheta=0.537878811359406
LowerLegAlpha=-0.0285599306225777
LowerLegTheta=0.46171897649765

[RightLeg]
ThighAlpha=0.0499798879027367
ThighTheta=-0.464892268180847
LowerLegAlpha=0.0249899476766586
LowerLegTheta=-0.318919241428375
