[%General]
Highest=157
CenterX=41.3929534077782
CenterY=38.4819920420999
XWidth=57

[LeftLeg]
ThighAlpha=-0.0606898590922356
ThighTheta=0.46489229798317
LowerLegAlpha=0.00356999784708023
LowerLegTheta=0.458545625209808

[RightLeg]
ThighAlpha=0.121379725635052
ThighTheta=-0.531532108783722
LowerLegAlpha=-0.0499798804521561
LowerLegTheta=-0.395079076290131
