[%General]
Highest=159
CenterX=41.1206178365372
CenterY=152.274663010013
XWidth=58

[LeftLeg]
ThighAlpha=-0.0285599306225777
ThighTheta=0.106306441128254
LowerLegAlpha=-0.0107099711894989
LowerLegTheta=-1.09955739974976

[RightLeg]
ThighAlpha=0.0499798879027367
ThighTheta=0.179292947053909
LowerLegAlpha=0.00356999784708023
LowerLegTheta=0.172946274280548
