[%General]
Highest=150
CenterX=34.1379823657391
CenterY=278.917783121493
XWidth=52

[LeftLeg]
ThighAlpha=-0.0981747731566429
ThighTheta=-0.471238911151886
LowerLegAlpha=0
LowerLegTheta=-0.471238911151886

[RightLeg]
ThighAlpha=-0.0981747731566429
ThighTheta=0.628318548202515
LowerLegAlpha=0.0589048638939857
LowerLegTheta=0.431968986988068
