[%General]
Highest=162
CenterX=40.0663886081294
CenterY=81.6260027379384
XWidth=60

[LeftLeg]
ThighAlpha=-0.024989940226078
ThighTheta=-0.106306403875351
LowerLegAlpha=-0.13922968506813
LowerLegTheta=0.103133104741573

[RightLeg]
ThighAlpha=0.0856798067688942
ThighTheta=0.31891930103302
LowerLegAlpha=0.13922968506813
LowerLegTheta=-0.747318267822266
