[%General]
Highest=150
CenterX=33.5072034202774
CenterY=273.77441258892
XWidth=55

[LeftLeg]
ThighAlpha=-0.117809727787971
ThighTheta=-0.461718916893005
LowerLegAlpha=-0.0142799615859985
LowerLegTheta=-0.395079076290131

[RightLeg]
ThighAlpha=-0.0999597683548927
ThighTheta=0.607692003250122
LowerLegAlpha=-0.0107099711894989
LowerLegTheta=0.601345300674438
