[%General]
Highest=156
CenterX=38.908426137126
CenterY=191.618113511338
XWidth=59

[LeftLeg]
ThighAlpha=-0.0785398185253143
ThighTheta=0.471238911151886
LowerLegAlpha=-0.0589048638939857
LowerLegTheta=0.628318548202515

[RightLeg]
ThighAlpha=0.0196349546313286
ThighTheta=-0.471238911151886
LowerLegAlpha=0.0392699092626572
LowerLegTheta=-0.235619455575943
