[%General]
Highest=155
CenterX=39.7264359881497
CenterY=128.981088388414
XWidth=60

[LeftLeg]
ThighAlpha=-0.0428398996591568
ThighTheta=-0.464892268180847
LowerLegAlpha=0.021419957280159
LowerLegTheta=-0.677505135536194

[RightLeg]
ThighAlpha=0.0142799690365791
ThighTheta=0.607692003250122
LowerLegAlpha=-0.0285599306225777
LowerLegTheta=0.245932787656784
