[%General]
Highest=146
CenterX=34.6494326112021
CenterY=295.096870764812
XWidth=48

[LeftLeg]
ThighAlpha=-0.0285599306225777
ThighTheta=-0.2522794008255
LowerLegAlpha=-0.0464098900556564
LowerLegTheta=-0.956757783889771

[RightLeg]
ThighAlpha=0.0107099786400795
ThighTheta=0.74731832742691
LowerLegAlpha=-0.0142799615859985
LowerLegTheta=-0.259079366922379
