[%General]
Highest=155
CenterX=38.3529651241688
CenterY=200.567051160266
XWidth=59

[LeftLeg]
ThighAlpha=-0.0999597683548927
ThighTheta=0.534705460071564
LowerLegAlpha=-0.0464098900556564
LowerLegTheta=0.46171897649765

[RightLeg]
ThighAlpha=0.0821098163723946
ThighTheta=-0.461718916893005
LowerLegAlpha=-0.0142799615859985
LowerLegTheta=-0.395079076290131
