[%General]
Highest=158
CenterX=41.8351142715899
CenterY=25.6749565856688
XWidth=53

[LeftLeg]
ThighAlpha=-0.0606898590922356
ThighTheta=0.46489229798317
LowerLegAlpha=0.00356999784708023
LowerLegTheta=0.172946274280548

[RightLeg]
ThighAlpha=0.121379725635052
ThighTheta=-0.464892268180847
LowerLegAlpha=-0.121379718184471
LowerLegTheta=-0.176119565963745
