[%General]
Highest=156
CenterX=40.9806355829163
CenterY=43.3592208157885
XWidth=58

[LeftLeg]
ThighAlpha=-0.0606898590922356
ThighTheta=0.534705460071564
LowerLegAlpha=0.00713998824357986
LowerLegTheta=0.322092622518539

[RightLeg]
ThighAlpha=0.13922968506813
ThighTheta=-0.464892268180847
LowerLegAlpha=0.0249899476766586
LowerLegTheta=-0.607691943645477
