[%General]
Highest=161
CenterX=40.9390475684153
CenterY=13.8388867475644
XWidth=52

[LeftLeg]
ThighAlpha=-0.0214199498295784
ThighTheta=0.249106109142303
LowerLegAlpha=0.00356999784708023
LowerLegTheta=-0.318919241428375

[RightLeg]
ThighAlpha=-0.00356999039649963
ThighTheta=-0.249106079339981
LowerLegAlpha=-0.00713998079299927
LowerLegTheta=-0.0364932343363762
