[%General]
Highest=158
CenterX=40.2980276212926
CenterY=53.0992981474823
XWidth=58

[LeftLeg]
ThighAlpha=-0.0999597683548927
ThighTheta=0.46171897649765
LowerLegAlpha=0.00356999784708023
LowerLegTheta=0.255452781915665

[RightLeg]
ThighAlpha=0.103529766201973
ThighTheta=-0.325265914201736
LowerLegAlpha=0.0428399071097374
LowerLegTheta=-0.817131459712982
