[%General]
Highest=158
CenterX=34.8161575112108
CenterY=235.126513452915
XWidth=59

[LeftLeg]
ThighAlpha=-0.0981747731566429
ThighTheta=0.0392699092626572
LowerLegAlpha=-0.0785398185253143
LowerLegTheta=0.0785398185253143

[RightLeg]
ThighAlpha=0.0589048638939857
ThighTheta=0.353429168462753
LowerLegAlpha=0.0785398185253143
LowerLegTheta=-0.785398185253143
