[%General]
Highest=152
CenterX=33.400312865296
CenterY=269.57929931926
XWidth=55

[LeftLeg]
ThighAlpha=-0.117809727787971
ThighTheta=-0.514758765697479
LowerLegAlpha=-0.0142799615859985
LowerLegTheta=-0.199239507317543

[RightLeg]
ThighAlpha=-0.0392699092626572
ThighTheta=0.59771865606308
LowerLegAlpha=-0.121379718184471
LowerLegTheta=0.574598729610443
