[%General]
Highest=159
CenterX=41.5646183555743
CenterY=21.4270753385655
XWidth=53

[LeftLeg]
ThighAlpha=-0.00713998079299927
ThighTheta=0.322092622518539
LowerLegAlpha=0.00356999784708023
LowerLegTheta=0.245932787656784

[RightLeg]
ThighAlpha=0.046409897506237
ThighTheta=-0.464892268180847
LowerLegAlpha=-0.0499798804521561
LowerLegTheta=0.0364932715892792
