[%General]
Highest=155
CenterX=39.7264359881497
CenterY=128.981088388414
XWidth=60

[LeftLeg]
ThighAlpha=-0.0428398996591568
ThighTheta=-0.484838873147964
LowerLegAlpha=0.021419957280159
LowerLegTheta=-0.627638518810272

[RightLeg]
ThighAlpha=0.0142799690365791
ThighTheta=0.59771865606308
LowerLegAlpha=-0.0285599306225777
LowerLegTheta=0.295799374580383
