[%General]
Highest=157
CenterX=39.7021273830719
CenterY=181.348880427296
XWidth=59

[LeftLeg]
ThighAlpha=-0.0214199498295784
ThighTheta=0.534705460071564
LowerLegAlpha=-0.0678298398852348
LowerLegTheta=0.531532108783722

[RightLeg]
ThighAlpha=0.0499798879027367
ThighTheta=-0.395079076290131
LowerLegAlpha=-0.0499798804521561
LowerLegTheta=-0.0333198979496956
