[%General]
Highest=161
CenterX=39.1557577156183
CenterY=76.3580459839918
XWidth=60

[LeftLeg]
ThighAlpha=-0.0785398185253143
ThighTheta=-0.0364932343363762
LowerLegAlpha=-0.0142799615859985
LowerLegTheta=0.179292947053909

[RightLeg]
ThighAlpha=0.13922968506813
ThighTheta=0.103133104741573
LowerLegAlpha=-0.024989940226078
LowerLegTheta=-0.67115843296051
