[%General]
Highest=156
CenterX=33.1721015931509
CenterY=252.918690534809
XWidth=59

[LeftLeg]
ThighAlpha=-0.0981747731566429
ThighTheta=-0.314159274101257
LowerLegAlpha=-0.0196349546313286
LowerLegTheta=0.0392699092626572

[RightLeg]
ThighAlpha=-0.0981747731566429
ThighTheta=0.510508835315704
LowerLegAlpha=-0.0196349546313286
LowerLegTheta=0.157079637050629
