[%General]
Highest=152
CenterX=33.400312865296
CenterY=269.57929931926
XWidth=55

[LeftLeg]
ThighAlpha=-0.0999597683548927
ThighTheta=-0.534705400466919
LowerLegAlpha=-0.0499798804521561
LowerLegTheta=-0.179292917251587

[RightLeg]
ThighAlpha=-0.0214199498295784
ThighTheta=0.537878811359406
LowerLegAlpha=-0.13922968506813
LowerLegTheta=0.674331784248352
