[%General]
Highest=157
CenterX=35.3633894310228
CenterY=230.415875023354
XWidth=58

[LeftLeg]
ThighAlpha=-0.0981747731566429
ThighTheta=0.196349546313286
LowerLegAlpha=-0.0392699092626572
LowerLegTheta=0.117809727787971

[RightLeg]
ThighAlpha=0
ThighTheta=0.117809727787971
LowerLegAlpha=0.0785398185253143
LowerLegTheta=-0.785398185253143
