[%General]
Highest=156
CenterX=39.2773151452666
CenterY=113.754090993206
XWidth=61

[LeftLeg]
ThighAlpha=-0.0214199498295784
ThighTheta=-0.534705400466919
LowerLegAlpha=-0.0321299210190773
LowerLegTheta=-0.325265914201736

[RightLeg]
ThighAlpha=0.0142799690365791
ThighTheta=0.534705460071564
LowerLegAlpha=-0.0999597683548927
LowerLegTheta=0.60451865196228
