[%General]
Highest=158
CenterX=35.3666815418084
CenterY=225.77154571317
XWidth=58

[LeftLeg]
ThighAlpha=-0.117809727787971
ThighTheta=0.252279460430145
LowerLegAlpha=0.00356999784708023
LowerLegTheta=0.146199703216553

[RightLeg]
ThighAlpha=-0.00356999039649963
ThighTheta=0.00340002961456776
LowerLegAlpha=0.00356999784708023
LowerLegTheta=-0.860197961330414
