[%General]
Highest=157
CenterX=41.3929534077782
CenterY=38.4819920420999
XWidth=57

[LeftLeg]
ThighAlpha=-0.0606898590922356
ThighTheta=0.484838932752609
LowerLegAlpha=-0.0142799615859985
LowerLegTheta=0.468518972396851

[RightLeg]
ThighAlpha=0.103529766201973
ThighTheta=-0.52155876159668
LowerLegAlpha=-0.0142799615859985
LowerLegTheta=-0.395079076290131
