[%General]
Highest=158
CenterX=40.1850053118834
CenterY=134.124191834876
XWidth=60

[LeftLeg]
ThighAlpha=-0.0428398996591568
ThighTheta=-0.371959120035172
LowerLegAlpha=0.0428399071097374
LowerLegTheta=-0.80715811252594

[RightLeg]
ThighAlpha=0.0321299284696579
ThighTheta=0.537878811359406
LowerLegAlpha=0.00713998824357986
LowerLegTheta=0.206039562821388
