[%General]
Highest=158
CenterX=40.1850053118834
CenterY=134.124191834876
XWidth=60

[LeftLeg]
ThighAlpha=-0.0428398996591568
ThighTheta=-0.391905754804611
LowerLegAlpha=0.0428399071097374
LowerLegTheta=-0.747318267822266

[RightLeg]
ThighAlpha=0.0142799690365791
ThighTheta=0.537878811359406
LowerLegAlpha=0.0249899476766586
LowerLegTheta=0.176119610667229
