[%General]
Highest=160
CenterX=40.5764442262422
CenterY=160.850183164017
XWidth=60

[LeftLeg]
ThighAlpha=0.00713998824357986
ThighTheta=0.249106109142303
LowerLegAlpha=-0.0999597683548927
LowerLegTheta=-0.464892268180847

[RightLeg]
ThighAlpha=0.0321299284696579
ThighTheta=-0.0333198979496956
LowerLegAlpha=0.0606898665428162
LowerLegTheta=0.030146598815918
