[%General]
Highest=158
CenterX=35.3666815418084
CenterY=225.77154571317
XWidth=58

[LeftLeg]
ThighAlpha=-0.0785398185253143
ThighTheta=0.235619455575943
LowerLegAlpha=-0.0785398185253143
LowerLegTheta=0.235619455575943

[RightLeg]
ThighAlpha=-0.0589048638939857
ThighTheta=0
LowerLegAlpha=0.0981747731566429
LowerLegTheta=-0.785398185253143
