[%General]
Highest=160
CenterX=40.6747214223113
CenterY=11.2605066566504
XWidth=50

[LeftLeg]
ThighAlpha=0.0142799690365791
ThighTheta=0.0333199352025986
LowerLegAlpha=-0.0856797993183136
LowerLegTheta=-0.249106079339981

[RightLeg]
ThighAlpha=-0.00356999039649963
ThighTheta=-0.106306403875351
LowerLegAlpha=0.00356999784708023
LowerLegTheta=0.030146598815918
