[%General]
Highest=150
CenterX=34.1379823657391
CenterY=278.917783121493
XWidth=52

[LeftLeg]
ThighAlpha=-0.0999597683548927
ThighTheta=-0.461718916893005
LowerLegAlpha=-0.0321299210190773
LowerLegTheta=-0.398252427577972

[RightLeg]
ThighAlpha=-0.0606898590922356
ThighTheta=0.607692003250122
LowerLegAlpha=0.0249899476766586
LowerLegTheta=0.46171897649765
