[%General]
Highest=158
CenterX=41.8351142715899
CenterY=25.6749565856688
XWidth=53

[LeftLeg]
ThighAlpha=-0.0589048638939857
ThighTheta=0.431968986988068
LowerLegAlpha=0.0589048638939857
LowerLegTheta=0.274889349937439

[RightLeg]
ThighAlpha=0.0981747731566429
ThighTheta=-0.431968986988068
LowerLegAlpha=-0.0981747731566429
LowerLegTheta=-0.196349546313286
