[%General]
Highest=145
CenterX=34.1351769911504
CenterY=299.987449718423
XWidth=46

[LeftLeg]
ThighAlpha=-0.0196349546313286
ThighTheta=-0.274889349937439
LowerLegAlpha=-0.0981747731566429
LowerLegTheta=-0.785398185253143

[RightLeg]
ThighAlpha=0.0392699092626572
ThighTheta=0.706858336925507
LowerLegAlpha=-0.0981747731566429
LowerLegTheta=-0.353429168462753
