[%General]
Highest=158
CenterX=36.0690624117481
CenterY=221.493970629766
XWidth=59

[LeftLeg]
ThighAlpha=-0.117809727787971
ThighTheta=0.322092622518539
LowerLegAlpha=-0.0142799615859985
LowerLegTheta=0.106306441128254

[RightLeg]
ThighAlpha=-0.00713998079299927
ThighTheta=-0.112653076648712
LowerLegAlpha=0.0428399071097374
LowerLegTheta=-0.81395810842514
