[%General]
Highest=159
CenterX=41.5646183555743
CenterY=21.4270753385655
XWidth=53

[LeftLeg]
ThighAlpha=-0.0589048638939857
ThighTheta=0.392699092626572
LowerLegAlpha=0.0785398185253143
LowerLegTheta=0.0785398185253143

[RightLeg]
ThighAlpha=0.0392699092626572
ThighTheta=-0.431968986988068
LowerLegAlpha=-0.0392699092626572
LowerLegTheta=0
