[%General]
Highest=144
CenterX=33.8935422265037
CenterY=311.528367895351
XWidth=47

[LeftLeg]
ThighAlpha=-0.082109808921814
ThighTheta=0.0333199352025986
LowerLegAlpha=0.00356999784708023
LowerLegTheta=-0.956757783889771

[RightLeg]
ThighAlpha=0.121379725635052
ThighTheta=0.744144976139069
LowerLegAlpha=0.00356999784708023
LowerLegTheta=-0.956757783889771
