[%General]
Highest=158
CenterX=34.8161575112108
CenterY=235.126513452915
XWidth=59

[LeftLeg]
ThighAlpha=-0.0785398185253143
ThighTheta=0
LowerLegAlpha=-0.0981747731566429
LowerLegTheta=0.157079637050629

[RightLeg]
ThighAlpha=0.0589048638939857
ThighTheta=0.392699092626572
LowerLegAlpha=0.0589048638939857
LowerLegTheta=-0.785398185253143
