[%General]
Highest=145
CenterX=33.9579903853158
CenterY=305.429929346639
XWidth=47

[LeftLeg]
ThighAlpha=-0.0107099711894989
ThighTheta=-0.0795597806572914
LowerLegAlpha=-0.13922968506813
LowerLegTheta=-0.956757783889771

[RightLeg]
ThighAlpha=0.046409897506237
ThighTheta=0.687478482723236
LowerLegAlpha=-0.157079637050629
LowerLegTheta=-0.514758765697479
