[%General]
Highest=142
CenterX=33.2542870500234
CenterY=315.520822814399
XWidth=46

[LeftLeg]
ThighAlpha=-0.157079637050629
ThighTheta=0.103133104741573
LowerLegAlpha=-0.0142799615859985
LowerLegTheta=-0.67115843296051

[RightLeg]
ThighAlpha=0.121379725635052
ThighTheta=0.252279460430145
LowerLegAlpha=0.0999597758054733
LowerLegTheta=-0.677505135536194
