[%General]
Highest=158
CenterX=36.0690624117481
CenterY=221.493970629766
XWidth=59

[LeftLeg]
ThighAlpha=-0.117809727787971
ThighTheta=0.312119334936142
LowerLegAlpha=-0.0499798804521561
LowerLegTheta=0.206039562821388

[RightLeg]
ThighAlpha=-0.00713998079299927
ThighTheta=-0.132599666714668
LowerLegAlpha=0.0606898665428162
LowerLegTheta=-0.81395810842514
