[%General]
Highest=157
CenterX=33.8536895097283
CenterY=248.686380334709
XWidth=60

[LeftLeg]
ThighAlpha=-0.0999597683548927
ThighTheta=-0.2459327429533
LowerLegAlpha=-0.121379718184471
LowerLegTheta=0.0333199352025986

[RightLeg]
ThighAlpha=-0.0606898590922356
ThighTheta=0.46489229798317
LowerLegAlpha=0.021419957280159
LowerLegTheta=-0.0364932343363762
