[%General]
Highest=146
CenterX=34.6494326112021
CenterY=295.096870764812
XWidth=48

[LeftLeg]
ThighAlpha=-0.0392699092626572
ThighTheta=-0.314159274101257
LowerLegAlpha=-0.0785398185253143
LowerLegTheta=-0.785398185253143

[RightLeg]
ThighAlpha=0.0392699092626572
ThighTheta=0.785398185253143
LowerLegAlpha=-0.0785398185253143
LowerLegTheta=-0.235619455575943
