[%General]
Highest=156
CenterX=38.6179720075426
CenterY=195.87303800494
XWidth=59

[LeftLeg]
ThighAlpha=-0.0981747731566429
ThighTheta=0.549778699874878
LowerLegAlpha=0
LowerLegTheta=0.510508835315704

[RightLeg]
ThighAlpha=0.0392699092626572
ThighTheta=-0.471238911151886
LowerLegAlpha=0.0392699092626572
LowerLegTheta=-0.314159274101257
