[%General]
Highest=144
CenterX=33.8935422265037
CenterY=311.528367895351
XWidth=47

[LeftLeg]
ThighAlpha=-0.0589048638939857
ThighTheta=-0.0785398185253143
LowerLegAlpha=-0.0589048638939857
LowerLegTheta=-0.746128261089325

[RightLeg]
ThighAlpha=0.0785398185253143
ThighTheta=0.785398185253143
LowerLegAlpha=-0.0589048638939857
LowerLegTheta=-0.785398185253143
