[%General]
Highest=142
CenterX=33.2542870500234
CenterY=315.520822814399
XWidth=46

[LeftLeg]
ThighAlpha=-0.157079637050629
ThighTheta=0.123079754412174
LowerLegAlpha=0.021419957280159
LowerLegTheta=-0.611318588256836

[RightLeg]
ThighAlpha=0.13922968506813
ThighTheta=0.282199382781982
LowerLegAlpha=0.0999597758054733
LowerLegTheta=-0.687478423118591
