[%General]
Highest=159
CenterX=40.2835979093822
CenterY=63.2796627721397
XWidth=63

[LeftLeg]
ThighAlpha=-0.0785398185253143
ThighTheta=0.342039257287979
LowerLegAlpha=-0.0321299210190773
LowerLegTheta=0.0863598436117172

[RightLeg]
ThighAlpha=0.13922968506813
ThighTheta=-0.139399647712708
LowerLegAlpha=0.0999597758054733
LowerLegTheta=-0.979877710342407
