[%General]
Highest=158
CenterX=34.8161575112108
CenterY=235.126513452915
XWidth=59

[LeftLeg]
ThighAlpha=-0.117809727787971
ThighTheta=0.0364932715892792
LowerLegAlpha=-0.0856797993183136
LowerLegTheta=0.106306441128254

[RightLeg]
ThighAlpha=0.0678298473358154
ThighTheta=0.388732463121414
LowerLegAlpha=0.0249899476766586
LowerLegTheta=-0.81395810842514
