[%General]
Highest=161
CenterX=40.4924498069967
CenterY=164.753902551528
XWidth=60

[LeftLeg]
ThighAlpha=0.0196349546313286
ThighTheta=0.314159274101257
LowerLegAlpha=-0.0196349546313286
LowerLegTheta=-0.235619455575943

[RightLeg]
ThighAlpha=0.0196349546313286
ThighTheta=-0.117809727787971
LowerLegAlpha=0.0196349546313286
LowerLegTheta=0.117809727787971
