[%General]
Highest=157
CenterX=33.8536895097283
CenterY=248.686380334709
XWidth=60

[LeftLeg]
ThighAlpha=-0.117809727787971
ThighTheta=-0.235959425568581
LowerLegAlpha=-0.103529758751392
LowerLegTheta=0.0333199612796307

[RightLeg]
ThighAlpha=-0.0606898590922356
ThighTheta=0.514758884906769
LowerLegAlpha=0.021419957280159
LowerLegTheta=-0.146199628710747
