[%General]
Highest=160
CenterX=39.816171648084
CenterY=67.9288039913801
XWidth=62

[LeftLeg]
ThighAlpha=-0.0606898590922356
ThighTheta=0.249106109142303
LowerLegAlpha=-0.0321299210190773
LowerLegTheta=0.0333199352025986

[RightLeg]
ThighAlpha=0.13922968506813
ThighTheta=0.030146598815918
LowerLegAlpha=0.0249899476766586
LowerLegTheta=-0.956757783889771
