[%General]
Highest=150
CenterX=34.4028350462593
CenterY=284.202022688576
XWidth=51

[LeftLeg]
ThighAlpha=-0.0785398185253143
ThighTheta=-0.392699092626572
LowerLegAlpha=-0.0589048638939857
LowerLegTheta=-0.549778699874878

[RightLeg]
ThighAlpha=-0.0196349546313286
ThighTheta=0.785398185253143
LowerLegAlpha=0
LowerLegTheta=0.0785398185253143
