[%General]
Highest=161
CenterX=40.1863731460629
CenterY=91.5569073731061
XWidth=61

[LeftLeg]
ThighAlpha=-0.0464098900556564
ThighTheta=-0.2522794008255
LowerLegAlpha=-0.0142799615859985
LowerLegTheta=-0.10313306748867

[RightLeg]
ThighAlpha=0.0856798067688942
ThighTheta=0.46489229798317
LowerLegAlpha=0.00356999784708023
LowerLegTheta=-0.322092592716217
