[%General]
Highest=161
CenterX=40.7862478591991
CenterY=156.811621664298
XWidth=59

[LeftLeg]
ThighAlpha=0.0642598569393158
ThighTheta=0.116279773414135
LowerLegAlpha=-0.157079637050629
LowerLegTheta=-0.560998678207397

[RightLeg]
ThighAlpha=0.0142799690365791
ThighTheta=0.146199703216553
LowerLegAlpha=0.0606898665428162
LowerLegTheta=0.0265199784189463
