[%General]
Highest=159
CenterX=41.5646183555743
CenterY=21.4270753385655
XWidth=53

[LeftLeg]
ThighAlpha=-0.00713998079299927
ThighTheta=0.371959179639816
LowerLegAlpha=0.00356999784708023
LowerLegTheta=0.116279773414135

[RightLeg]
ThighAlpha=0.046409897506237
ThighTheta=-0.454918920993805
LowerLegAlpha=-0.0499798804521561
LowerLegTheta=-0.00339995324611664
