[%General]
Highest=156
CenterX=33.0839078773654
CenterY=257.233517513406
XWidth=55

[LeftLeg]
ThighAlpha=-0.0999597683548927
ThighTheta=-0.464892268180847
LowerLegAlpha=-0.103529758751392
LowerLegTheta=0.0364932715892792

[RightLeg]
ThighAlpha=-0.0606898590922356
ThighTheta=0.46489229798317
LowerLegAlpha=-0.117809727787971
LowerLegTheta=0.531532108783722
