[%General]
Highest=155
CenterX=39.6074065323962
CenterY=123.267187407714
XWidth=60

[LeftLeg]
ThighAlpha=-0.024989940226078
ThighTheta=-0.534705400466919
LowerLegAlpha=0.00356999784708023
LowerLegTheta=-0.468065589666367

[RightLeg]
ThighAlpha=0.0142799690365791
ThighTheta=0.537878811359406
LowerLegAlpha=-0.0321299210190773
LowerLegTheta=0.531532108783722
