[%General]
Highest=159
CenterX=40.2835979093822
CenterY=63.2796627721397
XWidth=63

[LeftLeg]
ThighAlpha=-0.0785398185253143
ThighTheta=0.322092622518539
LowerLegAlpha=-0.0499798804521561
LowerLegTheta=0.106306441128254

[RightLeg]
ThighAlpha=0.121379725635052
ThighTheta=-0.179292917251587
LowerLegAlpha=0.0821098163723946
LowerLegTheta=-0.890117883682251
