[%General]
Highest=158
CenterX=40.7000455701413
CenterY=139.009202228527
XWidth=60

[LeftLeg]
ThighAlpha=-0.00713998079299927
ThighTheta=-0.2522794008255
LowerLegAlpha=-0.0142799615859985
LowerLegTheta=-0.956757783889771

[RightLeg]
ThighAlpha=0.0499798879027367
ThighTheta=0.537878811359406
LowerLegAlpha=-0.0107099711894989
LowerLegTheta=0.030146598815918
