[%General]
Highest=159
CenterX=34.7346008038081
CenterY=239.797166718924
XWidth=60

[LeftLeg]
ThighAlpha=-0.0999597683548927
ThighTheta=-0.109479740262032
LowerLegAlpha=-0.157079637050629
LowerLegTheta=0.252279460430145

[RightLeg]
ThighAlpha=0.0321299284696579
ThighTheta=0.534705460071564
LowerLegAlpha=-0.0107099711894989
LowerLegTheta=-0.81395810842514
