[%General]
Highest=160
CenterX=41.2689276331502
CenterY=17.5235251970385
XWidth=52

[LeftLeg]
ThighAlpha=-0.0196349546313286
ThighTheta=0.314159274101257
LowerLegAlpha=0.0196349546313286
LowerLegTheta=-0.0785398185253143

[RightLeg]
ThighAlpha=0.0589048638939857
ThighTheta=-0.353429168462753
LowerLegAlpha=-0.0981747731566429
LowerLegTheta=0
