[%General]
Highest=157
CenterX=35.3633894310228
CenterY=230.415875023354
XWidth=58

[LeftLeg]
ThighAlpha=-0.117809727787971
ThighTheta=0.179292947053909
LowerLegAlpha=-0.0499798804521561
LowerLegTheta=0.103133104741573

[RightLeg]
ThighAlpha=0.046409897506237
ThighTheta=0.176119610667229
LowerLegAlpha=-0.0142799615859985
LowerLegTheta=-0.956757783889771
