[%General]
Highest=161
CenterX=40.3117083436818
CenterY=86.6202533300218
XWidth=60

[LeftLeg]
ThighAlpha=0.00713998824357986
ThighTheta=-0.116279698908329
LowerLegAlpha=-0.157079637050629
LowerLegTheta=-0.109479710459709

[RightLeg]
ThighAlpha=0.0678298473358154
ThighTheta=0.401879131793976
LowerLegAlpha=0.13922968506813
LowerLegTheta=-0.544678747653961
