[%General]
Highest=160
CenterX=40.4110750780151
CenterY=168.732900936181
XWidth=60

[LeftLeg]
ThighAlpha=-0.0428398996591568
ThighTheta=0.46489229798317
LowerLegAlpha=0.0249899476766586
LowerLegTheta=-0.112653076648712

[RightLeg]
ThighAlpha=0.0321299284696579
ThighTheta=-0.179292917251587
LowerLegAlpha=0.00356999784708023
LowerLegTheta=0.0364932715892792
