[%General]
Highest=150
CenterX=34.1379823657391
CenterY=278.917783121493
XWidth=52

[LeftLeg]
ThighAlpha=-0.0999597683548927
ThighTheta=-0.461718916893005
LowerLegAlpha=0.00356999784708023
LowerLegTheta=-0.448118954896927

[RightLeg]
ThighAlpha=-0.0785398185253143
ThighTheta=0.627638638019562
LowerLegAlpha=0.0606898665428162
LowerLegTheta=0.431799054145813
