[%General]
Highest=160
CenterX=40.3208244596216
CenterY=172.785537685736
XWidth=61

[LeftLeg]
ThighAlpha=-0.0606898590922356
ThighTheta=0.46489229798317
LowerLegAlpha=-0.0142799615859985
LowerLegTheta=0.172946274280548

[RightLeg]
ThighAlpha=0.046409897506237
ThighTheta=-0.249106079339981
LowerLegAlpha=-0.0142799615859985
LowerLegTheta=-0.0333198979496956
