[%General]
Highest=155
CenterX=39.4312974498071
CenterY=118.567584881486
XWidth=61

[LeftLeg]
ThighAlpha=-0.0392699092626572
ThighTheta=-0.537878751754761
LowerLegAlpha=0.00356999784708023
LowerLegTheta=-0.458545595407486

[RightLeg]
ThighAlpha=-0.0107099711894989
ThighTheta=0.607692003250122
LowerLegAlpha=-0.0499798804521561
LowerLegTheta=0.46171897649765
