[%General]
Highest=145
CenterX=34.1351769911504
CenterY=299.987449718423
XWidth=46

[LeftLeg]
ThighAlpha=-0.00713998079299927
ThighTheta=-0.109479740262032
LowerLegAlpha=-0.13922968506813
LowerLegTheta=-1.09955739974976

[RightLeg]
ThighAlpha=0.0285599380731583
ThighTheta=0.74731832742691
LowerLegAlpha=-0.13922968506813
LowerLegTheta=-0.391905754804611
