[%General]
Highest=150
CenterX=34.4028350462593
CenterY=284.202022688576
XWidth=51

[LeftLeg]
ThighAlpha=-0.0981747731566429
ThighTheta=-0.392699092626572
LowerLegAlpha=-0.0196349546313286
LowerLegTheta=-0.589048624038696

[RightLeg]
ThighAlpha=-0.0196349546313286
ThighTheta=0.785398185253143
LowerLegAlpha=-0.0392699092626572
LowerLegTheta=0.0392699092626572
