[%General]
Highest=161
CenterX=40.7862478591991
CenterY=156.811621664298
XWidth=59

[LeftLeg]
ThighAlpha=0.0642598569393158
ThighTheta=0.106306441128254
LowerLegAlpha=-0.157079637050629
LowerLegTheta=-0.541052103042603

[RightLeg]
ThighAlpha=0.0321299284696579
ThighTheta=0.106306441128254
LowerLegAlpha=0.0428399071097374
LowerLegTheta=0.0364932715892792
