[%General]
Highest=155
CenterX=39.7264359881497
CenterY=128.981088388414
XWidth=60

[LeftLeg]
ThighAlpha=-0.0392699092626572
ThighTheta=-0.510508835315704
LowerLegAlpha=0.0196349546313286
LowerLegTheta=-0.589048624038696

[RightLeg]
ThighAlpha=0.0196349546313286
ThighTheta=0.589048624038696
LowerLegAlpha=0.0196349546313286
LowerLegTheta=0.274889349937439
