[%General]
Highest=148
CenterX=34.7873030203546
CenterY=290.159738181221
XWidth=50

[LeftLeg]
ThighAlpha=-0.0392699092626572
ThighTheta=-0.335239201784134
LowerLegAlpha=-0.0678298398852348
LowerLegTheta=-0.747318267822266

[RightLeg]
ThighAlpha=-0.00713998079299927
ThighTheta=0.74731832742691
LowerLegAlpha=-0.0142799615859985
LowerLegTheta=-0.146199628710747
