[%General]
Highest=160
CenterX=39.4188320421777
CenterY=100.975427695287
XWidth=61

[LeftLeg]
ThighAlpha=-0.0428398996591568
ThighTheta=-0.391905754804611
LowerLegAlpha=-0.0142799615859985
LowerLegTheta=-0.179292917251587

[RightLeg]
ThighAlpha=0.0142799690365791
ThighTheta=0.46489229798317
LowerLegAlpha=0.00356999784708023
LowerLegTheta=0.249106109142303
