[%General]
Highest=161
CenterX=39.3620805369127
CenterY=71.9535123042506
XWidth=61

[LeftLeg]
ThighAlpha=-0.024989940226078
ThighTheta=0.139399722218513
LowerLegAlpha=-0.103529758751392
LowerLegTheta=0.0931598246097565

[RightLeg]
ThighAlpha=0.13922968506813
ThighTheta=0.00340002961456776
LowerLegAlpha=-0.0107099711894989
LowerLegTheta=-0.777238190174103
