[%General]
Highest=158
CenterX=35.3666815418084
CenterY=225.77154571317
XWidth=58

[LeftLeg]
ThighAlpha=-0.0981747731566429
ThighTheta=0.274889349937439
LowerLegAlpha=-0.0392699092626572
LowerLegTheta=0.117809727787971

[RightLeg]
ThighAlpha=-0.0196349546313286
ThighTheta=-0.0392699092626572
LowerLegAlpha=0.0785398185253143
LowerLegTheta=-0.785398185253143
