[%General]
Highest=159
CenterX=40.02473061524
CenterY=176.914595053877
XWidth=62

[LeftLeg]
ThighAlpha=-0.0999597683548927
ThighTheta=0.534705460071564
LowerLegAlpha=0.021419957280159
LowerLegTheta=0.31891930103302

[RightLeg]
ThighAlpha=0.0856798067688942
ThighTheta=-0.391905754804611
LowerLegAlpha=-0.103529758751392
LowerLegTheta=0.103133104741573
