[%General]
Highest=161
CenterX=40.4924498069967
CenterY=164.753902551528
XWidth=60

[LeftLeg]
ThighAlpha=0.0107099786400795
ThighTheta=0.322092622518539
LowerLegAlpha=0.00356999784708023
LowerLegTheta=-0.2522794008255

[RightLeg]
ThighAlpha=0.0142799690365791
ThighTheta=-0.109479740262032
LowerLegAlpha=0.00356999784708023
LowerLegTheta=0.112653113901615
