[%General]
Highest=160
CenterX=40.6747214223113
CenterY=11.2605066566504
XWidth=50

[LeftLeg]
ThighAlpha=0.0142799690365791
ThighTheta=0.0333199612796307
LowerLegAlpha=-0.103529758751392
LowerLegTheta=-0.229159444570541

[RightLeg]
ThighAlpha=-0.00356999039649963
ThighTheta=-0.176119565963745
LowerLegAlpha=0.00356999784708023
LowerLegTheta=0.070039875805378
