[%General]
Highest=158
CenterX=40.9280248898416
CenterY=143.486661903061
XWidth=60

[LeftLeg]
ThighAlpha=-0.024989940226078
ThighTheta=-0.109479740262032
LowerLegAlpha=0.00356999784708023
LowerLegTheta=-1.09955739974976

[RightLeg]
ThighAlpha=0.0499798879027367
ThighTheta=0.391905784606934
LowerLegAlpha=0.00356999784708023
LowerLegTheta=0.106306441128254
