[%General]
Highest=159
CenterX=34.7346008038081
CenterY=239.797166718924
XWidth=60

[LeftLeg]
ThighAlpha=-0.0981747731566429
ThighTheta=-0.117809727787971
LowerLegAlpha=-0.0392699092626572
LowerLegTheta=0.157079637050629

[RightLeg]
ThighAlpha=0.0196349546313286
ThighTheta=0.510508835315704
LowerLegAlpha=0.0981747731566429
LowerLegTheta=-0.785398185253143
