[%General]
Highest=162
CenterX=40.0663886081294
CenterY=81.6260027379384
XWidth=60

[LeftLeg]
ThighAlpha=-0.024989940226078
ThighTheta=-0.0863597691059113
LowerLegAlpha=-0.13922968506813
LowerLegTheta=0.0931598246097565

[RightLeg]
ThighAlpha=0.0678298473358154
ThighTheta=0.31891930103302
LowerLegAlpha=0.13922968506813
LowerLegTheta=-0.717398345470428
