[%General]
Highest=157
CenterX=39.3562512228527
CenterY=186.223622252658
XWidth=61

[LeftLeg]
ThighAlpha=-0.0392699092626572
ThighTheta=0.484838932752609
LowerLegAlpha=-0.121379718184471
LowerLegTheta=0.664358496665955

[RightLeg]
ThighAlpha=0.0499798879027367
ThighTheta=-0.454918920993805
LowerLegAlpha=-0.0142799615859985
LowerLegTheta=-0.146199628710747
