[%General]
Highest=155
CenterX=39.4312974498071
CenterY=118.567584881486
XWidth=61

[LeftLeg]
ThighAlpha=-0.0392699092626572
ThighTheta=-0.549778699874878
LowerLegAlpha=0.0196349546313286
LowerLegTheta=-0.431968986988068

[RightLeg]
ThighAlpha=-0.0196349546313286
ThighTheta=0.549778699874878
LowerLegAlpha=-0.0196349546313286
LowerLegTheta=0.549778699874878
