[%General]
Highest=158
CenterX=39.1303099579988
CenterY=104.860771439205
XWidth=61

[LeftLeg]
ThighAlpha=-0.0428398996591568
ThighTheta=-0.461718916893005
LowerLegAlpha=-0.0142799615859985
LowerLegTheta=-0.215559482574463

[RightLeg]
ThighAlpha=0.0142799690365791
ThighTheta=0.454919010400772
LowerLegAlpha=-0.0642598494887352
LowerLegTheta=0.46171897649765
