[%General]
Highest=150
CenterX=34.4028350462593
CenterY=284.202022688576
XWidth=51

[LeftLeg]
ThighAlpha=-0.0999597683548927
ThighTheta=-0.391905754804611
LowerLegAlpha=-0.0142799615859985
LowerLegTheta=-0.607691943645477

[RightLeg]
ThighAlpha=0.0142799690365791
ThighTheta=0.817131459712982
LowerLegAlpha=-0.0999597683548927
LowerLegTheta=0.0428399443626404
