[%General]
Highest=156
CenterX=39.2773151452666
CenterY=113.754090993206
XWidth=61

[LeftLeg]
ThighAlpha=-0.0392699092626572
ThighTheta=-0.544678747653961
LowerLegAlpha=0.00356999784708023
LowerLegTheta=-0.335239201784134

[RightLeg]
ThighAlpha=0.0142799690365791
ThighTheta=0.514758884906769
LowerLegAlpha=-0.082109808921814
LowerLegTheta=0.634438574314117
