[%General]
Highest=157
CenterX=39.0228165300936
CenterY=109.099311019609
XWidth=61

[LeftLeg]
ThighAlpha=-0.0428398996591568
ThighTheta=-0.531532108783722
LowerLegAlpha=0.00713998824357986
LowerLegTheta=-0.255452752113342

[RightLeg]
ThighAlpha=-0.00356999039649963
ThighTheta=0.46489229798317
LowerLegAlpha=-0.0678298398852348
LowerLegTheta=0.601345300674438
