[%General]
Highest=156
CenterX=38.908426137126
CenterY=191.618113511338
XWidth=59

[LeftLeg]
ThighAlpha=-0.0606898590922356
ThighTheta=0.534705460071564
LowerLegAlpha=-0.0642598494887352
LowerLegTheta=0.60451865196228

[RightLeg]
ThighAlpha=0.0321299284696579
ThighTheta=-0.461718916893005
LowerLegAlpha=0.021419957280159
LowerLegTheta=-0.2522794008255
