[%General]
Highest=157
CenterX=41.6773645386784
CenterY=29.6544754695606
XWidth=54

[LeftLeg]
ThighAlpha=-0.0642598494887352
ThighTheta=0.431799054145813
LowerLegAlpha=0.0428399071097374
LowerLegTheta=0.424999058246613

[RightLeg]
ThighAlpha=0.103529766201973
ThighTheta=-0.491638839244843
LowerLegAlpha=-0.0999597683548927
LowerLegTheta=-0.2454794049263
