[%General]
Highest=156
CenterX=33.1721015931509
CenterY=252.918690534809
XWidth=59

[LeftLeg]
ThighAlpha=-0.0999597683548927
ThighTheta=-0.318919241428375
LowerLegAlpha=-0.121379718184471
LowerLegTheta=0.0333199352025986

[RightLeg]
ThighAlpha=-0.0606898590922356
ThighTheta=0.537878811359406
LowerLegAlpha=-0.082109808921814
LowerLegTheta=0.103133104741573
