[%General]
Highest=159
CenterX=40.2835979093822
CenterY=63.2796627721397
XWidth=63

[LeftLeg]
ThighAlpha=-0.0981747731566429
ThighTheta=0.353429168462753
LowerLegAlpha=-0.0196349546313286
LowerLegTheta=0.0785398185253143

[RightLeg]
ThighAlpha=0.0981747731566429
ThighTheta=-0.196349546313286
LowerLegAlpha=0.0981747731566429
LowerLegTheta=-0.785398185253143
