[%General]
Highest=148
CenterX=34.7873030203546
CenterY=290.159738181221
XWidth=50

[LeftLeg]
ThighAlpha=-0.0214199498295784
ThighTheta=-0.395079076290131
LowerLegAlpha=-0.0856797993183136
LowerLegTheta=-0.677505135536194

[RightLeg]
ThighAlpha=-0.00713998079299927
ThighTheta=0.74731832742691
LowerLegAlpha=-0.0142799615859985
LowerLegTheta=-0.176119565963745
