[%General]
Highest=156
CenterX=40.9806355829163
CenterY=43.3592208157885
XWidth=58

[LeftLeg]
ThighAlpha=-0.0785398185253143
ThighTheta=0.514758884906769
LowerLegAlpha=-0.0107099711894989
LowerLegTheta=0.342039257287979

[RightLeg]
ThighAlpha=0.121379725635052
ThighTheta=-0.514758765697479
LowerLegAlpha=0.0249899476766586
LowerLegTheta=-0.537878751754761
