[%General]
Highest=157
CenterX=41.4902691186658
CenterY=33.9230155929368
XWidth=57

[LeftLeg]
ThighAlpha=-0.0606898590922356
ThighTheta=0.46171897649765
LowerLegAlpha=-0.0107099711894989
LowerLegTheta=0.484838932752609

[RightLeg]
ThighAlpha=0.0856798067688942
ThighTheta=-0.507958829402924
LowerLegAlpha=-0.0499798804521561
LowerLegTheta=-0.325719207525253
