[%General]
Highest=159
CenterX=40.7623242395384
CenterY=147.651896252311
XWidth=60

[LeftLeg]
ThighAlpha=-0.024989940226078
ThighTheta=0.0333199352025986
LowerLegAlpha=-0.0142799615859985
LowerLegTheta=-1.09955739974976

[RightLeg]
ThighAlpha=0.0285599380731583
ThighTheta=0.322092622518539
LowerLegAlpha=0.021419957280159
LowerLegTheta=0.106306441128254
