[%General]
Highest=157
CenterX=41.4902691186658
CenterY=33.9230155929368
XWidth=57

[LeftLeg]
ThighAlpha=-0.0785398185253143
ThighTheta=0.471238911151886
LowerLegAlpha=0.0196349546313286
LowerLegTheta=0.471238911151886

[RightLeg]
ThighAlpha=0.0981747731566429
ThighTheta=-0.510508835315704
LowerLegAlpha=-0.0589048638939857
LowerLegTheta=-0.314159274101257
