[%General]
Highest=160
CenterX=40.5764442262422
CenterY=160.850183164017
XWidth=60

[LeftLeg]
ThighAlpha=0.0196349546313286
ThighTheta=0.274889349937439
LowerLegAlpha=-0.0981747731566429
LowerLegTheta=-0.510508835315704

[RightLeg]
ThighAlpha=0
ThighTheta=-0.0392699092626572
LowerLegAlpha=0.0981747731566429
LowerLegTheta=0.117809727787971
