[%General]
Highest=161
CenterX=40.1863731460629
CenterY=91.5569073731061
XWidth=61

[LeftLeg]
ThighAlpha=-0.0464098900556564
ThighTheta=-0.222359463572502
LowerLegAlpha=-0.0321299210190773
LowerLegTheta=-0.123079679906368

[RightLeg]
ThighAlpha=0.0856798067688942
ThighTheta=0.454919010400772
LowerLegAlpha=0.021419957280159
LowerLegTheta=-0.312119245529175
