[%General]
Highest=161
CenterX=39.9904301132437
CenterY=96.5289754904567
XWidth=61

[LeftLeg]
ThighAlpha=-0.024989940226078
ThighTheta=-0.318919241428375
LowerLegAlpha=-0.0321299210190773
LowerLegTheta=-0.112653076648712

[RightLeg]
ThighAlpha=0.0642598569393158
ThighTheta=0.46171897649765
LowerLegAlpha=0.0249899476766586
LowerLegTheta=-0.030146561563015
