[%General]
Highest=161
CenterX=39.1557577156183
CenterY=76.3580459839918
XWidth=60

[LeftLeg]
ThighAlpha=-0.0785398185253143
ThighTheta=0
LowerLegAlpha=-0.0196349546313286
LowerLegTheta=0.157079637050629

[RightLeg]
ThighAlpha=0.0981747731566429
ThighTheta=0.157079637050629
LowerLegAlpha=0.0981747731566429
LowerLegTheta=-0.785398185253143
