[%General]
Highest=156
CenterX=40.9806355829163
CenterY=43.3592208157885
XWidth=58

[LeftLeg]
ThighAlpha=-0.0981747731566429
ThighTheta=0.510508835315704
LowerLegAlpha=0.0392699092626572
LowerLegTheta=0.353429168462753

[RightLeg]
ThighAlpha=0.0981747731566429
ThighTheta=-0.510508835315704
LowerLegAlpha=0.0589048638939857
LowerLegTheta=-0.549778699874878
