[%General]
Highest=156
CenterX=37.7361712294114
CenterY=205.744561245714
XWidth=58

[LeftLeg]
ThighAlpha=-0.0606898590922356
ThighTheta=0.534705460071564
LowerLegAlpha=-0.117809727787971
LowerLegTheta=0.322092622518539

[RightLeg]
ThighAlpha=0.0499798879027367
ThighTheta=-0.461718916893005
LowerLegAlpha=0.00356999784708023
LowerLegTheta=-0.395079076290131
