[%General]
Highest=157
CenterX=41.6773645386784
CenterY=29.6544754695606
XWidth=54

[LeftLeg]
ThighAlpha=-0.082109808921814
ThighTheta=0.46171897649765
LowerLegAlpha=0.0606898665428162
LowerLegTheta=0.395079135894775

[RightLeg]
ThighAlpha=0.0499798879027367
ThighTheta=-0.461718916893005
LowerLegAlpha=-0.0285599306225777
LowerLegTheta=-0.255452752113342
