[%General]
Highest=157
CenterX=39.7021273830719
CenterY=181.348880427296
XWidth=59

[LeftLeg]
ThighAlpha=-0.0785398185253143
ThighTheta=0.471238911151886
LowerLegAlpha=-0.0196349546313286
LowerLegTheta=0.628318548202515

[RightLeg]
ThighAlpha=0.0196349546313286
ThighTheta=-0.392699092626572
LowerLegAlpha=0
LowerLegTheta=-0.0785398185253143
