[%General]
Highest=145
CenterX=34.1351769911504
CenterY=299.987449718423
XWidth=46

[LeftLeg]
ThighAlpha=-0.00713998079299927
ThighTheta=-0.109479710459709
LowerLegAlpha=-0.13922968506813
LowerLegTheta=-1.09955739974976

[RightLeg]
ThighAlpha=0.046409897506237
ThighTheta=0.74731832742691
LowerLegAlpha=-0.157079637050629
LowerLegTheta=-0.371959120035172
