[%General]
Highest=157
CenterX=39.7021273830719
CenterY=181.348880427296
XWidth=59

[LeftLeg]
ThighAlpha=-0.0392699092626572
ThighTheta=0.514758884906769
LowerLegAlpha=-0.0321299210190773
LowerLegTheta=0.551478803157806

[RightLeg]
ThighAlpha=0.0499798879027367
ThighTheta=-0.424998998641968
LowerLegAlpha=-0.0499798804521561
LowerLegTheta=-0.00339995324611664
