[%General]
Highest=156
CenterX=33.1721015931509
CenterY=252.918690534809
XWidth=59

[LeftLeg]
ThighAlpha=-0.117809727787971
ThighTheta=-0.288999319076538
LowerLegAlpha=-0.0856797993183136
LowerLegTheta=-0.0564398318529129

[RightLeg]
ThighAlpha=-0.0785398185253143
ThighTheta=0.507958889007568
LowerLegAlpha=-0.0464098900556564
LowerLegTheta=0.18291962146759
