[%General]
Highest=155
CenterX=39.6074065323962
CenterY=123.267187407714
XWidth=60

[LeftLeg]
ThighAlpha=-0.0196349546313286
ThighTheta=-0.549778699874878
LowerLegAlpha=0
LowerLegTheta=-0.471238911151886

[RightLeg]
ThighAlpha=0.0196349546313286
ThighTheta=0.549778699874878
LowerLegAlpha=-0.0589048638939857
LowerLegTheta=0.471238911151886
