[%General]
Highest=146
CenterX=33.7672610556348
CenterY=208.154796718973
XWidth=50

[LeftLeg]
ThighAlpha=-0.0981747731566429
ThighTheta=0.314159274101257
LowerLegAlpha=-0.0589048638939857
LowerLegTheta=0

[RightLeg]
ThighAlpha=0.0981747731566429
ThighTheta=0.0785398185253143
LowerLegAlpha=0.0981747731566429
LowerLegTheta=0.471238911151886
