[%General]
Highest=148
CenterX=40.9529044883932
CenterY=68.7370447566467
XWidth=52

[LeftLeg]
ThighAlpha=-0.0981747731566429
ThighTheta=0.235619455575943
LowerLegAlpha=-0.0785398185253143
LowerLegTheta=0

[RightLeg]
ThighAlpha=0.0785398185253143
ThighTheta=-0.314159274101257
LowerLegAlpha=0.0589048638939857
LowerLegTheta=-0.785398185253143
