[%General]
Highest=159
CenterX=26.1465612765014
CenterY=112.431016227131
XWidth=52

[LeftLeg]
ThighAlpha=-0.0392699092626572
ThighTheta=-0.157079637050629
LowerLegAlpha=-0.0981747731566429
LowerLegTheta=-0.235619455575943

[RightLeg]
ThighAlpha=0.0196349546313286
ThighTheta=0.392699092626572
LowerLegAlpha=0
LowerLegTheta=-0.314159274101257
