[%General]
Highest=156
CenterX=27.4678817195013
CenterY=87.4612737899859
XWidth=50

[LeftLeg]
ThighAlpha=0
ThighTheta=0.392699092626572
LowerLegAlpha=-0.0589048638939857
LowerLegTheta=-0.157079637050629

[RightLeg]
ThighAlpha=0.0981747731566429
ThighTheta=-0.235619455575943
LowerLegAlpha=-0.0589048638939857
LowerLegTheta=-0.785398185253143
