[%General]
Highest=155
CenterX=25.517522810986
CenterY=147.242598847606
XWidth=52

[LeftLeg]
ThighAlpha=-0.0589048638939857
ThighTheta=-0.549778699874878
LowerLegAlpha=-0.0392699092626572
LowerLegTheta=-0.549778699874878

[RightLeg]
ThighAlpha=0.0196349546313286
ThighTheta=0.549778699874878
LowerLegAlpha=0.0589048638939857
LowerLegTheta=0.471238911151886
