[%General]
Highest=154
CenterX=22.2247718326917
CenterY=264.090488342921
XWidth=46

[LeftLeg]
ThighAlpha=-0.0785398185253143
ThighTheta=0.157079637050629
LowerLegAlpha=-0.0589048638939857
LowerLegTheta=0.0785398185253143

[RightLeg]
ThighAlpha=0.0785398185253143
ThighTheta=0
LowerLegAlpha=-0.0981747731566429
LowerLegTheta=-0.628318548202515
