[%General]
Highest=158
CenterX=25.5859832366215
CenterY=96.5154352030948
XWidth=50

[LeftLeg]
ThighAlpha=-0.0589048638939857
ThighTheta=0.157079637050629
LowerLegAlpha=-0.0785398185253143
LowerLegTheta=-0.157079637050629

[RightLeg]
ThighAlpha=0.0785398185253143
ThighTheta=0
LowerLegAlpha=-0.0981747731566429
LowerLegTheta=-0.549778699874878
