[%General]
Highest=154
CenterX=23.316766387888
CenterY=274.651730521305
XWidth=46

[LeftLeg]
ThighAlpha=-0.0785398185253143
ThighTheta=-0.157079637050629
LowerLegAlpha=0
LowerLegTheta=0

[RightLeg]
ThighAlpha=0.0785398185253143
ThighTheta=0.549778699874878
LowerLegAlpha=-0.0589048638939857
LowerLegTheta=-0.785398185253143
