[%General]
Highest=124
CenterX=23.0725916991063
CenterY=317.295164208564
XWidth=38

[LeftLeg]
ThighAlpha=0.0196349546313286
ThighTheta=-0.549778699874878
LowerLegAlpha=-0.0785398185253143
LowerLegTheta=-0.628318548202515

[RightLeg]
ThighAlpha=0.0981747731566429
ThighTheta=-0.392699092626572
LowerLegAlpha=0.0981747731566429
LowerLegTheta=-0.549778699874878
