[%General]
Highest=156
CenterX=25.6281321584665
CenterY=136.395519766151
XWidth=51

[LeftLeg]
ThighAlpha=-0.0589048638939857
ThighTheta=-0.471238911151886
LowerLegAlpha=-0.0392699092626572
LowerLegTheta=-0.471238911151886

[RightLeg]
ThighAlpha=-0.0196349546313286
ThighTheta=0.549778699874878
LowerLegAlpha=0.0196349546313286
LowerLegTheta=0.628318548202515
