[%General]
Highest=159
CenterX=30.2325273787512
CenterY=36.7168254871284
XWidth=47

[LeftLeg]
ThighAlpha=-0.0196349546313286
ThighTheta=0.392699092626572
LowerLegAlpha=0.0392699092626572
LowerLegTheta=0

[RightLeg]
ThighAlpha=0.0589048638939857
ThighTheta=-0.235619455575943
LowerLegAlpha=0
LowerLegTheta=-0.314159274101257
