[%General]
Highest=154
CenterX=22.9252427683296
CenterY=222.403603418452
XWidth=52

[LeftLeg]
ThighAlpha=-0.0785398185253143
ThighTheta=0.549778699874878
LowerLegAlpha=-0.0785398185253143
LowerLegTheta=0.471238911151886

[RightLeg]
ThighAlpha=0.0392699092626572
ThighTheta=-0.471238911151886
LowerLegAlpha=0.0392699092626572
LowerLegTheta=-0.314159274101257
