[%General]
Highest=154
CenterX=24.3707926085451
CenterY=159.013026912245
XWidth=52

[LeftLeg]
ThighAlpha=-0.0589048638939857
ThighTheta=-0.471238911151886
LowerLegAlpha=-0.0785398185253143
LowerLegTheta=-0.706858336925507

[RightLeg]
ThighAlpha=-0.0196349546313286
ThighTheta=0.549778699874878
LowerLegAlpha=0.0981747731566429
LowerLegTheta=0.235619455575943
