[%General]
Highest=159
CenterX=24.0578077839555
CenterY=203.377823669579
XWidth=54

[LeftLeg]
ThighAlpha=-0.0589048638939857
ThighTheta=0.392699092626572
LowerLegAlpha=0.0392699092626572
LowerLegTheta=0

[RightLeg]
ThighAlpha=0.0785398185253143
ThighTheta=-0.235619455575943
LowerLegAlpha=0
LowerLegTheta=-0.0785398185253143
