[%General]
Highest=144
CenterX=24.5279408197914
CenterY=289.903880669415
XWidth=42

[LeftLeg]
ThighAlpha=-0.0981747731566429
ThighTheta=0.157079637050629
LowerLegAlpha=-0.0981747731566429
LowerLegTheta=-0.314159274101257

[RightLeg]
ThighAlpha=0.0981747731566429
ThighTheta=-0.117809727787971
LowerLegAlpha=0.0196349546313286
LowerLegTheta=0.0392699092626572
