[%General]
Highest=144
CenterX=24.4937978687979
CenterY=262.449071761572
XWidth=44

[LeftLeg]
ThighAlpha=-0.0589048638939857
ThighTheta=-0.314159274101257
LowerLegAlpha=0
LowerLegTheta=-0.706858336925507

[RightLeg]
ThighAlpha=0.0196349546313286
ThighTheta=0.392699092626572
LowerLegAlpha=0.0981747731566429
LowerLegTheta=0.196349546313286
