[%General]
Highest=147
CenterX=38.2826543469131
CenterY=110.820954350144
XWidth=48

[LeftLeg]
ThighAlpha=-0.0785398185253143
ThighTheta=-0.471238911151886
LowerLegAlpha=-0.0785398185253143
LowerLegTheta=-0.274889349937439

[RightLeg]
ThighAlpha=0.0589048638939857
ThighTheta=0.589048624038696
LowerLegAlpha=0.0392699092626572
LowerLegTheta=0.353429168462753
