[%General]
Highest=143
CenterX=24.1243698499787
CenterY=274.799809689632
XWidth=41

[LeftLeg]
ThighAlpha=-0.0589048638939857
ThighTheta=-0.0392699092626572
LowerLegAlpha=0.0196349546313286
LowerLegTheta=-0.785398185253143

[RightLeg]
ThighAlpha=0.0981747731566429
ThighTheta=0.353429168462753
LowerLegAlpha=-0.0392699092626572
LowerLegTheta=-0.196349546313286
