[%General]
Highest=141
CenterX=24.6593241104702
CenterY=299.249170452805
XWidth=40

[LeftLeg]
ThighAlpha=-0.0785398185253143
ThighTheta=0.746128261089325
LowerLegAlpha=0.0981747731566429
LowerLegTheta=0.0392699092626572

[RightLeg]
ThighAlpha=0.0589048638939857
ThighTheta=-0.314159274101257
LowerLegAlpha=0.0981747731566429
LowerLegTheta=-0.157079637050629
