[%General]
Highest=149
CenterX=37.3908327501749
CenterY=136.84907860975
XWidth=47

[LeftLeg]
ThighAlpha=-0.0589048638939857
ThighTheta=-0.157079637050629
LowerLegAlpha=0
LowerLegTheta=-0.785398185253143

[RightLeg]
ThighAlpha=0.0981747731566429
ThighTheta=0.235619455575943
LowerLegAlpha=0
LowerLegTheta=0.0785398185253143
