[%General]
Highest=145
CenterX=23.786699943935
CenterY=232.202195576294
XWidth=46

[LeftLeg]
ThighAlpha=-0.0981747731566429
ThighTheta=-0.274889349937439
LowerLegAlpha=-0.0392699092626572
LowerLegTheta=-0.196349546313286

[RightLeg]
ThighAlpha=-0.0392699092626572
ThighTheta=0.510508835315704
LowerLegAlpha=0.0392699092626572
LowerLegTheta=0.392699092626572
