[%General]
Highest=143
CenterX=24.1243698499787
CenterY=274.799809689632
XWidth=41

[LeftLeg]
ThighAlpha=-0.0606898590922356
ThighTheta=0.103133104741573
LowerLegAlpha=0.021419957280159
LowerLegTheta=-1.09955739974976

[RightLeg]
ThighAlpha=0.13922968506813
ThighTheta=0.322092622518539
LowerLegAlpha=-0.082109808921814
LowerLegTheta=-0.109479740262032
