[%General]
Highest=148
CenterX=36.288503543143
CenterY=140.448837015423
XWidth=49

[LeftLeg]
ThighAlpha=-0.0981747731566429
ThighTheta=-0.0392699092626572
LowerLegAlpha=0
LowerLegTheta=-0.785398185253143

[RightLeg]
ThighAlpha=0.0785398185253143
ThighTheta=0.196349546313286
LowerLegAlpha=0
LowerLegTheta=0
