[%General]
Highest=146
CenterX=38.1057628136679
CenterY=123.990873598505
XWidth=47

[LeftLeg]
ThighAlpha=-0.0589048638939857
ThighTheta=-0.431968986988068
LowerLegAlpha=-0.0196349546313286
LowerLegTheta=-0.589048624038696

[RightLeg]
ThighAlpha=0.0785398185253143
ThighTheta=0.510508835315704
LowerLegAlpha=0
LowerLegTheta=0.117809727787971
