[%General]
Highest=149
CenterX=38.6198300985924
CenterY=76.7598747442178
XWidth=47

[LeftLeg]
ThighAlpha=-0.0606898590922356
ThighTheta=0.109479777514935
LowerLegAlpha=-0.121379718184471
LowerLegTheta=-0.0396665707230568

[RightLeg]
ThighAlpha=0.121379725635052
ThighTheta=0.106306441128254
LowerLegAlpha=-0.13922968506813
LowerLegTheta=-0.959931075572968
