[%General]
Highest=147
CenterX=38.5340599891162
CenterY=106.580140209354
XWidth=48

[LeftLeg]
ThighAlpha=-0.0785398185253143
ThighTheta=-0.392699092626572
LowerLegAlpha=-0.0785398185253143
LowerLegTheta=-0.314159274101257

[RightLeg]
ThighAlpha=0.0392699092626572
ThighTheta=0.549778699874878
LowerLegAlpha=0.0392699092626572
LowerLegTheta=0.471238911151886
