[%General]
Highest=148
CenterX=38.5267931144406
CenterY=73.0066464775263
XWidth=50

[LeftLeg]
ThighAlpha=-0.117809727787971
ThighTheta=0.179292947053909
LowerLegAlpha=-0.0856797993183136
LowerLegTheta=-0.0364932343363762

[RightLeg]
ThighAlpha=0.13922968506813
ThighTheta=0.0333199352025986
LowerLegAlpha=-0.13922968506813
LowerLegTheta=-1.09955739974976
