[%General]
Highest=143
CenterX=24.8447295247725
CenterY=266.337019716886
XWidth=43

[LeftLeg]
ThighAlpha=-0.024989940226078
ThighTheta=-0.112653076648712
LowerLegAlpha=0.021419957280159
LowerLegTheta=-0.956757783889771

[RightLeg]
ThighAlpha=0.0856798067688942
ThighTheta=0.391905784606934
LowerLegAlpha=0.00713998824357986
LowerLegTheta=0.109479777514935
