[%General]
Highest=144
CenterX=23.5947372745573
CenterY=279.578016515344
XWidth=42

[LeftLeg]
ThighAlpha=-0.0999597683548927
ThighTheta=0.176119610667229
LowerLegAlpha=0.00356999784708023
LowerLegTheta=-1.02974426746368

[RightLeg]
ThighAlpha=0.13922968506813
ThighTheta=0.18246628344059
LowerLegAlpha=-0.0785398185253143
LowerLegTheta=-0.112653076648712
