[%General]
Highest=149
CenterX=33.9365481006334
CenterY=151.961432462488
XWidth=51

[LeftLeg]
ThighAlpha=-0.0642598494887352
ThighTheta=0.31891930103302
LowerLegAlpha=-0.103529758751392
LowerLegTheta=-0.388732433319092

[RightLeg]
ThighAlpha=0.0856798067688942
ThighTheta=-0.106306403875351
LowerLegAlpha=-0.00713998079299927
LowerLegTheta=0.0333199352025986
