[%General]
Highest=147
CenterX=37.9389447941969
CenterY=128.945521241263
XWidth=48

[LeftLeg]
ThighAlpha=-0.0428398996591568
ThighTheta=-0.322092592716217
LowerLegAlpha=-0.0107099711894989
LowerLegTheta=-0.747318267822266

[RightLeg]
ThighAlpha=0.103529766201973
ThighTheta=0.391905784606934
LowerLegAlpha=-0.0142799615859985
LowerLegTheta=0.109479777514935
