[%General]
Highest=144
CenterX=23.5947372745573
CenterY=279.578016515344
XWidth=42

[LeftLeg]
ThighAlpha=-0.0981747731566429
ThighTheta=0.0785398185253143
LowerLegAlpha=0.0589048638939857
LowerLegTheta=-0.785398185253143

[RightLeg]
ThighAlpha=0.0981747731566429
ThighTheta=0.196349546313286
LowerLegAlpha=-0.0392699092626572
LowerLegTheta=-0.157079637050629
