[%General]
Highest=144
CenterX=29.7869828134946
CenterY=184.332924888606
XWidth=53

[LeftLeg]
ThighAlpha=-0.0785398185253143
ThighTheta=0.59771865606308
LowerLegAlpha=0.021419957280159
LowerLegTheta=0.235959500074387

[RightLeg]
ThighAlpha=0.0678298473358154
ThighTheta=-0.514758765697479
LowerLegAlpha=0.00713998824357986
LowerLegTheta=-0.371959120035172
