[%General]
Highest=144
CenterX=24.4937978687979
CenterY=262.449071761572
XWidth=44

[LeftLeg]
ThighAlpha=-0.0606898590922356
ThighTheta=-0.322092592716217
LowerLegAlpha=0.00356999784708023
LowerLegTheta=-0.677505135536194

[RightLeg]
ThighAlpha=-0.00356999039649963
ThighTheta=0.391905784606934
LowerLegAlpha=0.13922968506813
LowerLegTheta=0.179292947053909
