[%General]
Highest=150
CenterX=38.7062038427596
CenterY=80.4877765563796
XWidth=48

[LeftLeg]
ThighAlpha=-0.0785398185253143
ThighTheta=0.0364932715892792
LowerLegAlpha=-0.121379718184471
LowerLegTheta=-0.0364932343363762

[RightLeg]
ThighAlpha=0.13922968506813
ThighTheta=0.109479777514935
LowerLegAlpha=0.13922968506813
LowerLegTheta=-0.255452752113342
