[%General]
Highest=146
CenterX=26.5301433957183
CenterY=201.946209775145
XWidth=51

[LeftLeg]
ThighAlpha=-0.157079637050629
ThighTheta=0.392699092626572
LowerLegAlpha=0.0785398185253143
LowerLegTheta=-0.0785398185253143

[RightLeg]
ThighAlpha=0.196349546313286
ThighTheta=0.235619455575943
LowerLegAlpha=0.196349546313286
LowerLegTheta=0.157079637050629
