[%General]
Highest=143
CenterX=24.7691423717805
CenterY=292.985485522996
XWidth=42

[LeftLeg]
ThighAlpha=-0.0392699092626572
ThighTheta=0.46489229798317
LowerLegAlpha=0.0606898665428162
LowerLegTheta=-0.0364932343363762

[RightLeg]
ThighAlpha=0.121379725635052
ThighTheta=-0.176119565963745
LowerLegAlpha=0.0142799690365791
LowerLegTheta=-0.0396665707230568
