[%General]
Highest=138
CenterX=24.4654499540863
CenterY=306.386736685032
XWidth=38

[LeftLeg]
ThighAlpha=-0.157079637050629
ThighTheta=-0.431798994541168
LowerLegAlpha=-0.157079637050629
LowerLegTheta=-0.275399327278137

[RightLeg]
ThighAlpha=0.0856798067688942
ThighTheta=-0.401879042387009
LowerLegAlpha=0.0642598569393158
LowerLegTheta=-0.259079366922379
