[%General]
Highest=143
CenterX=24.1243698499787
CenterY=274.799809689632
XWidth=41

[LeftLeg]
ThighAlpha=-0.196349546313286
ThighTheta=0.235619455575943
LowerLegAlpha=-0.157079637050629
LowerLegTheta=0

[RightLeg]
ThighAlpha=0.196349546313286
ThighTheta=0.392699092626572
LowerLegAlpha=-0.196349546313286
LowerLegTheta=-0.235619455575943
