[%General]
Highest=148
CenterX=39.7855418434824
CenterY=31.0351632203212
XWidth=49

[LeftLeg]
ThighAlpha=-0.0214199498295784
ThighTheta=0.46171897649765
LowerLegAlpha=0.00356999784708023
LowerLegTheta=-0.0333198979496956

[RightLeg]
ThighAlpha=0.13922968506813
ThighTheta=-0.391905754804611
LowerLegAlpha=0.046409897506237
LowerLegTheta=-0.179292917251587
