[%General]
Highest=144
CenterX=29.7869828134946
CenterY=184.332924888606
XWidth=53

[LeftLeg]
ThighAlpha=-0.0785398185253143
ThighTheta=0.607692003250122
LowerLegAlpha=0.00356999784708023
LowerLegTheta=0.176119610667229

[RightLeg]
ThighAlpha=0.0856798067688942
ThighTheta=-0.534705400466919
LowerLegAlpha=-0.0285599306225777
LowerLegTheta=-0.322092592716217
