[%General]
Highest=142
CenterX=23.5867058643861
CenterY=249.021342394624
XWidth=45

[LeftLeg]
ThighAlpha=-0.117809727787971
ThighTheta=-0.484838873147964
LowerLegAlpha=-0.0107099711894989
LowerLegTheta=-0.38827908039093

[RightLeg]
ThighAlpha=-0.00356999039649963
ThighTheta=0.544678807258606
LowerLegAlpha=0.0606898665428162
LowerLegTheta=0.378759175539017
