[%General]
Highest=147
CenterX=32.2956453190464
CenterY=167.4289572415
XWidth=53

[LeftLeg]
ThighAlpha=-0.0392699092626572
ThighTheta=0.544678807258606
LowerLegAlpha=-0.0678298398852348
LowerLegTheta=0.342039257287979

[RightLeg]
ThighAlpha=0.0499798879027367
ThighTheta=-0.395079076290131
LowerLegAlpha=-0.00356999039649963
LowerLegTheta=-0.0333198830485344
