[%General]
Highest=144
CenterX=23.7913850287586
CenterY=283.092237289559
XWidth=43

[LeftLeg]
ThighAlpha=-0.117809727787971
ThighTheta=0.391905784606934
LowerLegAlpha=-0.0606898590922356
LowerLegTheta=-0.817131459712982

[RightLeg]
ThighAlpha=0.13922968506813
ThighTheta=0.106306441128254
LowerLegAlpha=-0.0428398996591568
LowerLegTheta=-0.106306403875351
