[%General]
Highest=145
CenterX=30.9957014097527
CenterY=176.094183807103
XWidth=54

[LeftLeg]
ThighAlpha=-0.0999597683548927
ThighTheta=0.537878811359406
LowerLegAlpha=0.0285599380731583
LowerLegTheta=0.458545625209808

[RightLeg]
ThighAlpha=0.0856798067688942
ThighTheta=-0.461718916893005
LowerLegAlpha=-0.0285599306225777
LowerLegTheta=-0.2522794008255
