[%General]
Highest=145
CenterX=39.8479670100446
CenterY=42.2940855556625
XWidth=50

[LeftLeg]
ThighAlpha=-0.0606898590922356
ThighTheta=0.537878811359406
LowerLegAlpha=-0.117809727787971
LowerLegTheta=0.46171897649765

[RightLeg]
ThighAlpha=0.13922968506813
ThighTheta=-0.534705400466919
LowerLegAlpha=0.103529766201973
LowerLegTheta=-0.391905754804611
