[%General]
Highest=146
CenterX=39.71070512607
CenterY=55.097808346934
XWidth=53

[LeftLeg]
ThighAlpha=-0.117809727787971
ThighTheta=0.574598729610443
LowerLegAlpha=-0.103529758751392
LowerLegTheta=0.0863598436117172

[RightLeg]
ThighAlpha=0.13922968506813
ThighTheta=-0.484838873147964
LowerLegAlpha=0.0606898665428162
LowerLegTheta=-0.597718596458435
