[%General]
Highest=146
CenterX=38.2774449168922
CenterY=119.659354464631
XWidth=47

[LeftLeg]
ThighAlpha=-0.0606898590922356
ThighTheta=-0.484838873147964
LowerLegAlpha=-0.0464098900556564
LowerLegTheta=-0.478038877248764

[RightLeg]
ThighAlpha=0.0856798067688942
ThighTheta=0.537878811359406
LowerLegAlpha=-0.00356999039649963
LowerLegTheta=0.18291962146759
