[%General]
Highest=143
CenterX=23.3646340104728
CenterY=244.122052215249
XWidth=45

[LeftLeg]
ThighAlpha=-0.13922968506813
ThighTheta=-0.391905754804611
LowerLegAlpha=0.00356999784708023
LowerLegTheta=-0.398252427577972

[RightLeg]
ThighAlpha=-0.00356999039649963
ThighTheta=0.60451865196228
LowerLegAlpha=0.0428399071097374
LowerLegTheta=0.46489229798317
