[%General]
Highest=142
CenterX=23.7202057903763
CenterY=253.149944517301
XWidth=44

[LeftLeg]
ThighAlpha=-0.0981747731566429
ThighTheta=-0.431968986988068
LowerLegAlpha=-0.0392699092626572
LowerLegTheta=-0.510508835315704

[RightLeg]
ThighAlpha=0
ThighTheta=0.510508835315704
LowerLegAlpha=0.0785398185253143
LowerLegTheta=0.314159274101257
