[%General]
Highest=148
CenterX=36.288503543143
CenterY=140.448837015423
XWidth=49

[LeftLeg]
ThighAlpha=-0.157079637050629
ThighTheta=0.157079637050629
LowerLegAlpha=-0.196349546313286
LowerLegTheta=0.0785398185253143

[RightLeg]
ThighAlpha=0.117809727787971
ThighTheta=0.157079637050629
LowerLegAlpha=-0.0392699092626572
LowerLegTheta=0.0785398185253143
