[%General]
Highest=145
CenterX=27.0541307193931
CenterY=197.860351136325
XWidth=53

[LeftLeg]
ThighAlpha=-0.0981747731566429
ThighTheta=0.392699092626572
LowerLegAlpha=-0.0196349546313286
LowerLegTheta=0.157079637050629

[RightLeg]
ThighAlpha=0.0392699092626572
ThighTheta=-0.235619455575943
LowerLegAlpha=-0.0589048638939857
LowerLegTheta=-0.785398185253143
