[%General]
Highest=147
CenterX=26.0125183184138
CenterY=210.096579974222
XWidth=50

[LeftLeg]
ThighAlpha=-0.0392699092626572
ThighTheta=0.0364932715892792
LowerLegAlpha=-0.124949708580971
LowerLegTheta=0.106306441128254

[RightLeg]
ThighAlpha=0.0999597758054733
ThighTheta=0.388732463121414
LowerLegAlpha=-0.13922968506813
LowerLegTheta=-1.09955739974976
