[%General]
Highest=144
CenterX=23.7913850287586
CenterY=283.092237289559
XWidth=43

[LeftLeg]
ThighAlpha=-0.117809727787971
ThighTheta=0.401879131793976
LowerLegAlpha=-0.0785398185253143
LowerLegTheta=-0.777238190174103

[RightLeg]
ThighAlpha=0.13922968506813
ThighTheta=0.116279773414135
LowerLegAlpha=-0.00356999039649963
LowerLegTheta=-0.116279698908329
