[%General]
Highest=143
CenterX=24.8447295247725
CenterY=266.337019716886
XWidth=43

[LeftLeg]
ThighAlpha=-0.0107099711894989
ThighTheta=-0.139399647712708
LowerLegAlpha=0.00356999784708023
LowerLegTheta=-0.956757783889771

[RightLeg]
ThighAlpha=0.0678298473358154
ThighTheta=0.371959179639816
LowerLegAlpha=0.0606898665428162
LowerLegTheta=0.109479792416096
