[%General]
Highest=149
CenterX=35.3517929877805
CenterY=144.069307563294
XWidth=50

[LeftLeg]
ThighAlpha=-0.082109808921814
ThighTheta=0.245932787656784
LowerLegAlpha=-0.0499798804521561
LowerLegTheta=-0.956757783889771

[RightLeg]
ThighAlpha=0.0856798067688942
ThighTheta=0.106306441128254
LowerLegAlpha=-0.00713998079299927
LowerLegTheta=-0.0364932343363762
