[%General]
Highest=143
CenterX=24.7691423717805
CenterY=292.985485522996
XWidth=42

[LeftLeg]
ThighAlpha=-0.0392699092626572
ThighTheta=0.514758884906769
LowerLegAlpha=0.0249899476766586
LowerLegTheta=-0.0863597691059113

[RightLeg]
ThighAlpha=0.103529766201973
ThighTheta=-0.146199628710747
LowerLegAlpha=0.0321299284696579
LowerLegTheta=-0.0795597806572914
