[%General]
Highest=147
CenterX=32.9459538932016
CenterY=163.153904963538
XWidth=53

[LeftLeg]
ThighAlpha=-0.0214199498295784
ThighTheta=0.534705460071564
LowerLegAlpha=-0.0321299210190773
LowerLegTheta=0.18246628344059

[RightLeg]
ThighAlpha=0.103529766201973
ThighTheta=-0.325265914201736
LowerLegAlpha=-0.0464098900556564
LowerLegTheta=-0.0333198979496956
