[%General]
Highest=147
CenterX=25.9611272904871
CenterY=205.864406779661
XWidth=51

[LeftLeg]
ThighAlpha=-0.157079637050629
ThighTheta=0.235619455575943
LowerLegAlpha=0.0392699092626572
LowerLegTheta=0

[RightLeg]
ThighAlpha=0.196349546313286
ThighTheta=0.235619455575943
LowerLegAlpha=0.196349546313286
LowerLegTheta=0
