[%General]
Highest=150
CenterX=34.6017764381453
CenterY=148.104838709677
XWidth=51

[LeftLeg]
ThighAlpha=-0.117809727787971
ThighTheta=0.157079637050629
LowerLegAlpha=-0.196349546313286
LowerLegTheta=-0.392699092626572

[RightLeg]
ThighAlpha=0.0785398185253143
ThighTheta=0.0785398185253143
LowerLegAlpha=0.157079637050629
LowerLegTheta=-0.235619455575943
