[%General]
Highest=147
CenterX=25.5790398350074
CenterY=220.930489248749
XWidth=49

[LeftLeg]
ThighAlpha=-0.157079637050629
ThighTheta=-0.0785398185253143
LowerLegAlpha=0
LowerLegTheta=-0.0785398185253143

[RightLeg]
ThighAlpha=0.0392699092626572
ThighTheta=0.392699092626572
LowerLegAlpha=0.196349546313286
LowerLegTheta=-0.392699092626572
