[%General]
Highest=147
CenterX=25.5790398350074
CenterY=220.930489248749
XWidth=49

[LeftLeg]
ThighAlpha=-0.117809727787971
ThighTheta=-0.109479740262032
LowerLegAlpha=-0.0142799615859985
LowerLegTheta=-0.0364932343363762

[RightLeg]
ThighAlpha=0.0856798067688942
ThighTheta=0.391905784606934
LowerLegAlpha=0.021419957280159
LowerLegTheta=-0.322092592716217
