[%General]
Highest=146
CenterX=38.1057628136679
CenterY=123.990873598505
XWidth=47

[LeftLeg]
ThighAlpha=-0.0642598494887352
ThighTheta=-0.395079076290131
LowerLegAlpha=-0.0107099711894989
LowerLegTheta=-0.607691943645477

[RightLeg]
ThighAlpha=0.0856798067688942
ThighTheta=0.534705460071564
LowerLegAlpha=0.0285599380731583
LowerLegTheta=0.106306441128254
