[%General]
Highest=144
CenterX=24.5279408197914
CenterY=289.903880669415
XWidth=42

[LeftLeg]
ThighAlpha=-0.196349546313286
ThighTheta=0.0785398185253143
LowerLegAlpha=-0.117809727787971
LowerLegTheta=-0.235619455575943

[RightLeg]
ThighAlpha=0.157079637050629
ThighTheta=-0.0785398185253143
LowerLegAlpha=-0.0392699092626572
LowerLegTheta=-0.0785398185253143
