[%General]
Highest=145
CenterX=39.760620079539
CenterY=46.4414901387874
XWidth=51

[LeftLeg]
ThighAlpha=-0.0999597683548927
ThighTheta=0.60451865196228
LowerLegAlpha=-0.121379718184471
LowerLegTheta=0.31891930103302

[RightLeg]
ThighAlpha=0.13922968506813
ThighTheta=-0.537878751754761
LowerLegAlpha=0.13922968506813
LowerLegTheta=-0.38555908203125
