[%General]
Highest=142
CenterX=24.7952220189161
CenterY=295.840837048682
XWidth=41

[LeftLeg]
ThighAlpha=-0.0214199498295784
ThighTheta=0.60451865196228
LowerLegAlpha=0.0606898665428162
LowerLegTheta=-0.00339995324611664

[RightLeg]
ThighAlpha=0.0856798067688942
ThighTheta=-0.206039488315582
LowerLegAlpha=0.046409897506237
LowerLegTheta=-0.162519589066505
