[%General]
Highest=147
CenterX=38.2826543469131
CenterY=110.820954350144
XWidth=48

[LeftLeg]
ThighAlpha=-0.082109808921814
ThighTheta=-0.461718916893005
LowerLegAlpha=-0.0642598494887352
LowerLegTheta=-0.398252427577972

[RightLeg]
ThighAlpha=0.0321299284696579
ThighTheta=0.60451865196228
LowerLegAlpha=0.0642598569393158
LowerLegTheta=0.322092622518539
