[%General]
Highest=145
CenterX=28.775831903368
CenterY=189.169526597355
XWidth=54

[LeftLeg]
ThighAlpha=-0.082109808921814
ThighTheta=0.537878811359406
LowerLegAlpha=-0.00713998079299927
LowerLegTheta=0.172946274280548

[RightLeg]
ThighAlpha=0.0678298473358154
ThighTheta=-0.395079076290131
LowerLegAlpha=-0.0285599306225777
LowerLegTheta=-0.601345241069794
