[%General]
Highest=141
CenterX=24.6593241104702
CenterY=299.249170452805
XWidth=40

[LeftLeg]
ThighAlpha=-0.0606898590922356
ThighTheta=0.717398405075073
LowerLegAlpha=0.0999597758054733
LowerLegTheta=0.0863598436117172

[RightLeg]
ThighAlpha=0.0499798879027367
ThighTheta=-0.288999319076538
LowerLegAlpha=0.0999597758054733
LowerLegTheta=-0.199239507317543
