[%General]
Highest=149
CenterX=38.6198300985924
CenterY=76.7598747442178
XWidth=47

[LeftLeg]
ThighAlpha=-0.0785398185253143
ThighTheta=0.109479792416096
LowerLegAlpha=-0.121379718184471
LowerLegTheta=-0.0496398508548737

[RightLeg]
ThighAlpha=0.121379725635052
ThighTheta=0.116279773414135
LowerLegAlpha=-0.157079637050629
LowerLegTheta=-0.979877710342407
