[%General]
Highest=148
CenterX=38.4184653793888
CenterY=103.0821982745
XWidth=48

[LeftLeg]
ThighAlpha=-0.0606898590922356
ThighTheta=-0.395079076290131
LowerLegAlpha=-0.103529758751392
LowerLegTheta=-0.206039488315582

[RightLeg]
ThighAlpha=0.0321299284696579
ThighTheta=0.544678807258606
LowerLegAlpha=0.00356999784708023
LowerLegTheta=0.401879131793976
