[%General]
Highest=148
CenterX=39.0613615030943
CenterY=69.2673051529663
XWidth=51

[LeftLeg]
ThighAlpha=-0.0785398185253143
ThighTheta=0.322092622518539
LowerLegAlpha=-0.0856797993183136
LowerLegTheta=-0.0396665707230568

[RightLeg]
ThighAlpha=0.13922968506813
ThighTheta=-0.109479740262032
LowerLegAlpha=0.0107099786400795
LowerLegTheta=-1.02974426746368
