[%General]
Highest=144
CenterX=24.5279408197914
CenterY=289.903880669415
XWidth=42

[LeftLeg]
ThighAlpha=-0.0999597683548927
ThighTheta=0.185639619827271
LowerLegAlpha=-0.157079637050629
LowerLegTheta=-0.395079076290131

[RightLeg]
ThighAlpha=0.13922968506813
ThighTheta=-0.106306403875351
LowerLegAlpha=-0.024989940226078
LowerLegTheta=0.0364932715892792
