[%General]
Highest=148
CenterX=37.7245265120539
CenterY=133.184766608878
XWidth=48

[LeftLeg]
ThighAlpha=-0.0606898590922356
ThighTheta=-0.222359463572502
LowerLegAlpha=0.00713998824357986
LowerLegTheta=-0.866998016834259

[RightLeg]
ThighAlpha=0.103529766201973
ThighTheta=0.342039257287979
LowerLegAlpha=-0.0107099711894989
LowerLegTheta=0.109479792416096
