[%General]
Highest=150
CenterX=39.0246244193453
CenterY=84.2407910886013
XWidth=48

[LeftLeg]
ThighAlpha=-0.117809727787971
ThighTheta=0
LowerLegAlpha=-0.157079637050629
LowerLegTheta=-0.157079637050629

[RightLeg]
ThighAlpha=0.117809727787971
ThighTheta=0.235619455575943
LowerLegAlpha=0.117809727787971
LowerLegTheta=-0.471238911151886
