[%General]
Highest=150
CenterX=39.1535208190274
CenterY=88.3459017416818
XWidth=49

[LeftLeg]
ThighAlpha=-0.0981747731566429
ThighTheta=-0.117809727787971
LowerLegAlpha=-0.0981747731566429
LowerLegTheta=-0.117809727787971

[RightLeg]
ThighAlpha=0.0981747731566429
ThighTheta=0.471238911151886
LowerLegAlpha=0.0589048638939857
LowerLegTheta=-0.549778699874878
