[%General]
Highest=144
CenterX=23.8008833525992
CenterY=236.318559031073
XWidth=45

[LeftLeg]
ThighAlpha=-0.117809727787971
ThighTheta=-0.395079076290131
LowerLegAlpha=0.00356999784708023
LowerLegTheta=-0.172946244478226

[RightLeg]
ThighAlpha=-0.0214199498295784
ThighTheta=0.534705460071564
LowerLegAlpha=0.00713998824357986
LowerLegTheta=0.534705460071564
