[%General]
Highest=148
CenterX=38.5267931144406
CenterY=73.0066464775263
XWidth=50

[LeftLeg]
ThighAlpha=-0.117809727787971
ThighTheta=0.157079637050629
LowerLegAlpha=-0.0785398185253143
LowerLegTheta=0

[RightLeg]
ThighAlpha=0.196349546313286
ThighTheta=0.0785398185253143
LowerLegAlpha=0.117809727787971
LowerLegTheta=0.157079637050629
