[%General]
Highest=149
CenterX=35.3517929877805
CenterY=144.069307563294
XWidth=50

[LeftLeg]
ThighAlpha=-0.157079637050629
ThighTheta=0
LowerLegAlpha=-0.196349546313286
LowerLegTheta=0.157079637050629

[RightLeg]
ThighAlpha=0.0785398185253143
ThighTheta=0.0785398185253143
LowerLegAlpha=0
LowerLegTheta=0
