[%General]
Highest=149
CenterX=37.3908327501749
CenterY=136.84907860975
XWidth=47

[LeftLeg]
ThighAlpha=-0.0606898590922356
ThighTheta=-0.0396665707230568
LowerLegAlpha=0.021419957280159
LowerLegTheta=-0.956757783889771

[RightLeg]
ThighAlpha=0.103529766201973
ThighTheta=0.249106109142303
LowerLegAlpha=-0.00713998079299927
LowerLegTheta=0.0364932715892792
