[%General]
Highest=143
CenterX=23.3646340104728
CenterY=244.122052215249
XWidth=45

[LeftLeg]
ThighAlpha=-0.157079637050629
ThighTheta=-0.471238911151886
LowerLegAlpha=0.0392699092626572
LowerLegTheta=-0.235619455575943

[RightLeg]
ThighAlpha=-0.0392699092626572
ThighTheta=0.549778699874878
LowerLegAlpha=0.0785398185253143
LowerLegTheta=0.549778699874878
