[%General]
Highest=150
CenterX=34.6017764381453
CenterY=148.104838709677
XWidth=51

[LeftLeg]
ThighAlpha=-0.0981747731566429
ThighTheta=0.196349546313286
LowerLegAlpha=-0.0981747731566429
LowerLegTheta=-0.471238911151886

[RightLeg]
ThighAlpha=0.0981747731566429
ThighTheta=0.0392699092626572
LowerLegAlpha=0.0981747731566429
LowerLegTheta=-0.157079637050629
