[%General]
Highest=144
CenterX=23.5947372745573
CenterY=279.578016515344
XWidth=42

[LeftLeg]
ThighAlpha=-0.157079637050629
ThighTheta=0.157079637050629
LowerLegAlpha=-0.196349546313286
LowerLegTheta=-0.0785398185253143

[RightLeg]
ThighAlpha=0.196349546313286
ThighTheta=0.235619455575943
LowerLegAlpha=-0.157079637050629
LowerLegTheta=-0.157079637050629
