[%General]
Highest=145
CenterX=39.8946407722287
CenterY=50.6728223512194
XWidth=52

[LeftLeg]
ThighAlpha=-0.117809727787971
ThighTheta=0.59771865606308
LowerLegAlpha=-0.103529758751392
LowerLegTheta=0.176119640469551

[RightLeg]
ThighAlpha=0.13922968506813
ThighTheta=-0.544678747653961
LowerLegAlpha=0.0999597758054733
LowerLegTheta=-0.507958829402924
