[%General]
Highest=149
CenterX=35.3517929877805
CenterY=144.069307563294
XWidth=50

[LeftLeg]
ThighAlpha=-0.0999597683548927
ThighTheta=0.235959500074387
LowerLegAlpha=-0.0142799615859985
LowerLegTheta=-0.956757783889771

[RightLeg]
ThighAlpha=0.0856798067688942
ThighTheta=0.116279773414135
LowerLegAlpha=0.00713998824357986
LowerLegTheta=-0.00339995324611664
