[%General]
Highest=145
CenterX=39.8479670100446
CenterY=42.2940855556625
XWidth=50

[LeftLeg]
ThighAlpha=-0.0785398185253143
ThighTheta=0.471238911151886
LowerLegAlpha=-0.0981747731566429
LowerLegTheta=0.549778699874878

[RightLeg]
ThighAlpha=0.0981747731566429
ThighTheta=-0.549778699874878
LowerLegAlpha=0.0981747731566429
LowerLegTheta=-0.314159274101257
