[%General]
Highest=146
CenterX=38.2446616173956
CenterY=115.080218258816
XWidth=48

[LeftLeg]
ThighAlpha=-0.082109808921814
ThighTheta=-0.491638839244843
LowerLegAlpha=-0.0642598494887352
LowerLegTheta=-0.365159124135971

[RightLeg]
ThighAlpha=0.0678298473358154
ThighTheta=0.574598729610443
LowerLegAlpha=0.0285599380731583
LowerLegTheta=0.259079456329346
