[%General]
Highest=141
CenterX=24.6593241104702
CenterY=299.249170452805
XWidth=40

[LeftLeg]
ThighAlpha=-0.0606898590922356
ThighTheta=0.74731832742691
LowerLegAlpha=0.0999597758054733
LowerLegTheta=0.0364932715892792

[RightLeg]
ThighAlpha=0.0678298473358154
ThighTheta=-0.318919241428375
LowerLegAlpha=0.0642598569393158
LowerLegTheta=-0.109479740262032
