[%General]
Highest=146
CenterX=39.7844994110718
CenterY=38.5077659992148
XWidth=51

[LeftLeg]
ThighAlpha=-0.117809727787971
ThighTheta=0.471238911151886
LowerLegAlpha=-0.0392699092626572
LowerLegTheta=0.392699092626572

[RightLeg]
ThighAlpha=0.196349546313286
ThighTheta=-0.549778699874878
LowerLegAlpha=0.0392699092626572
LowerLegTheta=-0.235619455575943
