[%General]
Highest=146
CenterX=26.5301433957183
CenterY=201.946209775145
XWidth=51

[LeftLeg]
ThighAlpha=-0.0785398185253143
ThighTheta=0.391905784606934
LowerLegAlpha=-0.0321299210190773
LowerLegTheta=-0.0364932343363762

[RightLeg]
ThighAlpha=0.0606898665428162
ThighTheta=0.103133104741573
LowerLegAlpha=-0.13922968506813
LowerLegTheta=-1.09955739974976
