[%General]
Highest=142
CenterX=23.7202057903763
CenterY=253.149944517301
XWidth=44

[LeftLeg]
ThighAlpha=-0.121379718184471
ThighTheta=-0.464892268180847
LowerLegAlpha=-0.0107099711894989
LowerLegTheta=-0.468065589666367

[RightLeg]
ThighAlpha=-0.00356999039649963
ThighTheta=0.534705460071564
LowerLegAlpha=0.0606898665428162
LowerLegTheta=0.31891930103302
