[%General]
Highest=143
CenterX=24.6500787711698
CenterY=270.15557306026
XWidth=42

[LeftLeg]
ThighAlpha=-0.157079637050629
ThighTheta=0.235619455575943
LowerLegAlpha=-0.196349546313286
LowerLegTheta=0.235619455575943

[RightLeg]
ThighAlpha=0.157079637050629
ThighTheta=0.392699092626572
LowerLegAlpha=-0.0785398185253143
LowerLegTheta=0
