[%General]
Highest=147
CenterX=39.7665073222551
CenterY=35.1107367782078
XWidth=49

[LeftLeg]
ThighAlpha=-0.0785398185253143
ThighTheta=0.484838932752609
LowerLegAlpha=-0.0142799615859985
LowerLegTheta=0.176119640469551

[RightLeg]
ThighAlpha=0.13922968506813
ThighTheta=-0.484838873147964
LowerLegAlpha=0.0821098163723946
LowerLegTheta=-0.206039488315582
