[%General]
Highest=148
CenterX=39.0613615030943
CenterY=69.2673051529663
XWidth=51

[LeftLeg]
ThighAlpha=-0.0785398185253143
ThighTheta=0.314159274101257
LowerLegAlpha=-0.117809727787971
LowerLegTheta=0

[RightLeg]
ThighAlpha=0.157079637050629
ThighTheta=0.157079637050629
LowerLegAlpha=0.196349546313286
LowerLegTheta=0.157079637050629
