[%General]
Highest=138
CenterX=24.4654499540863
CenterY=306.386736685032
XWidth=38

[LeftLeg]
ThighAlpha=-0.196349546313286
ThighTheta=-0.314159274101257
LowerLegAlpha=-0.117809727787971
LowerLegTheta=-0.471238911151886

[RightLeg]
ThighAlpha=0.0785398185253143
ThighTheta=-0.392699092626572
LowerLegAlpha=0.0785398185253143
LowerLegTheta=-0.314159274101257
