[%General]
Highest=145
CenterX=23.9159592334415
CenterY=286.544988151931
XWidth=41

[LeftLeg]
ThighAlpha=-0.196349546313286
ThighTheta=0.157079637050629
LowerLegAlpha=0
LowerLegTheta=-0.314159274101257

[RightLeg]
ThighAlpha=0.117809727787971
ThighTheta=0
LowerLegAlpha=0.0785398185253143
LowerLegTheta=0
