[%General]
Highest=146
CenterX=23.9757246098255
CenterY=228.577592834627
XWidth=48

[LeftLeg]
ThighAlpha=-0.117809727787971
ThighTheta=-0.235619455575943
LowerLegAlpha=-0.0392699092626572
LowerLegTheta=-0.157079637050629

[RightLeg]
ThighAlpha=0
ThighTheta=0.471238911151886
LowerLegAlpha=0.0392699092626572
LowerLegTheta=0.235619455575943
