[%General]
Highest=150
CenterX=34.6017764381453
CenterY=148.104838709677
XWidth=51

[LeftLeg]
ThighAlpha=-0.0785398185253143
ThighTheta=0.19243960082531
LowerLegAlpha=-0.13922968506813
LowerLegTheta=-0.448118954896927

[RightLeg]
ThighAlpha=0.103529766201973
ThighTheta=0.0265199784189463
LowerLegAlpha=0.0999597758054733
LowerLegTheta=-0.139399647712708
