[%General]
Highest=147
CenterX=25.9611272904871
CenterY=205.864406779661
XWidth=51

[LeftLeg]
ThighAlpha=-0.0785398185253143
ThighTheta=0.179292947053909
LowerLegAlpha=-0.0321299210190773
LowerLegTheta=0.106306441128254

[RightLeg]
ThighAlpha=0.046409897506237
ThighTheta=0.172946274280548
LowerLegAlpha=0.00356999784708023
LowerLegTheta=-1.09955739974976
