[%General]
Highest=146
CenterX=38.2774449168922
CenterY=119.659354464631
XWidth=47

[LeftLeg]
ThighAlpha=-0.0428398996591568
ThighTheta=-0.464892268180847
LowerLegAlpha=-0.082109808921814
LowerLegTheta=-0.468065589666367

[RightLeg]
ThighAlpha=0.0856798067688942
ThighTheta=0.537878811359406
LowerLegAlpha=-0.00356999039649963
LowerLegTheta=0.172946274280548
