[%General]
Highest=142
CenterX=23.5867058643861
CenterY=249.021342394624
XWidth=45

[LeftLeg]
ThighAlpha=-0.117809727787971
ThighTheta=-0.471238911151886
LowerLegAlpha=-0.0392699092626572
LowerLegTheta=-0.392699092626572

[RightLeg]
ThighAlpha=0
ThighTheta=0.549778699874878
LowerLegAlpha=0.0392699092626572
LowerLegTheta=0.392699092626572
