[%General]
Highest=147
CenterX=39.3511938123529
CenterY=64.4691498390635
XWidth=53

[LeftLeg]
ThighAlpha=-0.0428398996591568
ThighTheta=0.424999058246613
LowerLegAlpha=-0.157079637050629
LowerLegTheta=0.0102000124752522

[RightLeg]
ThighAlpha=0.121379725635052
ThighTheta=-0.282199323177338
LowerLegAlpha=0.0999597758054733
LowerLegTheta=-0.896917939186096
