[%General]
Highest=138
CenterX=24.4654499540863
CenterY=306.386736685032
XWidth=38

[LeftLeg]
ThighAlpha=-0.157079637050629
ThighTheta=-0.461718916893005
LowerLegAlpha=-0.0856797993183136
LowerLegTheta=-0.255452752113342

[RightLeg]
ThighAlpha=0.0856798067688942
ThighTheta=-0.391905754804611
LowerLegAlpha=0.0678298473358154
LowerLegTheta=-0.249106079339981
