[%General]
Highest=150
CenterX=38.7062038427596
CenterY=80.4877765563796
XWidth=48

[LeftLeg]
ThighAlpha=-0.0981747731566429
ThighTheta=0.0785398185253143
LowerLegAlpha=-0.0589048638939857
LowerLegTheta=-0.157079637050629

[RightLeg]
ThighAlpha=0.0981747731566429
ThighTheta=0.0785398185253143
LowerLegAlpha=0.0981747731566429
LowerLegTheta=-0.235619455575943
