[%General]
Highest=149
CenterX=37.3908327501749
CenterY=136.84907860975
XWidth=47

[LeftLeg]
ThighAlpha=-0.157079637050629
ThighTheta=0.157079637050629
LowerLegAlpha=-0.196349546313286
LowerLegTheta=0.157079637050629

[RightLeg]
ThighAlpha=0.117809727787971
ThighTheta=0.235619455575943
LowerLegAlpha=-0.0392699092626572
LowerLegTheta=0.0785398185253143
