[%General]
Highest=142
CenterX=24.7952220189161
CenterY=295.840837048682
XWidth=41

[LeftLeg]
ThighAlpha=-0.196349546313286
ThighTheta=-0.0785398185253143
LowerLegAlpha=-0.0785398185253143
LowerLegTheta=-0.314159274101257

[RightLeg]
ThighAlpha=0.0785398185253143
ThighTheta=-0.235619455575943
LowerLegAlpha=0.0785398185253143
LowerLegTheta=-0.157079637050629
