[%General]
Highest=148
CenterX=25.7559807788361
CenterY=213.83343380238
XWidth=49

[LeftLeg]
ThighAlpha=-0.196349546313286
ThighTheta=0.0785398185253143
LowerLegAlpha=0.0392699092626572
LowerLegTheta=-0.0785398185253143

[RightLeg]
ThighAlpha=0.157079637050629
ThighTheta=0.235619455575943
LowerLegAlpha=0.196349546313286
LowerLegTheta=-0.314159274101257
