[%General]
Highest=145
CenterX=30.4764041393475
CenterY=179.694604629118
XWidth=52

[LeftLeg]
ThighAlpha=-0.0999597683548927
ThighTheta=0.537878811359406
LowerLegAlpha=0.0249899476766586
LowerLegTheta=0.388732463121414

[RightLeg]
ThighAlpha=0.0678298473358154
ThighTheta=-0.461718916893005
LowerLegAlpha=-0.00713998079299927
LowerLegTheta=-0.325265914201736
