[%General]
Highest=147
CenterX=39.7665073222551
CenterY=35.1107367782078
XWidth=49

[LeftLeg]
ThighAlpha=-0.0785398185253143
ThighTheta=0.471238911151886
LowerLegAlpha=0
LowerLegTheta=0.235619455575943

[RightLeg]
ThighAlpha=0.196349546313286
ThighTheta=-0.471238911151886
LowerLegAlpha=0
LowerLegTheta=-0.235619455575943
