[%General]
Highest=143
CenterX=24.6500787711698
CenterY=270.15557306026
XWidth=42

[LeftLeg]
ThighAlpha=-0.0214199498295784
ThighTheta=0.030146598815918
LowerLegAlpha=-0.0107099711894989
LowerLegTheta=-1.09955739974976

[RightLeg]
ThighAlpha=0.103529766201973
ThighTheta=0.395079135894775
LowerLegAlpha=-0.00356999039649963
LowerLegTheta=-0.112653076648712
