[%General]
Highest=148
CenterX=38.5267931144406
CenterY=73.0066464775263
XWidth=50

[LeftLeg]
ThighAlpha=-0.117809727787971
ThighTheta=0.169319659471512
LowerLegAlpha=-0.103529758751392
LowerLegTheta=0.0333199612796307

[RightLeg]
ThighAlpha=0.13922968506813
ThighTheta=0.0333199612796307
LowerLegAlpha=-0.13922968506813
LowerLegTheta=-1.06963741779327
