[%General]
Highest=147
CenterX=38.5340599891162
CenterY=106.580140209354
XWidth=48

[LeftLeg]
ThighAlpha=-0.0606898590922356
ThighTheta=-0.431798994541168
LowerLegAlpha=-0.0999597683548927
LowerLegTheta=-0.282199323177338

[RightLeg]
ThighAlpha=0.0678298473358154
ThighTheta=0.567798733711243
LowerLegAlpha=0.00713998824357986
LowerLegTheta=0.468518972396851
