[%General]
Highest=149
CenterX=33.7981189365326
CenterY=155.674961119751
XWidth=52

[LeftLeg]
ThighAlpha=0.0428399071097374
ThighTheta=0.395079135894775
LowerLegAlpha=-0.121379718184471
LowerLegTheta=-0.182466238737106

[RightLeg]
ThighAlpha=0.0856798067688942
ThighTheta=-0.176119565963745
LowerLegAlpha=-0.00713998079299927
LowerLegTheta=-0.0396665707230568
