[%General]
Highest=148
CenterX=39.7855418434824
CenterY=31.0351632203212
XWidth=49

[LeftLeg]
ThighAlpha=-0.0392699092626572
ThighTheta=0.46171897649765
LowerLegAlpha=0.021419957280159
LowerLegTheta=-0.0333198830485344

[RightLeg]
ThighAlpha=0.13922968506813
ThighTheta=-0.371959120035172
LowerLegAlpha=0.046409897506237
LowerLegTheta=-0.229159444570541
