[%General]
Highest=147
CenterX=32.2956453190464
CenterY=167.4289572415
XWidth=53

[LeftLeg]
ThighAlpha=-0.0981747731566429
ThighTheta=0.510508835315704
LowerLegAlpha=0
LowerLegTheta=0.431968986988068

[RightLeg]
ThighAlpha=0.0589048638939857
ThighTheta=-0.392699092626572
LowerLegAlpha=-0.0196349546313286
LowerLegTheta=-0.0392699092626572
