[%General]
Highest=144
CenterX=23.7913850287586
CenterY=283.092237289559
XWidth=43

[LeftLeg]
ThighAlpha=-0.196349546313286
ThighTheta=0.0785398185253143
LowerLegAlpha=-0.117809727787971
LowerLegTheta=-0.157079637050629

[RightLeg]
ThighAlpha=0.196349546313286
ThighTheta=0.0785398185253143
LowerLegAlpha=-0.117809727787971
LowerLegTheta=-0.0785398185253143
