[%General]
Highest=145
CenterX=23.9159592334415
CenterY=286.544988151931
XWidth=41

[LeftLeg]
ThighAlpha=-0.117809727787971
ThighTheta=0.245932787656784
LowerLegAlpha=-0.121379718184471
LowerLegTheta=-0.38555908203125

[RightLeg]
ThighAlpha=0.121379725635052
ThighTheta=-0.0364932343363762
LowerLegAlpha=0.0499798879027367
LowerLegTheta=0.0364932715892792
