[%General]
Highest=145
CenterX=23.786699943935
CenterY=232.202195576294
XWidth=46

[LeftLeg]
ThighAlpha=-0.0999597683548927
ThighTheta=-0.249106079339981
LowerLegAlpha=-0.0321299210190773
LowerLegTheta=-0.255452752113342

[RightLeg]
ThighAlpha=-0.00356999039649963
ThighTheta=0.537878811359406
LowerLegAlpha=0.00713998824357986
LowerLegTheta=0.31891930103302
