[%General]
Highest=149
CenterX=35.3517929877805
CenterY=144.069307563294
XWidth=50

[LeftLeg]
ThighAlpha=-0.0981747731566429
ThighTheta=0.157079637050629
LowerLegAlpha=0.0196349546313286
LowerLegTheta=-0.785398185253143

[RightLeg]
ThighAlpha=0.0785398185253143
ThighTheta=0.117809727787971
LowerLegAlpha=0
LowerLegTheta=-0.0392699092626572
