[%General]
Highest=149
CenterX=38.4403652242954
CenterY=99.6072886065899
XWidth=50

[LeftLeg]
ThighAlpha=-0.0642598494887352
ThighTheta=-0.388732433319092
LowerLegAlpha=-0.103529758751392
LowerLegTheta=-0.112653076648712

[RightLeg]
ThighAlpha=0.0142799690365791
ThighTheta=0.534705460071564
LowerLegAlpha=-0.0107099711894989
LowerLegTheta=0.18246628344059
