[%General]
Highest=147
CenterX=24.6878716038233
CenterY=224.609091593287
XWidth=48

[LeftLeg]
ThighAlpha=-0.0785398185253143
ThighTheta=-0.176119565963745
LowerLegAlpha=-0.0999597683548927
LowerLegTheta=-0.106306403875351

[RightLeg]
ThighAlpha=0.0321299284696579
ThighTheta=0.46489229798317
LowerLegAlpha=0.00356999784708023
LowerLegTheta=-0.109479740262032
