[%General]
Highest=146
CenterX=26.5301433957183
CenterY=201.946209775145
XWidth=51

[LeftLeg]
ThighAlpha=-0.0785398185253143
ThighTheta=0.371959179639816
LowerLegAlpha=-0.0499798804521561
LowerLegTheta=-0.0265199020504951

[RightLeg]
ThighAlpha=0.0606898665428162
ThighTheta=0.152999684214592
LowerLegAlpha=-0.13922968506813
LowerLegTheta=-1.09955739974976
