[%General]
Highest=146
CenterX=31.7382712730206
CenterY=171.972621768159
XWidth=53

[LeftLeg]
ThighAlpha=-0.0392699092626572
ThighTheta=0.534705460071564
LowerLegAlpha=-0.0499798804521561
LowerLegTheta=0.46489229798317

[RightLeg]
ThighAlpha=0.0678298473358154
ThighTheta=-0.461718916893005
LowerLegAlpha=-0.00713998079299927
LowerLegTheta=-0.109479740262032
