[%General]
Highest=143
CenterX=24.7691423717805
CenterY=292.985485522996
XWidth=42

[LeftLeg]
ThighAlpha=-0.196349546313286
ThighTheta=0
LowerLegAlpha=-0.117809727787971
LowerLegTheta=-0.314159274101257

[RightLeg]
ThighAlpha=0.117809727787971
ThighTheta=-0.157079637050629
LowerLegAlpha=0
LowerLegTheta=-0.0785398185253143
