[%General]
Highest=143
CenterX=24.6500787711698
CenterY=270.15557306026
XWidth=42

[LeftLeg]
ThighAlpha=-0.0392699092626572
ThighTheta=-0.117809727787971
LowerLegAlpha=0
LowerLegTheta=-0.785398185253143

[RightLeg]
ThighAlpha=0.0981747731566429
ThighTheta=0.392699092626572
LowerLegAlpha=0
LowerLegTheta=-0.0392699092626572
