[%General]
Highest=145
CenterX=27.994785069176
CenterY=193.503709674766
XWidth=54

[LeftLeg]
ThighAlpha=-0.0392699092626572
ThighTheta=0.484838932752609
LowerLegAlpha=-0.0499798804521561
LowerLegTheta=0.146199703216553

[RightLeg]
ThighAlpha=0.0678298473358154
ThighTheta=-0.342039197683334
LowerLegAlpha=-0.0321299210190773
LowerLegTheta=-0.687478423118591
