[%General]
Highest=147
CenterX=38.5340599891162
CenterY=106.580140209354
XWidth=48

[LeftLeg]
ThighAlpha=-0.0785398185253143
ThighTheta=-0.391905754804611
LowerLegAlpha=-0.082109808921814
LowerLegTheta=-0.322092592716217

[RightLeg]
ThighAlpha=0.0678298473358154
ThighTheta=0.607692003250122
LowerLegAlpha=0.00713998824357986
LowerLegTheta=0.388732463121414
