[%General]
Highest=143
CenterX=24.009128477148
CenterY=257.775612163079
XWidth=46

[LeftLeg]
ThighAlpha=-0.117809727787971
ThighTheta=-0.392699092626572
LowerLegAlpha=0
LowerLegTheta=-0.549778699874878

[RightLeg]
ThighAlpha=0
ThighTheta=0.471238911151886
LowerLegAlpha=0.117809727787971
LowerLegTheta=0.235619455575943
