[%General]
Highest=148
CenterX=37.7245265120539
CenterY=133.184766608878
XWidth=48

[LeftLeg]
ThighAlpha=-0.0392699092626572
ThighTheta=-0.235619455575943
LowerLegAlpha=-0.0392699092626572
LowerLegTheta=-0.785398185253143

[RightLeg]
ThighAlpha=0.117809727787971
ThighTheta=0.314159274101257
LowerLegAlpha=0
LowerLegTheta=0.0785398185253143
