[%General]
Highest=150
CenterX=39.1535208190274
CenterY=88.3459017416818
XWidth=49

[LeftLeg]
ThighAlpha=-0.0392699092626572
ThighTheta=-0.157079637050629
LowerLegAlpha=-0.196349546313286
LowerLegTheta=-0.0785398185253143

[RightLeg]
ThighAlpha=0.117809727787971
ThighTheta=0.471238911151886
LowerLegAlpha=0.117809727787971
LowerLegTheta=-0.628318548202515
