[%General]
Highest=148
CenterX=25.7559807788361
CenterY=213.83343380238
XWidth=49

[LeftLeg]
ThighAlpha=-0.117809727787971
ThighTheta=-0.0364932343363762
LowerLegAlpha=-0.0499798804521561
LowerLegTheta=0.176119610667229

[RightLeg]
ThighAlpha=0.13922968506813
ThighTheta=0.322092622518539
LowerLegAlpha=0.0999597758054733
LowerLegTheta=-0.398252427577972
