[%General]
Highest=150
CenterX=39.1535208190274
CenterY=88.3459017416818
XWidth=49

[LeftLeg]
ThighAlpha=-0.082109808921814
ThighTheta=-0.109479740262032
LowerLegAlpha=-0.117809727787971
LowerLegTheta=-0.172946244478226

[RightLeg]
ThighAlpha=0.103529766201973
ThighTheta=0.46171897649765
LowerLegAlpha=0.0999597758054733
LowerLegTheta=-0.601345241069794
