[%General]
Highest=149
CenterX=33.2774466750314
CenterY=159.292717006958
XWidth=53

[LeftLeg]
ThighAlpha=-0.0785398185253143
ThighTheta=0.628318548202515
LowerLegAlpha=0.117809727787971
LowerLegTheta=-0.235619455575943

[RightLeg]
ThighAlpha=0.0785398185253143
ThighTheta=-0.235619455575943
LowerLegAlpha=-0.0392699092626572
LowerLegTheta=-0.0785398185253143
