[%General]
Highest=145
CenterX=27.0541307193931
CenterY=197.860351136325
XWidth=53

[LeftLeg]
ThighAlpha=-0.157079637050629
ThighTheta=0.392699092626572
LowerLegAlpha=0.0785398185253143
LowerLegTheta=0.157079637050629

[RightLeg]
ThighAlpha=0.196349546313286
ThighTheta=0.235619455575943
LowerLegAlpha=0.196349546313286
LowerLegTheta=0.392699092626572
