[%General]
Highest=149
CenterX=38.9546204887522
CenterY=96.1545233856611
XWidth=50

[LeftLeg]
ThighAlpha=-0.0606898590922356
ThighTheta=-0.318919241428375
LowerLegAlpha=-0.103529758751392
LowerLegTheta=-0.112653076648712

[RightLeg]
ThighAlpha=0.0678298473358154
ThighTheta=0.537878811359406
LowerLegAlpha=-0.0392699092626572
LowerLegTheta=-0.0396665707230568
