[%General]
Highest=143
CenterX=24.009128477148
CenterY=257.775612163079
XWidth=46

[LeftLeg]
ThighAlpha=-0.117809727787971
ThighTheta=-0.431798994541168
LowerLegAlpha=-0.0107099711894989
LowerLegTheta=-0.537878751754761

[RightLeg]
ThighAlpha=0.0142799690365791
ThighTheta=0.46171897649765
LowerLegAlpha=0.0606898665428162
LowerLegTheta=0.252279460430145
