[%General]
Highest=145
CenterX=39.8946407722287
CenterY=50.6728223512194
XWidth=52

[LeftLeg]
ThighAlpha=-0.157079637050629
ThighTheta=0.549778699874878
LowerLegAlpha=-0.0392699092626572
LowerLegTheta=0.235619455575943

[RightLeg]
ThighAlpha=0.196349546313286
ThighTheta=-0.549778699874878
LowerLegAlpha=0.0785398185253143
LowerLegTheta=-0.549778699874878
