[%General]
Highest=150
CenterX=39.0246244193453
CenterY=84.2407910886013
XWidth=48

[LeftLeg]
ThighAlpha=-0.0999597683548927
ThighTheta=-0.0364932343363762
LowerLegAlpha=-0.157079637050629
LowerLegTheta=-0.109479740262032

[RightLeg]
ThighAlpha=0.13922968506813
ThighTheta=0.249106109142303
LowerLegAlpha=0.0606898665428162
LowerLegTheta=-0.464892268180847
