[%General]
Highest=140
CenterX=24.575183960755
CenterY=302.925562546657
XWidth=40

[LeftLeg]
ThighAlpha=-0.157079637050629
ThighTheta=-0.461718916893005
LowerLegAlpha=-0.0856797993183136
LowerLegTheta=-0.2522794008255

[RightLeg]
ThighAlpha=0.103529766201973
ThighTheta=-0.391905754804611
LowerLegAlpha=0.0499798879027367
LowerLegTheta=-0.179292917251587
