[%General]
Highest=147
CenterX=39.7665073222551
CenterY=35.1107367782078
XWidth=49

[LeftLeg]
ThighAlpha=-0.0606898590922356
ThighTheta=0.534705460071564
LowerLegAlpha=0.00356999784708023
LowerLegTheta=0.106306441128254

[RightLeg]
ThighAlpha=0.13922968506813
ThighTheta=-0.464892268180847
LowerLegAlpha=0.0642598569393158
LowerLegTheta=-0.2459327429533
