[%General]
Highest=144
CenterX=23.5947372745573
CenterY=279.578016515344
XWidth=42

[LeftLeg]
ThighAlpha=-0.117809727787971
ThighTheta=0.146199703216553
LowerLegAlpha=0.021419957280159
LowerLegTheta=-0.979877710342407

[RightLeg]
ThighAlpha=0.13922968506813
ThighTheta=0.19243960082531
LowerLegAlpha=-0.0785398185253143
LowerLegTheta=-0.162519589066505
