[%General]
Highest=146
CenterX=39.7844994110718
CenterY=38.5077659992148
XWidth=51

[LeftLeg]
ThighAlpha=-0.0981747731566429
ThighTheta=0.510508835315704
LowerLegAlpha=-0.0392699092626572
LowerLegTheta=0.353429168462753

[RightLeg]
ThighAlpha=0.0981747731566429
ThighTheta=-0.510508835315704
LowerLegAlpha=0.0981747731566429
LowerLegTheta=-0.274889349937439
