[%General]
Highest=146
CenterX=39.6726463335926
CenterY=59.847783275688
XWidth=52

[LeftLeg]
ThighAlpha=-0.0999597683548927
ThighTheta=0.537878811359406
LowerLegAlpha=-0.082109808921814
LowerLegTheta=-0.0396665707230568

[RightLeg]
ThighAlpha=0.13922968506813
ThighTheta=-0.395079076290131
LowerLegAlpha=0.0428399071097374
LowerLegTheta=-0.747318267822266
