[%General]
Highest=144
CenterX=23.8008833525992
CenterY=236.318559031073
XWidth=45

[LeftLeg]
ThighAlpha=-0.117809727787971
ThighTheta=-0.424998998641968
LowerLegAlpha=0.021419957280159
LowerLegTheta=-0.0931597501039505

[RightLeg]
ThighAlpha=-0.0392699092626572
ThighTheta=0.484838932752609
LowerLegAlpha=0.0249899476766586
LowerLegTheta=0.574598729610443
