[%General]
Highest=145
CenterX=39.760620079539
CenterY=46.4414901387874
XWidth=51

[LeftLeg]
ThighAlpha=-0.0981747731566429
ThighTheta=0.589048624038696
LowerLegAlpha=-0.0981747731566429
LowerLegTheta=0.314159274101257

[RightLeg]
ThighAlpha=0.0981747731566429
ThighTheta=-0.549778699874878
LowerLegAlpha=0.0981747731566429
LowerLegTheta=-0.431968986988068
