[%General]
Highest=142
CenterX=24.7952220189161
CenterY=295.840837048682
XWidth=41

[LeftLeg]
ThighAlpha=-0.00356999039649963
ThighTheta=0.60451865196228
LowerLegAlpha=0.00713998824357986
LowerLegTheta=0.0364932715892792

[RightLeg]
ThighAlpha=0.0678298473358154
ThighTheta=-0.2459327429533
LowerLegAlpha=0.0642598569393158
LowerLegTheta=-0.112653076648712
