[%General]
Highest=146
CenterX=38.2446616173956
CenterY=115.080218258816
XWidth=48

[LeftLeg]
ThighAlpha=-0.082109808921814
ThighTheta=-0.461718916893005
LowerLegAlpha=-0.0642598494887352
LowerLegTheta=-0.395079076290131

[RightLeg]
ThighAlpha=0.0856798067688942
ThighTheta=0.60451865196228
LowerLegAlpha=0.0107099786400795
LowerLegTheta=0.179292947053909
