[%General]
Highest=145
CenterX=39.8946407722287
CenterY=50.6728223512194
XWidth=52

[LeftLeg]
ThighAlpha=-0.0999597683548927
ThighTheta=0.607692003250122
LowerLegAlpha=-0.121379718184471
LowerLegTheta=0.176119610667229

[RightLeg]
ThighAlpha=0.13922968506813
ThighTheta=-0.534705400466919
LowerLegAlpha=0.0999597758054733
LowerLegTheta=-0.537878751754761
