[%General]
Highest=146
CenterX=38.2446616173956
CenterY=115.080218258816
XWidth=48

[LeftLeg]
ThighAlpha=-0.0785398185253143
ThighTheta=-0.471238911151886
LowerLegAlpha=-0.0589048638939857
LowerLegTheta=-0.431968986988068

[RightLeg]
ThighAlpha=0.0981747731566429
ThighTheta=0.589048624038696
LowerLegAlpha=0
LowerLegTheta=0.235619455575943
