[%General]
Highest=144
CenterX=23.7913850287586
CenterY=283.092237289559
XWidth=43

[LeftLeg]
ThighAlpha=-0.0981747731566429
ThighTheta=0.314159274101257
LowerLegAlpha=-0.0785398185253143
LowerLegTheta=-0.785398185253143

[RightLeg]
ThighAlpha=0.0981747731566429
ThighTheta=0.0785398185253143
LowerLegAlpha=0.0392699092626572
LowerLegTheta=-0.0785398185253143
