[%General]
Highest=150
CenterX=34.6017764381453
CenterY=148.104838709677
XWidth=51

[LeftLeg]
ThighAlpha=-0.0606898590922356
ThighTheta=0.18246628344059
LowerLegAlpha=-0.157079637050629
LowerLegTheta=-0.468065589666367

[RightLeg]
ThighAlpha=0.103529766201973
ThighTheta=0.0364932715892792
LowerLegAlpha=0.0999597758054733
LowerLegTheta=-0.179292917251587
