[%General]
Highest=145
CenterX=30.4764041393475
CenterY=179.694604629118
XWidth=52

[LeftLeg]
ThighAlpha=-0.117809727787971
ThighTheta=0.567798733711243
LowerLegAlpha=0.0606898665428162
LowerLegTheta=0.34883925318718

[RightLeg]
ThighAlpha=0.0856798067688942
ThighTheta=-0.491638839244843
LowerLegAlpha=-0.0428398996591568
LowerLegTheta=-0.2454794049263
