[%General]
Highest=147
CenterX=39.3511938123529
CenterY=64.4691498390635
XWidth=53

[LeftLeg]
ThighAlpha=-0.0428398996591568
ThighTheta=0.46489229798317
LowerLegAlpha=-0.157079637050629
LowerLegTheta=-0.0396665707230568

[RightLeg]
ThighAlpha=0.121379725635052
ThighTheta=-0.2522794008255
LowerLegAlpha=0.0821098163723946
LowerLegTheta=-0.956757783889771
