[%General]
Highest=146
CenterX=39.7844994110718
CenterY=38.5077659992148
XWidth=51

[LeftLeg]
ThighAlpha=-0.0606898590922356
ThighTheta=0.537878811359406
LowerLegAlpha=-0.0856797993183136
LowerLegTheta=0.315745949745178

[RightLeg]
ThighAlpha=0.13922968506813
ThighTheta=-0.534705400466919
LowerLegAlpha=0.0821098163723946
LowerLegTheta=-0.249106079339981
