[%General]
Highest=150
CenterX=39.00505360372
CenterY=92.4665945492121
XWidth=49

[LeftLeg]
ThighAlpha=-0.0606898590922356
ThighTheta=-0.249106079339981
LowerLegAlpha=-0.121379718184471
LowerLegTheta=-0.106306403875351

[RightLeg]
ThighAlpha=0.0499798879027367
ThighTheta=0.46489229798317
LowerLegAlpha=-0.00356999039649963
LowerLegTheta=-0.255452752113342
