[%General]
Highest=148
CenterX=25.5720586613739
CenterY=217.25285772044
XWidth=49

[LeftLeg]
ThighAlpha=-0.0785398185253143
ThighTheta=-0.0364932343363762
LowerLegAlpha=-0.121379718184471
LowerLegTheta=0.0364932715892792

[RightLeg]
ThighAlpha=0.121379725635052
ThighTheta=0.391905784606934
LowerLegAlpha=0.0999597758054733
LowerLegTheta=-0.531532108783722
