[%General]
Highest=146
CenterX=39.71070512607
CenterY=55.097808346934
XWidth=53

[LeftLeg]
ThighAlpha=-0.0999597683548927
ThighTheta=0.534705460071564
LowerLegAlpha=-0.13922968506813
LowerLegTheta=0.176119610667229

[RightLeg]
ThighAlpha=0.13922968506813
ThighTheta=-0.464892268180847
LowerLegAlpha=0.0606898665428162
LowerLegTheta=-0.607691943645477
