[%General]
Highest=148
CenterX=25.7559807788361
CenterY=213.83343380238
XWidth=49

[LeftLeg]
ThighAlpha=-0.117809727787971
ThighTheta=0.00340002961456776
LowerLegAlpha=-0.0142799615859985
LowerLegTheta=0.116279773414135

[RightLeg]
ThighAlpha=0.13922968506813
ThighTheta=0.312119334936142
LowerLegAlpha=0.021419957280159
LowerLegTheta=-0.478038877248764
