[%General]
Highest=143
CenterX=23.5511677741163
CenterY=240.277204545045
XWidth=44

[LeftLeg]
ThighAlpha=-0.117809727787971
ThighTheta=-0.464892268180847
LowerLegAlpha=-0.0321299210190773
LowerLegTheta=-0.10313306748867

[RightLeg]
ThighAlpha=-0.0606898590922356
ThighTheta=0.537878811359406
LowerLegAlpha=0.0606898665428162
LowerLegTheta=0.601345300674438
