[%General]
Highest=148
CenterX=37.7245265120539
CenterY=133.184766608878
XWidth=48

[LeftLeg]
ThighAlpha=-0.0428398996591568
ThighTheta=-0.2522794008255
LowerLegAlpha=-0.0107099711894989
LowerLegTheta=-0.817131459712982

[RightLeg]
ThighAlpha=0.13922968506813
ThighTheta=0.322092622518539
LowerLegAlpha=-0.0642598494887352
LowerLegTheta=0.109479777514935
