[%General]
Highest=145
CenterX=27.0541307193931
CenterY=197.860351136325
XWidth=53

[LeftLeg]
ThighAlpha=-0.0999597683548927
ThighTheta=0.391905784606934
LowerLegAlpha=0.021419957280159
LowerLegTheta=0.106306441128254

[RightLeg]
ThighAlpha=0.0499798879027367
ThighTheta=-0.182466238737106
LowerLegAlpha=-0.0856797993183136
LowerLegTheta=-0.817131459712982
