[%General]
Highest=153
CenterX=33.2362998414921
CenterY=238.998999707607
XWidth=51

[LeftLeg]
ThighAlpha=-0.0392699092626572
ThighTheta=-0.274889349937439
LowerLegAlpha=-0.0196349546313286
LowerLegTheta=-0.785398185253143

[RightLeg]
ThighAlpha=0.0392699092626572
ThighTheta=0.314159274101257
LowerLegAlpha=0.0981747731566429
LowerLegTheta=0.235619455575943
