[%General]
Highest=156
CenterX=33.4508669796557
CenterY=28.0758309859155
XWidth=52

[LeftLeg]
ThighAlpha=-0.0981747731566429
ThighTheta=0.274889349937439
LowerLegAlpha=-0.0392699092626572
LowerLegTheta=-0.0392699092626572

[RightLeg]
ThighAlpha=0.0981747731566429
ThighTheta=-0.314159274101257
LowerLegAlpha=0.0981747731566429
LowerLegTheta=0.785398185253143
