[%General]
Highest=156
CenterX=32.7206159425423
CenterY=77.2095026278137
XWidth=49

[LeftLeg]
ThighAlpha=0.0196349546313286
ThighTheta=-0.431968986988068
LowerLegAlpha=-0.0785398185253143
LowerLegTheta=-0.510508835315704

[RightLeg]
ThighAlpha=0.0981747731566429
ThighTheta=0.471238911151886
LowerLegAlpha=0.0589048638939857
LowerLegTheta=0.314159274101257
