[%General]
Highest=155
CenterX=34.0330824435498
CenterY=256.974094171189
XWidth=52

[LeftLeg]
ThighAlpha=-0.0196349546313286
ThighTheta=-0.117809727787971
LowerLegAlpha=-0.0392699092626572
LowerLegTheta=-0.117809727787971

[RightLeg]
ThighAlpha=0.0392699092626572
ThighTheta=0
LowerLegAlpha=0.0981747731566429
LowerLegTheta=0
