[%General]
Highest=158
CenterX=32.4102809049905
CenterY=54.97904397983
XWidth=50

[LeftLeg]
ThighAlpha=-0.0589048638939857
ThighTheta=-0.235619455575943
LowerLegAlpha=-0.0785398185253143
LowerLegTheta=-0.196349546313286

[RightLeg]
ThighAlpha=0.0392699092626572
ThighTheta=0.353429168462753
LowerLegAlpha=-0.0392699092626572
LowerLegTheta=-0.117809727787971
