[%General]
Highest=157
CenterX=33.099911058405
CenterY=90.2692953849195
XWidth=50

[LeftLeg]
ThighAlpha=0.0589048638939857
ThighTheta=-0.274889349937439
LowerLegAlpha=-0.0196349546313286
LowerLegTheta=-0.785398185253143

[RightLeg]
ThighAlpha=0.0981747731566429
ThighTheta=0.392699092626572
LowerLegAlpha=0.0981747731566429
LowerLegTheta=0.117809727787971
