[%General]
Highest=169
CenterX=41.6146568954031
CenterY=92.3468487674883
XWidth=60

[LeftLeg]
ThighAlpha=-0.0785398185253143
ThighTheta=0.59771865606308
LowerLegAlpha=-0.0142799615859985
LowerLegTheta=0.371959179639816

[RightLeg]
ThighAlpha=0.13922968506813
ThighTheta=-0.484838873147964
LowerLegAlpha=0.0606898665428162
LowerLegTheta=-0.401879042387009
