[%General]
Highest=170
CenterX=38.7467626915202
CenterY=110.787149615195
XWidth=61

[LeftLeg]
ThighAlpha=-0.0785398185253143
ThighTheta=0.627638638019562
LowerLegAlpha=-0.0678298398852348
LowerLegTheta=-0.0197199191898108

[RightLeg]
ThighAlpha=0.0856798067688942
ThighTheta=-0.199239507317543
LowerLegAlpha=0.021419957280159
LowerLegTheta=-0.920037806034088
