[%General]
Highest=173
CenterX=40.666041451749
CenterY=214.229592315215
XWidth=57

[LeftLeg]
ThighAlpha=-0.0285599306225777
ThighTheta=0.378759175539017
LowerLegAlpha=-0.0321299210190773
LowerLegTheta=-0.81395810842514

[RightLeg]
ThighAlpha=0.13922968506813
ThighTheta=0.146199703216553
LowerLegAlpha=0.046409897506237
LowerLegTheta=-0.116279698908329
