[%General]
Highest=172
CenterX=42.9328100309613
CenterY=83.6736211924614
XWidth=58

[LeftLeg]
ThighAlpha=-0.00356999039649963
ThighTheta=0.574598729610443
LowerLegAlpha=0.00356999784708023
LowerLegTheta=0.342039257287979

[RightLeg]
ThighAlpha=0.103529766201973
ThighTheta=-0.461718916893005
LowerLegAlpha=0.0285599380731583
LowerLegTheta=-0.2522794008255
