[%General]
Highest=165
CenterX=38.9507185869129
CenterY=253.04968285829
XWidth=53

[LeftLeg]
ThighAlpha=-0.0999597683548927
ThighTheta=0.687478482723236
LowerLegAlpha=0.00356999784708023
LowerLegTheta=0.275399416685104

[RightLeg]
ThighAlpha=0.0499798879027367
ThighTheta=-0.461718916893005
LowerLegAlpha=0.0606898665428162
LowerLegTheta=-0.38827908039093
