[%General]
Highest=169
CenterX=38.131755188648
CenterY=177.647344340561
XWidth=61

[LeftLeg]
ThighAlpha=-0.0999597683548927
ThighTheta=-0.431798994541168
LowerLegAlpha=0.021419957280159
LowerLegTheta=-0.448118954896927

[RightLeg]
ThighAlpha=0.0321299284696579
ThighTheta=0.514758884906769
LowerLegAlpha=-0.0142799615859985
LowerLegTheta=0.401879131793976
