[%General]
Highest=161
CenterX=33.0567989038236
CenterY=287.772380268824
XWidth=46

[LeftLeg]
ThighAlpha=-0.117809727787971
ThighTheta=0.146199703216553
LowerLegAlpha=-0.103529758751392
LowerLegTheta=0.146199703216553

[RightLeg]
ThighAlpha=0.121379725635052
ThighTheta=0.235959500074387
LowerLegAlpha=0.0821098163723946
LowerLegTheta=0.0428399443626404
