[%General]
Highest=176
CenterX=37.0882659730383
CenterY=132.55663678255
XWidth=59

[LeftLeg]
ThighAlpha=-0.0785398185253143
ThighTheta=0.079559862613678
LowerLegAlpha=-0.121379718184471
LowerLegTheta=0.0102000124752522

[RightLeg]
ThighAlpha=0.13922968506813
ThighTheta=0.176119640469551
LowerLegAlpha=-0.157079637050629
LowerLegTheta=-0.37875908613205
