[%General]
Highest=156
CenterX=33.3564857260283
CenterY=290.377098416111
XWidth=44

[LeftLeg]
ThighAlpha=-0.157079637050629
ThighTheta=0.0863598436117172
LowerLegAlpha=-0.0678298398852348
LowerLegTheta=0.0931598246097565

[RightLeg]
ThighAlpha=0.121379725635052
ThighTheta=0.282199382781982
LowerLegAlpha=0.0249899476766586
LowerLegTheta=-0.215559482574463
