[%General]
Highest=170
CenterX=42.6286484059273
CenterY=34.6693367324768
XWidth=51

[LeftLeg]
ThighAlpha=-0.0214199498295784
ThighTheta=-0.222359463572502
LowerLegAlpha=0.0428399071097374
LowerLegTheta=-0.890117883682251

[RightLeg]
ThighAlpha=0.0285599380731583
ThighTheta=0.401879131793976
LowerLegAlpha=0.0642598569393158
LowerLegTheta=0.0197199955582619
