[%General]
Highest=174
CenterX=37.124628875233
CenterY=124.250735344887
XWidth=58

[LeftLeg]
ThighAlpha=-0.117809727787971
ThighTheta=0.342039257287979
LowerLegAlpha=-0.0285599306225777
LowerLegTheta=-0.0564398318529129

[RightLeg]
ThighAlpha=0.0678298473358154
ThighTheta=0.235959500074387
LowerLegAlpha=-0.0642598494887352
LowerLegTheta=-1.09955739974976
