[%General]
Highest=175
CenterX=36.871691407346
CenterY=128.459521932579
XWidth=59

[LeftLeg]
ThighAlpha=-0.0785398185253143
ThighTheta=0.229159519076347
LowerLegAlpha=-0.103529758751392
LowerLegTheta=0.00340002961456776

[RightLeg]
ThighAlpha=0.103529766201973
ThighTheta=0.259079456329346
LowerLegAlpha=-0.117809727787971
LowerLegTheta=-0.920037806034088
