[%General]
Highest=165
CenterX=38.2944641531227
CenterY=258.098028215494
XWidth=54

[LeftLeg]
ThighAlpha=-0.117809727787971
ThighTheta=0.59771865606308
LowerLegAlpha=0.0249899476766586
LowerLegTheta=0.312119334936142

[RightLeg]
ThighAlpha=0.103529766201973
ThighTheta=-0.454918920993805
LowerLegAlpha=-0.00713998079299927
LowerLegTheta=-0.52155876159668
