[%General]
Highest=171
CenterX=38.1053889857681
CenterY=115.458330989481
XWidth=60

[LeftLeg]
ThighAlpha=-0.117809727787971
ThighTheta=0.478038966655731
LowerLegAlpha=-0.0142799615859985
LowerLegTheta=0.0102000124752522

[RightLeg]
ThighAlpha=0.0642598569393158
ThighTheta=-0.109479710459709
LowerLegAlpha=0.00356999784708023
LowerLegTheta=-1.0097975730896
