[%General]
Highest=175
CenterX=44.0537990167525
CenterY=61.3809035625248
XWidth=56

[LeftLeg]
ThighAlpha=0.0142799690365791
ThighTheta=0.401879131793976
LowerLegAlpha=0.021419957280159
LowerLegTheta=-0.611318588256836

[RightLeg]
ThighAlpha=0.0856798067688942
ThighTheta=-0.0333198830485344
LowerLegAlpha=0.103529766201973
LowerLegTheta=-0.176119565963745
