[%General]
Highest=169
CenterX=39.7168817742743
CenterY=196.762385513755
XWidth=59

[LeftLeg]
ThighAlpha=-0.0464098900556564
ThighTheta=-0.0265199020504951
LowerLegAlpha=0.021419957280159
LowerLegTheta=-1.09955739974976

[RightLeg]
ThighAlpha=0.13922968506813
ThighTheta=0.342039257287979
LowerLegAlpha=-0.0606898590922356
LowerLegTheta=0.229159519076347
