[%General]
Highest=168
CenterX=40.5116584298793
CenterY=240.521753220449
XWidth=57

[LeftLeg]
ThighAlpha=-0.0392699092626572
ThighTheta=0.59771865606308
LowerLegAlpha=0.0606898665428162
LowerLegTheta=0.431799054145813

[RightLeg]
ThighAlpha=0.0678298473358154
ThighTheta=-0.371959120035172
LowerLegAlpha=0.0606898665428162
LowerLegTheta=-0.259079366922379
