[%General]
Highest=169
CenterX=38.1203942831645
CenterY=182.15394080344
XWidth=61

[LeftLeg]
ThighAlpha=-0.117809727787971
ThighTheta=-0.401879042387009
LowerLegAlpha=0.021419957280159
LowerLegTheta=-0.567798674106598

[RightLeg]
ThighAlpha=0.0107099786400795
ThighTheta=0.574598729610443
LowerLegAlpha=0.0428399071097374
LowerLegTheta=0.222359538078308
