[%General]
Highest=167
CenterX=40.0442955783606
CenterY=244.584299379197
XWidth=57

[LeftLeg]
ThighAlpha=-0.00713998079299927
ThighTheta=0.59771865606308
LowerLegAlpha=-0.0107099711894989
LowerLegTheta=0.544678807258606

[RightLeg]
ThighAlpha=0.0499798879027367
ThighTheta=-0.342039197683334
LowerLegAlpha=0.0999597758054733
LowerLegTheta=-0.408679038286209
