[%General]
Highest=165
CenterX=36.9935510713543
CenterY=269.463265376881
XWidth=51

[LeftLeg]
ThighAlpha=-0.117809727787971
ThighTheta=0.574598729610443
LowerLegAlpha=0.00356999784708023
LowerLegTheta=0.109479792416096

[RightLeg]
ThighAlpha=0.0107099786400795
ThighTheta=-0.169319570064545
LowerLegAlpha=0.046409897506237
LowerLegTheta=-0.920037806034088
