[%General]
Highest=176
CenterX=37.7379281302639
CenterY=145.404898933184
XWidth=62

[LeftLeg]
ThighAlpha=-0.0642598494887352
ThighTheta=-0.0863597691059113
LowerLegAlpha=-0.0856797993183136
LowerLegTheta=-0.139399647712708

[RightLeg]
ThighAlpha=0.0142799690365791
ThighTheta=0.484838932752609
LowerLegAlpha=0.00356999784708023
LowerLegTheta=-0.259079366922379
