[%General]
Highest=172
CenterX=40.9865510742556
CenterY=226.742193742933
XWidth=59

[LeftLeg]
ThighAlpha=0.0321299284696579
ThighTheta=0.657558560371399
LowerLegAlpha=0.021419957280159
LowerLegTheta=-0.192439526319504

[RightLeg]
ThighAlpha=0.121379725635052
ThighTheta=-0.0564398318529129
LowerLegAlpha=0.00713998824357986
LowerLegTheta=-0.259079366922379
