[%General]
Highest=170
CenterX=38.506337006764
CenterY=169.095454976753
XWidth=61

[LeftLeg]
ThighAlpha=-0.0428398996591568
ThighTheta=-0.574598670005798
LowerLegAlpha=0.021419957280159
LowerLegTheta=-0.0795597806572914

[RightLeg]
ThighAlpha=0.0321299284696579
ThighTheta=0.514758884906769
LowerLegAlpha=-0.0678298398852348
LowerLegTheta=0.551478803157806
