[%General]
Highest=170
CenterX=42.836450859811
CenterY=38.757872110238
XWidth=51

[LeftLeg]
ThighAlpha=-0.00356999039649963
ThighTheta=-0.222359463572502
LowerLegAlpha=0.0606898665428162
LowerLegTheta=-0.896917939186096

[RightLeg]
ThighAlpha=0.0499798879027367
ThighTheta=0.401879131793976
LowerLegAlpha=0.0249899476766586
LowerLegTheta=-0.123079679906368
