[%General]
Highest=172
CenterX=38.4647449578487
CenterY=160.689147369544
XWidth=61

[LeftLeg]
ThighAlpha=-0.00356999039649963
ThighTheta=-0.424998998641968
LowerLegAlpha=-0.0499798804521561
LowerLegTheta=-0.0931597501039505

[RightLeg]
ThighAlpha=0.0499798879027367
ThighTheta=0.514758884906769
LowerLegAlpha=-0.117809727787971
LowerLegTheta=0.46171897649765
