[%General]
Highest=166
CenterX=39.4745304068489
CenterY=248.819726868482
XWidth=56

[LeftLeg]
ThighAlpha=-0.0785398185253143
ThighTheta=0.627638638019562
LowerLegAlpha=0.00356999784708023
LowerLegTheta=0.424999058246613

[RightLeg]
ThighAlpha=0.0321299284696579
ThighTheta=-0.401879042387009
LowerLegAlpha=0.021419957280159
LowerLegTheta=-0.395079076290131
