[%General]
Highest=169
CenterX=42.3646682861935
CenterY=26.079501417086
XWidth=49

[LeftLeg]
ThighAlpha=0.0999597758054733
ThighTheta=-0.830278038978577
LowerLegAlpha=0.0642598569393158
LowerLegTheta=0.371959179639816

[RightLeg]
ThighAlpha=0.046409897506237
ThighTheta=0.431799054145813
LowerLegAlpha=0.046409897506237
LowerLegTheta=0.109479792416096
