[%General]
Highest=175
CenterX=37.9891200133394
CenterY=150.456889963455
XWidth=61

[LeftLeg]
ThighAlpha=-0.0678298398852348
ThighTheta=-0.235959425568581
LowerLegAlpha=-0.0499798804521561
LowerLegTheta=-0.0727597996592522

[RightLeg]
ThighAlpha=-0.00356999039649963
ThighTheta=0.49163892865181
LowerLegAlpha=-0.0107099711894989
LowerLegTheta=0.139399722218513
