[%General]
Highest=171
CenterX=43.0577019161952
CenterY=42.3626186650102
XWidth=52

[LeftLeg]
ThighAlpha=0.0107099786400795
ThighTheta=-0.169319570064545
LowerLegAlpha=0.0999597758054733
LowerLegTheta=-1.03971755504608

[RightLeg]
ThighAlpha=0.0678298473358154
ThighTheta=0.31891930103302
LowerLegAlpha=0.021419957280159
LowerLegTheta=-0.123079679906368
