[%General]
Highest=169
CenterX=41.4196195271175
CenterY=17.7989930533427
XWidth=49

[LeftLeg]
ThighAlpha=0.13922968506813
ThighTheta=-0.597718596458435
LowerLegAlpha=-0.157079637050629
LowerLegTheta=0.926837921142578

[RightLeg]
ThighAlpha=-0.00356999039649963
ThighTheta=0.282199382781982
LowerLegAlpha=-0.0499798804521561
LowerLegTheta=0.641238570213318
