[%General]
Highest=172
CenterX=40.9935411880538
CenterY=218.843281916639
XWidth=57

[LeftLeg]
ThighAlpha=-0.00356999039649963
ThighTheta=0.371959179639816
LowerLegAlpha=0.00356999784708023
LowerLegTheta=-0.424998998641968

[RightLeg]
ThighAlpha=0.13922968506813
ThighTheta=0.199239581823349
LowerLegAlpha=0.0856798067688942
LowerLegTheta=-0.395079076290131
