[%General]
Highest=174
CenterX=43.7437670956459
CenterY=56.8394354513251
XWidth=55

[LeftLeg]
ThighAlpha=-0.0785398185253143
ThighTheta=0.312119334936142
LowerLegAlpha=0.021419957280159
LowerLegTheta=-0.837078034877777

[RightLeg]
ThighAlpha=0.13922968506813
ThighTheta=0.0564399100840092
LowerLegAlpha=0.0606898665428162
LowerLegTheta=-0.206039488315582
