[%General]
Highest=169
CenterX=38.3524016010674
CenterY=186.897431621081
XWidth=60

[LeftLeg]
ThighAlpha=-0.117809727787971
ThighTheta=-0.371959120035172
LowerLegAlpha=0.0606898665428162
LowerLegTheta=-0.657558441162109

[RightLeg]
ThighAlpha=0.0142799690365791
ThighTheta=0.567798733711243
LowerLegAlpha=0.046409897506237
LowerLegTheta=0.18291962146759
