[%General]
Highest=169
CenterX=42.1236372278169
CenterY=21.7066957787482
XWidth=48

[LeftLeg]
ThighAlpha=0.13922968506813
ThighTheta=-0.717398345470428
LowerLegAlpha=-0.117809727787971
LowerLegTheta=0.784038245677948

[RightLeg]
ThighAlpha=0.0285599380731583
ThighTheta=0.401879131793976
LowerLegAlpha=0.0249899476766586
LowerLegTheta=0.229159519076347
