[%General]
Highest=169
CenterX=38.2030429317986
CenterY=173.246146722233
XWidth=60

[LeftLeg]
ThighAlpha=-0.082109808921814
ThighTheta=-0.551478683948517
LowerLegAlpha=0.0428399071097374
LowerLegTheta=-0.358359158039093

[RightLeg]
ThighAlpha=0.0142799690365791
ThighTheta=0.574598729610443
LowerLegAlpha=-0.0321299210190773
LowerLegTheta=0.395079135894775
