[%General]
Highest=169
CenterX=40.7936623125302
CenterY=236.17951943235
XWidth=59

[LeftLeg]
ThighAlpha=-0.0214199498295784
ThighTheta=0.627638638019562
LowerLegAlpha=0.021419957280159
LowerLegTheta=0.288999378681183

[RightLeg]
ThighAlpha=0.121379725635052
ThighTheta=-0.312119245529175
LowerLegAlpha=0.00356999784708023
LowerLegTheta=-0.206039488315582
