[%General]
Highest=165
CenterX=37.4915557524839
CenterY=264.009594573868
XWidth=53

[LeftLeg]
ThighAlpha=-0.117809727787971
ThighTheta=0.60451865196228
LowerLegAlpha=0.0428399071097374
LowerLegTheta=0.169319659471512

[RightLeg]
ThighAlpha=0.0678298473358154
ThighTheta=-0.371959120035172
LowerLegAlpha=0.0249899476766586
LowerLegTheta=-0.717398345470428
