[%General]
Highest=169
CenterX=38.8833372097796
CenterY=112.954536126199
XWidth=53

[LeftLeg]
ThighAlpha=-0.0999597683548927
ThighTheta=-0.0333198979496956
LowerLegAlpha=-0.157079637050629
LowerLegTheta=-0.182466238737106

[RightLeg]
ThighAlpha=0.0678298473358154
ThighTheta=0.179292947053909
LowerLegAlpha=-0.0107099711894989
LowerLegTheta=-0.398252427577972
