[%General]
Highest=169
CenterX=39.0908591574483
CenterY=109.283652249444
XWidth=54

[LeftLeg]
ThighAlpha=-0.0999597683548927
ThighTheta=0.109479777514935
LowerLegAlpha=-0.0856797993183136
LowerLegTheta=-0.255452752113342

[RightLeg]
ThighAlpha=0.13922968506813
ThighTheta=-0.0364932343363762
LowerLegAlpha=0.0999597758054733
LowerLegTheta=-0.0396665707230568
