[%General]
Highest=163
CenterX=41.2353076982274
CenterY=69.9603032090911
XWidth=54

[LeftLeg]
ThighAlpha=-0.13922968506813
ThighTheta=0.534705460071564
LowerLegAlpha=-0.0464098900556564
LowerLegTheta=0.249106109142303

[RightLeg]
ThighAlpha=0.13922968506813
ThighTheta=-0.464892268180847
LowerLegAlpha=0.021419957280159
LowerLegTheta=-0.531532108783722
