[%General]
Highest=168
CenterX=41.4108247554997
CenterY=46.9892958903406
XWidth=49

[LeftLeg]
ThighAlpha=-0.00356999039649963
ThighTheta=0.31891930103302
LowerLegAlpha=0.00356999784708023
LowerLegTheta=-0.322092592716217

[RightLeg]
ThighAlpha=0.0856798067688942
ThighTheta=-0.249106079339981
LowerLegAlpha=0.046409897506237
LowerLegTheta=-0.182466238737106
