[%General]
Highest=168
CenterX=41.154278489742
CenterY=38.1706798459859
XWidth=49

[LeftLeg]
ThighAlpha=-0.00356999039649963
ThighTheta=0.176119610667229
LowerLegAlpha=-0.103529758751392
LowerLegTheta=-0.81395810842514

[RightLeg]
ThighAlpha=0.0856798067688942
ThighTheta=-0.106306403875351
LowerLegAlpha=0.0999597758054733
LowerLegTheta=-0.176119565963745
