[%General]
Highest=168
CenterX=38.9509290498011
CenterY=105.765521929604
XWidth=55

[LeftLeg]
ThighAlpha=-0.082109808921814
ThighTheta=0.0863598436117172
LowerLegAlpha=-0.103529758751392
LowerLegTheta=-0.0795597806572914

[RightLeg]
ThighAlpha=0.0856798067688942
ThighTheta=-0.206039488315582
LowerLegAlpha=-0.117809727787971
LowerLegTheta=-0.501158833503723
