[%General]
Highest=164
CenterX=38.8928886600971
CenterY=156.689329313134
XWidth=56

[LeftLeg]
ThighAlpha=-0.024989940226078
ThighTheta=-0.438598960638046
LowerLegAlpha=-0.0642598494887352
LowerLegTheta=-0.560998678207397

[RightLeg]
ThighAlpha=0.103529766201973
ThighTheta=0.401879131793976
LowerLegAlpha=0.0142799690365791
LowerLegTheta=0.199239581823349
