[%General]
Highest=167
CenterX=39.9909296735241
CenterY=97.1419666815742
XWidth=54

[LeftLeg]
ThighAlpha=-0.082109808921814
ThighTheta=0.249106109142303
LowerLegAlpha=-0.0464098900556564
LowerLegTheta=-0.0333198979496956

[RightLeg]
ThighAlpha=0.0856798067688942
ThighTheta=-0.2522794008255
LowerLegAlpha=-0.024989940226078
LowerLegTheta=-0.744144916534424
