[%General]
Highest=151
CenterX=31.3294275313762
CenterY=293.790825289313
XWidth=45

[LeftLeg]
ThighAlpha=-0.0392699092626572
ThighTheta=-0.431968986988068
LowerLegAlpha=-0.0196349546313286
LowerLegTheta=-0.510508835315704

[RightLeg]
ThighAlpha=-0.0196349546313286
ThighTheta=0.746128261089325
LowerLegAlpha=0
LowerLegTheta=-0.235619455575943
