[%General]
Highest=167
CenterX=41.6588797581019
CenterY=27.0285790923944
XWidth=49

[LeftLeg]
ThighAlpha=0.0821098163723946
ThighTheta=0.106306441128254
LowerLegAlpha=-0.0499798804521561
LowerLegTheta=-1.02974426746368

[RightLeg]
ThighAlpha=0.121379725635052
ThighTheta=0.106306441128254
LowerLegAlpha=-0.00356999039649963
LowerLegTheta=-0.106306403875351
