[%General]
Highest=169
CenterX=37.9265563435776
CenterY=178.896308419713
XWidth=55

[LeftLeg]
ThighAlpha=-0.0285599306225777
ThighTheta=0.179292947053909
LowerLegAlpha=-0.0856797993183136
LowerLegTheta=-0.956757783889771

[RightLeg]
ThighAlpha=0.13922968506813
ThighTheta=0.0364932715892792
LowerLegAlpha=-0.0214199498295784
LowerLegTheta=0.0333199352025986
