[%General]
Highest=168
CenterX=36.6936987368267
CenterY=191.17731885998
XWidth=56

[LeftLeg]
ThighAlpha=-0.0606898590922356
ThighTheta=0.282199382781982
LowerLegAlpha=0.021419957280159
LowerLegTheta=-0.162519589066505

[RightLeg]
ThighAlpha=0.103529766201973
ThighTheta=-0.199239507317543
LowerLegAlpha=0.0107099786400795
LowerLegTheta=-0.0564398318529129
