[%General]
Highest=164
CenterX=30.5352236751549
CenterY=251.855691672402
XWidth=53

[LeftLeg]
ThighAlpha=-0.0785398185253143
ThighTheta=-0.109479740262032
LowerLegAlpha=-0.0321299210190773
LowerLegTheta=0.252279460430145

[RightLeg]
ThighAlpha=0.0678298473358154
ThighTheta=0.458545625209808
LowerLegAlpha=0.021419957280159
LowerLegTheta=-1.09955739974976
