[%General]
Highest=164
CenterX=41.413992886677
CenterY=65.9721876610238
XWidth=54

[LeftLeg]
ThighAlpha=-0.0999597683548927
ThighTheta=0.46489229798317
LowerLegAlpha=-0.0999597683548927
LowerLegTheta=0.388732463121414

[RightLeg]
ThighAlpha=0.121379725635052
ThighTheta=-0.531532108783722
LowerLegAlpha=0.00356999784708023
LowerLegTheta=-0.325265914201736
