[%General]
Highest=168
CenterX=38.4739702782602
CenterY=116.892248750547
XWidth=54

[LeftLeg]
ThighAlpha=-0.0999597683548927
ThighTheta=-0.106306403875351
LowerLegAlpha=-0.13922968506813
LowerLegTheta=-0.179292917251587

[RightLeg]
ThighAlpha=0.0321299284696579
ThighTheta=0.322092622518539
LowerLegAlpha=-0.0464098900556564
LowerLegTheta=-0.398252427577972
