[%General]
Highest=163
CenterX=30.7709797822706
CenterY=266.170388802488
XWidth=50

[LeftLeg]
ThighAlpha=-0.0428398996591568
ThighTheta=-0.288999319076538
LowerLegAlpha=-0.0464098900556564
LowerLegTheta=0.0265199784189463

[RightLeg]
ThighAlpha=0.0321299284696579
ThighTheta=0.46171897649765
LowerLegAlpha=-0.0214199498295784
LowerLegTheta=-0.318919241428375
