[%General]
Highest=163
CenterX=29.7679097877358
CenterY=248.144811320755
XWidth=51

[LeftLeg]
ThighAlpha=-0.0785398185253143
ThighTheta=0
LowerLegAlpha=-0.0589048638939857
LowerLegTheta=0.314159274101257

[RightLeg]
ThighAlpha=-0.0196349546313286
ThighTheta=-0.235619455575943
LowerLegAlpha=-0.0981747731566429
LowerLegTheta=-0.549778699874878
