[%General]
Highest=161
CenterX=30.2430066662513
CenterY=273.081241044172
XWidth=48

[LeftLeg]
ThighAlpha=-0.0214199498295784
ThighTheta=-0.348839163780212
LowerLegAlpha=-0.0856797993183136
LowerLegTheta=-0.10267972946167

[RightLeg]
ThighAlpha=-0.0214199498295784
ThighTheta=0.395079135894775
LowerLegAlpha=0.00713998824357986
LowerLegTheta=0.34883925318718
