[%General]
Highest=164
CenterX=31.1565702011553
CenterY=258.427883080317
XWidth=51

[LeftLeg]
ThighAlpha=-0.0606898590922356
ThighTheta=-0.179292917251587
LowerLegAlpha=-0.0499798804521561
LowerLegTheta=0.109479777514935

[RightLeg]
ThighAlpha=0.0856798067688942
ThighTheta=0.395079135894775
LowerLegAlpha=0.0142799690365791
LowerLegTheta=-0.747318267822266
