[%General]
Highest=165
CenterX=39.9208895119504
CenterY=88.4215973281656
XWidth=54

[LeftLeg]
ThighAlpha=-0.0999597683548927
ThighTheta=0.46171897649765
LowerLegAlpha=-0.0499798804521561
LowerLegTheta=-0.030146561563015

[RightLeg]
ThighAlpha=0.0856798067688942
ThighTheta=-0.322092592716217
LowerLegAlpha=0.0642598569393158
LowerLegTheta=-0.817131459712982
