[%General]
Highest=166
CenterX=39.067657252415
CenterY=168.86654130718
XWidth=57

[LeftLeg]
ThighAlpha=0.0107099786400795
ThighTheta=-0.182466238737106
LowerLegAlpha=-0.0285599306225777
LowerLegTheta=-0.817131459712982

[RightLeg]
ThighAlpha=0.121379725635052
ThighTheta=0.31891930103302
LowerLegAlpha=-0.0107099711894989
LowerLegTheta=-0.0333198979496956
