[%General]
Highest=167
CenterX=40.9603987656162
CenterY=29.6675194163063
XWidth=50

[LeftLeg]
ThighAlpha=0.0999597758054733
ThighTheta=0.0333199352025986
LowerLegAlpha=-0.0678298398852348
LowerLegTheta=-0.820304751396179

[RightLeg]
ThighAlpha=0.13922968506813
ThighTheta=-0.10313306748867
LowerLegAlpha=-0.0107099711894989
LowerLegTheta=0.172946274280548
