[%General]
Highest=159
CenterX=30.4339771185447
CenterY=282.902192666544
XWidth=46

[LeftLeg]
ThighAlpha=-0.0589048638939857
ThighTheta=-0.471238911151886
LowerLegAlpha=0
LowerLegTheta=-0.235619455575943

[RightLeg]
ThighAlpha=-0.0196349546313286
ThighTheta=0.314159274101257
LowerLegAlpha=0
LowerLegTheta=0.785398185253143
