[%General]
Highest=164
CenterX=41.9337597555313
CenterY=16.3743877046602
XWidth=50

[LeftLeg]
ThighAlpha=-0.0981747731566429
ThighTheta=0.235619455575943
LowerLegAlpha=-0.0392699092626572
LowerLegTheta=-0.0785398185253143

[RightLeg]
ThighAlpha=0.0981747731566429
ThighTheta=0.157079637050629
LowerLegAlpha=0.0785398185253143
LowerLegTheta=0.157079637050629
