[%General]
Highest=165
CenterX=39.9208895119504
CenterY=88.4215973281656
XWidth=54

[LeftLeg]
ThighAlpha=-0.117809727787971
ThighTheta=0.431799054145813
LowerLegAlpha=-0.0499798804521561
LowerLegTheta=0.0197199955582619

[RightLeg]
ThighAlpha=0.0856798067688942
ThighTheta=-0.282199323177338
LowerLegAlpha=0.0821098163723946
LowerLegTheta=-0.926837861537933
