[%General]
Highest=167
CenterX=38.8299869522808
CenterY=172.066720715471
XWidth=57

[LeftLeg]
ThighAlpha=0.0107099786400795
ThighTheta=0.0333199352025986
LowerLegAlpha=-0.0499798804521561
LowerLegTheta=-1.09955739974976

[RightLeg]
ThighAlpha=0.121379725635052
ThighTheta=0.249106109142303
LowerLegAlpha=0.00713998824357986
LowerLegTheta=-0.0333198979496956
