[%General]
Highest=167
CenterX=36.429477219187
CenterY=195.010976893389
XWidth=56

[LeftLeg]
ThighAlpha=-0.0785398185253143
ThighTheta=0.392699092626572
LowerLegAlpha=0.0981747731566429
LowerLegTheta=0

[RightLeg]
ThighAlpha=0.0981747731566429
ThighTheta=-0.274889349937439
LowerLegAlpha=0
LowerLegTheta=-0.117809727787971
