[%General]
Highest=159
CenterX=30.3987713938438
CenterY=279.506619362045
XWidth=47

[LeftLeg]
ThighAlpha=-0.0214199498295784
ThighTheta=-0.461718916893005
LowerLegAlpha=-0.0499798804521561
LowerLegTheta=-0.182466238737106

[RightLeg]
ThighAlpha=-0.0214199498295784
ThighTheta=0.395079135894775
LowerLegAlpha=0.00713998824357986
LowerLegTheta=0.601345300674438
