[%General]
Highest=168
CenterX=37.8612312421842
CenterY=175.383063255523
XWidth=56

[LeftLeg]
ThighAlpha=-0.024989940226078
ThighTheta=0.176119610667229
LowerLegAlpha=-0.121379718184471
LowerLegTheta=-1.09955739974976

[RightLeg]
ThighAlpha=0.121379725635052
ThighTheta=0.176119610667229
LowerLegAlpha=-0.00713998079299927
LowerLegTheta=-0.10313306748867
