[%General]
Highest=168
CenterX=36.6936987368267
CenterY=191.17731885998
XWidth=56

[LeftLeg]
ThighAlpha=-0.0428398996591568
ThighTheta=0.322092622518539
LowerLegAlpha=-0.0142799615859985
LowerLegTheta=-0.182466238737106

[RightLeg]
ThighAlpha=0.121379725635052
ThighTheta=-0.2459327429533
LowerLegAlpha=-0.0464098900556564
LowerLegTheta=0.0333199352025986
