[%General]
Highest=162
CenterX=33.6141963745353
CenterY=229.28548373152
XWidth=49

[LeftLeg]
ThighAlpha=-0.0392699092626572
ThighTheta=0.46171897649765
LowerLegAlpha=0.00356999784708023
LowerLegTheta=0.139399722218513

[RightLeg]
ThighAlpha=0.0499798879027367
ThighTheta=-0.371959120035172
LowerLegAlpha=0.00713998824357986
LowerLegTheta=-0.724198341369629
