[%General]
Highest=147
CenterX=31.8909491498986
CenterY=308.779090625487
XWidth=40

[LeftLeg]
ThighAlpha=0.0249899476766586
ThighTheta=-0.322092592716217
LowerLegAlpha=-0.0464098900556564
LowerLegTheta=-0.817131459712982

[RightLeg]
ThighAlpha=0.0321299284696579
ThighTheta=0.74731832742691
LowerLegAlpha=-0.121379718184471
LowerLegTheta=-0.604518592357635
