[%General]
Highest=165
CenterX=42.0380134365167
CenterY=19.1754967826062
XWidth=50

[LeftLeg]
ThighAlpha=-0.0981747731566429
ThighTheta=0.235619455575943
LowerLegAlpha=-0.0785398185253143
LowerLegTheta=-0.0785398185253143

[RightLeg]
ThighAlpha=0.0981747731566429
ThighTheta=0.235619455575943
LowerLegAlpha=0.0589048638939857
LowerLegTheta=0
