[%General]
Highest=158
CenterX=30.6559482743677
CenterY=285.941600651771
XWidth=45

[LeftLeg]
ThighAlpha=-0.0606898590922356
ThighTheta=-0.431798994541168
LowerLegAlpha=0.00713998824357986
LowerLegTheta=-0.358359158039093

[RightLeg]
ThighAlpha=0.0321299284696579
ThighTheta=0.687478482723236
LowerLegAlpha=0.00713998824357986
LowerLegTheta=0.0863598436117172
