[%General]
Highest=163
CenterX=30.5400054656424
CenterY=243.969225397018
XWidth=50

[LeftLeg]
ThighAlpha=-0.0981747731566429
ThighTheta=0.196349546313286
LowerLegAlpha=0.0196349546313286
LowerLegTheta=0.117809727787971

[RightLeg]
ThighAlpha=-0.0392699092626572
ThighTheta=-0.196349546313286
LowerLegAlpha=-0.0785398185253143
LowerLegTheta=-0.746128261089325
