[%General]
Highest=166
CenterX=41.6991123315665
CenterY=24.5835238520978
XWidth=49

[LeftLeg]
ThighAlpha=-0.13922968506813
ThighTheta=0.109479777514935
LowerLegAlpha=-0.157079637050629
LowerLegTheta=0.030146598815918

[RightLeg]
ThighAlpha=0.103529766201973
ThighTheta=0.176119610667229
LowerLegAlpha=0.046409897506237
LowerLegTheta=-0.0999597311019897
