[%General]
Highest=159
CenterX=30.4339771185447
CenterY=282.902192666544
XWidth=46

[LeftLeg]
ThighAlpha=-0.0606898590922356
ThighTheta=-0.454918920993805
LowerLegAlpha=0.00356999784708023
LowerLegTheta=-0.265879362821579

[RightLeg]
ThighAlpha=-0.00356999039649963
ThighTheta=0.60451865196228
LowerLegAlpha=0.0107099786400795
LowerLegTheta=0.222359538078308
