[%General]
Highest=165
CenterX=42.0380134365167
CenterY=19.1754967826062
XWidth=50

[LeftLeg]
ThighAlpha=-0.157079637050629
ThighTheta=0.229159519076347
LowerLegAlpha=-0.157079637050629
LowerLegTheta=-0.0265199020504951

[RightLeg]
ThighAlpha=0.13922968506813
ThighTheta=0.229159519076347
LowerLegAlpha=-0.00356999039649963
LowerLegTheta=-0.0265199020504951
