[%General]
Highest=168
CenterX=41.154278489742
CenterY=38.1706798459859
XWidth=49

[LeftLeg]
ThighAlpha=0
ThighTheta=0.157079637050629
LowerLegAlpha=-0.0392699092626572
LowerLegTheta=-0.549778699874878

[RightLeg]
ThighAlpha=0.0785398185253143
ThighTheta=-0.0785398185253143
LowerLegAlpha=0.0589048638939857
LowerLegTheta=-0.157079637050629
