[%General]
Highest=147
CenterX=31.6567942232691
CenterY=303.238154998648
XWidth=41

[LeftLeg]
ThighAlpha=0.0107099786400795
ThighTheta=-0.322092592716217
LowerLegAlpha=0.00713998824357986
LowerLegTheta=-0.817131459712982

[RightLeg]
ThighAlpha=0.0107099786400795
ThighTheta=0.817131459712982
LowerLegAlpha=-0.0999597683548927
LowerLegTheta=-0.461718916893005
