[%General]
Highest=168
CenterX=41.7560991145933
CenterY=51.1365819478948
XWidth=52

[LeftLeg]
ThighAlpha=-0.0428398996591568
ThighTheta=0.355639219284058
LowerLegAlpha=0.021419957280159
LowerLegTheta=-0.0999597311019897

[RightLeg]
ThighAlpha=0.13922968506813
ThighTheta=-0.342039197683334
LowerLegAlpha=-0.00713998079299927
LowerLegTheta=-0.229159444570541
