[%General]
Highest=168
CenterX=36.6936987368267
CenterY=191.17731885998
XWidth=56

[LeftLeg]
ThighAlpha=-0.0589048638939857
ThighTheta=0.314159274101257
LowerLegAlpha=0.0589048638939857
LowerLegTheta=-0.196349546313286

[RightLeg]
ThighAlpha=0.0981747731566429
ThighTheta=-0.196349546313286
LowerLegAlpha=-0.0196349546313286
LowerLegTheta=-0.0785398185253143
