[%General]
Highest=166
CenterX=39.8866491215591
CenterY=93.0825378760936
XWidth=54

[LeftLeg]
ThighAlpha=-0.0785398185253143
ThighTheta=0.392699092626572
LowerLegAlpha=-0.0392699092626572
LowerLegTheta=-0.0785398185253143

[RightLeg]
ThighAlpha=0.0981747731566429
ThighTheta=-0.314159274101257
LowerLegAlpha=0
LowerLegTheta=-0.785398185253143
