[%General]
Highest=163
CenterX=29.7679097877358
CenterY=248.144811320755
XWidth=51

[LeftLeg]
ThighAlpha=-0.0981747731566429
ThighTheta=0.0392699092626572
LowerLegAlpha=-0.0196349546313286
LowerLegTheta=0.235619455575943

[RightLeg]
ThighAlpha=-0.0392699092626572
ThighTheta=-0.196349546313286
LowerLegAlpha=-0.0981747731566429
LowerLegTheta=-0.549778699874878
