[%General]
Highest=168
CenterX=40.9509443685166
CenterY=33.5749221428091
XWidth=50

[LeftLeg]
ThighAlpha=0.0196349546313286
ThighTheta=0.117809727787971
LowerLegAlpha=-0.0196349546313286
LowerLegTheta=-0.667588412761688

[RightLeg]
ThighAlpha=0.0981747731566429
ThighTheta=-0.0392699092626572
LowerLegAlpha=0.0785398185253143
LowerLegTheta=-0.117809727787971
