[%General]
Highest=163
CenterX=31.6095564986558
CenterY=238.775544020425
XWidth=49

[LeftLeg]
ThighAlpha=-0.0981747731566429
ThighTheta=0.314159274101257
LowerLegAlpha=0.0589048638939857
LowerLegTheta=0.0785398185253143

[RightLeg]
ThighAlpha=-0.0589048638939857
ThighTheta=-0.196349546313286
LowerLegAlpha=0
LowerLegTheta=-0.785398185253143
