[%General]
Highest=166
CenterX=39.8866491215591
CenterY=93.0825378760936
XWidth=54

[LeftLeg]
ThighAlpha=-0.0999597683548927
ThighTheta=0.365159213542938
LowerLegAlpha=-0.0499798804521561
LowerLegTheta=-0.0727597996592522

[RightLeg]
ThighAlpha=0.0856798067688942
ThighTheta=-0.259079366922379
LowerLegAlpha=0.0428399071097374
LowerLegTheta=-0.890117883682251
