[%General]
Highest=166
CenterX=39.1498101773674
CenterY=165.207954586282
XWidth=56

[LeftLeg]
ThighAlpha=-0.0196349546313286
ThighTheta=-0.274889349937439
LowerLegAlpha=-0.0196349546313286
LowerLegTheta=-0.785398185253143

[RightLeg]
ThighAlpha=0.0981747731566429
ThighTheta=0.353429168462753
LowerLegAlpha=0.0589048638939857
LowerLegTheta=0
