[%General]
Highest=164
CenterX=41.9337597555313
CenterY=16.3743877046602
XWidth=50

[LeftLeg]
ThighAlpha=-0.157079637050629
ThighTheta=0.199239581823349
LowerLegAlpha=-0.157079637050629
LowerLegTheta=0.0863598436117172

[RightLeg]
ThighAlpha=0.13922968506813
ThighTheta=0.229159519076347
LowerLegAlpha=-0.00356999039649963
LowerLegTheta=0.0632398948073387
