[%General]
Highest=164
CenterX=30.5352236751549
CenterY=251.855691672402
XWidth=53

[LeftLeg]
ThighAlpha=-0.0785398185253143
ThighTheta=-0.117809727787971
LowerLegAlpha=-0.0589048638939857
LowerLegTheta=0.274889349937439

[RightLeg]
ThighAlpha=0.0981747731566429
ThighTheta=0.157079637050629
LowerLegAlpha=0.0981747731566429
LowerLegTheta=-0.157079637050629
