[%General]
Highest=162
CenterX=34.9116524961849
CenterY=220.516541312405
XWidth=52

[LeftLeg]
ThighAlpha=-0.0785398185253143
ThighTheta=0.514758884906769
LowerLegAlpha=0.00356999784708023
LowerLegTheta=0.259079456329346

[RightLeg]
ThighAlpha=0.103529766201973
ThighTheta=-0.461718916893005
LowerLegAlpha=0.0107099786400795
LowerLegTheta=-0.484838873147964
