[%General]
Highest=164
CenterX=41.0567236858534
CenterY=74.4812960419528
XWidth=53

[LeftLeg]
ThighAlpha=-0.0606898590922356
ThighTheta=0.534705460071564
LowerLegAlpha=-0.121379718184471
LowerLegTheta=0.176119610667229

[RightLeg]
ThighAlpha=0.13922968506813
ThighTheta=-0.464892268180847
LowerLegAlpha=0.0606898665428162
LowerLegTheta=-0.604518592357635
