[%General]
Highest=168
CenterX=38.6686881103599
CenterY=125.440387898655
XWidth=54

[LeftLeg]
ThighAlpha=-0.0214199498295784
ThighTheta=-0.318919241428375
LowerLegAlpha=-0.14279967546463
LowerLegTheta=-0.112653076648712

[RightLeg]
ThighAlpha=0.0142799690365791
ThighTheta=0.395079135894775
LowerLegAlpha=-0.0214199498295784
LowerLegTheta=-0.112653076648712
