[%General]
Highest=169
CenterX=37.226694453195
CenterY=182.717619405336
XWidth=56

[LeftLeg]
ThighAlpha=-0.0589048638939857
ThighTheta=0.157079637050629
LowerLegAlpha=-0.0981747731566429
LowerLegTheta=-0.471238911151886

[RightLeg]
ThighAlpha=0.0981747731566429
ThighTheta=0
LowerLegAlpha=0.0392699092626572
LowerLegTheta=-0.0785398185253143
