[%General]
Highest=151
CenterX=31.3294275313762
CenterY=293.790825289313
XWidth=45

[LeftLeg]
ThighAlpha=-0.0392699092626572
ThighTheta=-0.392699092626572
LowerLegAlpha=-0.0196349546313286
LowerLegTheta=-0.549778699874878

[RightLeg]
ThighAlpha=0.0196349546313286
ThighTheta=0.785398185253143
LowerLegAlpha=-0.0589048638939857
LowerLegTheta=-0.235619455575943
