[%General]
Highest=162
CenterX=34.5921989233248
CenterY=224.722143437375
XWidth=49

[LeftLeg]
ThighAlpha=-0.0589048638939857
ThighTheta=0.510508835315704
LowerLegAlpha=0.0392699092626572
LowerLegTheta=0.196349546313286

[RightLeg]
ThighAlpha=0.0785398185253143
ThighTheta=-0.431968986988068
LowerLegAlpha=0
LowerLegTheta=-0.510508835315704
