[%General]
Highest=158
CenterX=30.6559482743677
CenterY=285.941600651771
XWidth=45

[LeftLeg]
ThighAlpha=-0.0589048638939857
ThighTheta=-0.471238911151886
LowerLegAlpha=0.0392699092626572
LowerLegTheta=-0.314159274101257

[RightLeg]
ThighAlpha=0
ThighTheta=0.706858336925507
LowerLegAlpha=0.0589048638939857
LowerLegTheta=0.0785398185253143
