[%General]
Highest=164
CenterX=41.0266323369675
CenterY=83.6054230196725
XWidth=53

[LeftLeg]
ThighAlpha=-0.082109808921814
ThighTheta=0.514758884906769
LowerLegAlpha=-0.0678298398852348
LowerLegTheta=0.0333199612796307

[RightLeg]
ThighAlpha=0.121379725635052
ThighTheta=-0.371959120035172
LowerLegAlpha=0.0821098163723946
LowerLegTheta=-0.777238190174103
