[%General]
Highest=147
CenterX=31.6567942232691
CenterY=303.238154998648
XWidth=41

[LeftLeg]
ThighAlpha=0.0196349546313286
ThighTheta=-0.353429168462753
LowerLegAlpha=0
LowerLegTheta=-0.746128261089325

[RightLeg]
ThighAlpha=0
ThighTheta=0.785398185253143
LowerLegAlpha=0
LowerLegTheta=-0.431968986988068
