[%General]
Highest=169
CenterX=37.9265563435776
CenterY=178.896308419713
XWidth=55

[LeftLeg]
ThighAlpha=-0.0285599306225777
ThighTheta=0.199239581823349
LowerLegAlpha=-0.0321299210190773
LowerLegTheta=-0.956757783889771

[RightLeg]
ThighAlpha=0.13922968506813
ThighTheta=0.0564399100840092
LowerLegAlpha=-0.00356999039649963
LowerLegTheta=-0.0265199020504951
