[%General]
Highest=168
CenterX=39.4236146741919
CenterY=101.73930220626
XWidth=54

[LeftLeg]
ThighAlpha=-0.0606898590922356
ThighTheta=0.252279460430145
LowerLegAlpha=-0.0678298398852348
LowerLegTheta=-0.182466238737106

[RightLeg]
ThighAlpha=0.103529766201973
ThighTheta=-0.2459327429533
LowerLegAlpha=-0.0856797993183136
LowerLegTheta=-0.610865235328674
