[%General]
Highest=168
CenterX=41.154278489742
CenterY=38.1706798459859
XWidth=49

[LeftLeg]
ThighAlpha=-0.00356999039649963
ThighTheta=0.146199703216553
LowerLegAlpha=-0.0321299210190773
LowerLegTheta=-0.544678747653961

[RightLeg]
ThighAlpha=0.0856798067688942
ThighTheta=-0.0863597691059113
LowerLegAlpha=0.0999597758054733
LowerLegTheta=-0.206039488315582
