[%General]
Highest=165
CenterX=36.3520077516453
CenterY=202.690437540111
XWidth=56

[LeftLeg]
ThighAlpha=-0.0392699092626572
ThighTheta=0.395079135894775
LowerLegAlpha=0.00713998824357986
LowerLegTheta=0.31891930103302

[RightLeg]
ThighAlpha=0.121379725635052
ThighTheta=-0.391905754804611
LowerLegAlpha=-0.0142799615859985
LowerLegTheta=-0.176119565963745
