[%General]
Highest=164
CenterX=41.3703433162893
CenterY=78.7663988312637
XWidth=53

[LeftLeg]
ThighAlpha=-0.0606898590922356
ThighTheta=0.534705460071564
LowerLegAlpha=-0.082109808921814
LowerLegTheta=0.109479777514935

[RightLeg]
ThighAlpha=0.13922968506813
ThighTheta=-0.464892268180847
LowerLegAlpha=0.0821098163723946
LowerLegTheta=-0.601345241069794
