[%General]
Highest=166
CenterX=36.5433205183695
CenterY=198.8772691397
XWidth=56

[LeftLeg]
ThighAlpha=-0.0392699092626572
ThighTheta=0.46171897649765
LowerLegAlpha=0.021419957280159
LowerLegTheta=0.109479777514935

[RightLeg]
ThighAlpha=0.103529766201973
ThighTheta=-0.318919241428375
LowerLegAlpha=0.0107099786400795
LowerLegTheta=-0.182466238737106
