[%General]
Highest=164
CenterX=41.9337597555313
CenterY=16.3743877046602
XWidth=50

[LeftLeg]
ThighAlpha=-0.157079637050629
ThighTheta=0.179292947053909
LowerLegAlpha=-0.121379718184471
LowerLegTheta=0.0364932715892792

[RightLeg]
ThighAlpha=0.13922968506813
ThighTheta=0.249106109142303
LowerLegAlpha=-0.00356999039649963
LowerLegTheta=0.0333199352025986
