[%General]
Highest=166
CenterX=39.1498101773674
CenterY=165.207954586282
XWidth=56

[LeftLeg]
ThighAlpha=-0.00713998079299927
ThighTheta=-0.2522794008255
LowerLegAlpha=-0.0321299210190773
LowerLegTheta=-0.81395810842514

[RightLeg]
ThighAlpha=0.0999597758054733
ThighTheta=0.322092622518539
LowerLegAlpha=0.0428399071097374
LowerLegTheta=0.0364932715892792
