[%General]
Highest=167
CenterX=38.362263473668
CenterY=121.09859750782
XWidth=55

[LeftLeg]
ThighAlpha=-0.0999597683548927
ThighTheta=-0.2459327429533
LowerLegAlpha=-0.103529758751392
LowerLegTheta=-0.109479740262032

[RightLeg]
ThighAlpha=0.0142799690365791
ThighTheta=0.395079135894775
LowerLegAlpha=0.0606898665428162
LowerLegTheta=-0.398252427577972
