[%General]
Highest=169
CenterX=41.5564644755921
CenterY=42.7848719188014
XWidth=51

[LeftLeg]
ThighAlpha=-0.0464098900556564
ThighTheta=0.179292947053909
LowerLegAlpha=0.021419957280159
LowerLegTheta=-0.325265914201736

[RightLeg]
ThighAlpha=0.103529766201973
ThighTheta=-0.176119565963745
LowerLegAlpha=0.0999597758054733
LowerLegTheta=-0.182466238737106
