[%General]
Highest=163
CenterX=38.6029962546816
CenterY=147.718170913809
XWidth=53

[LeftLeg]
ThighAlpha=-0.0606898590922356
ThighTheta=-0.461718916893005
LowerLegAlpha=-0.0356999114155769
LowerLegTheta=-0.468065589666367

[RightLeg]
ThighAlpha=0.0678298473358154
ThighTheta=0.46489229798317
LowerLegAlpha=0.00713998824357986
LowerLegTheta=0.31891930103302
