[%General]
Highest=167
CenterX=40.9603987656162
CenterY=29.6675194163063
XWidth=50

[LeftLeg]
ThighAlpha=0.0999597758054733
ThighTheta=0.0632398948073387
LowerLegAlpha=-0.13922968506813
LowerLegTheta=-0.890117883682251

[RightLeg]
ThighAlpha=0.13922968506813
ThighTheta=-0.123079679906368
LowerLegAlpha=-0.0285599306225777
LowerLegTheta=0.212839543819427
