[%General]
Highest=168
CenterX=38.9509290498011
CenterY=105.765521929604
XWidth=55

[LeftLeg]
ThighAlpha=-0.0392699092626572
ThighTheta=0.157079637050629
LowerLegAlpha=-0.0981747731566429
LowerLegTheta=-0.157079637050629

[RightLeg]
ThighAlpha=0.0785398185253143
ThighTheta=-0.235619455575943
LowerLegAlpha=-0.0981747731566429
LowerLegTheta=-0.392699092626572
