[%General]
Highest=163
CenterX=30.2170381943907
CenterY=269.888093064988
XWidth=49

[LeftLeg]
ThighAlpha=-0.0285599306225777
ThighTheta=-0.322092592716217
LowerLegAlpha=-0.0678298398852348
LowerLegTheta=-0.030146561563015

[RightLeg]
ThighAlpha=0.0142799690365791
ThighTheta=0.391905784606934
LowerLegAlpha=-0.0321299210190773
LowerLegTheta=0.106306441128254
