[%General]
Highest=164
CenterX=41.3703433162893
CenterY=78.7663988312637
XWidth=53

[LeftLeg]
ThighAlpha=-0.0785398185253143
ThighTheta=0.544678807258606
LowerLegAlpha=-0.0642598494887352
LowerLegTheta=0.109479792416096

[RightLeg]
ThighAlpha=0.13922968506813
ThighTheta=-0.424998998641968
LowerLegAlpha=0.0999597758054733
LowerLegTheta=-0.67115843296051
