[%General]
Highest=164
CenterX=31.0456320751838
CenterY=262.673908400207
XWidth=51

[LeftLeg]
ThighAlpha=-0.0464098900556564
ThighTheta=-0.182466238737106
LowerLegAlpha=-0.0856797993183136
LowerLegTheta=0.0396666079759598

[RightLeg]
ThighAlpha=0.0142799690365791
ThighTheta=0.391905784606934
LowerLegAlpha=0.0856798067688942
LowerLegTheta=-0.391905754804611
