[%General]
Highest=164
CenterX=41.2435294699856
CenterY=62.4959296283466
XWidth=53

[LeftLeg]
ThighAlpha=-0.0785398185253143
ThighTheta=0.424999058246613
LowerLegAlpha=-0.0678298398852348
LowerLegTheta=0.34883925318718

[RightLeg]
ThighAlpha=0.121379725635052
ThighTheta=-0.491638839244843
LowerLegAlpha=0.0428399071097374
LowerLegTheta=-0.335239201784134
