[%General]
Highest=165
CenterX=41.6184792511124
CenterY=21.744530558893
XWidth=49

[LeftLeg]
ThighAlpha=-0.13922968506813
ThighTheta=0.179292947053909
LowerLegAlpha=-0.157079637050629
LowerLegTheta=-0.0396665707230568

[RightLeg]
ThighAlpha=0.121379725635052
ThighTheta=0.245932787656784
LowerLegAlpha=-0.00713998079299927
LowerLegTheta=-0.0999597311019897
