[%General]
Highest=163
CenterX=32.6000190180354
CenterY=233.909442454594
XWidth=49

[LeftLeg]
ThighAlpha=-0.0392699092626572
ThighTheta=0.391905784606934
LowerLegAlpha=-0.0321299210190773
LowerLegTheta=0.106306441128254

[RightLeg]
ThighAlpha=-0.0107099711894989
ThighTheta=-0.2459327429533
LowerLegAlpha=0.00356999784708023
LowerLegTheta=-0.820304751396179
