[%General]
Highest=162
CenterX=34.9116524961849
CenterY=220.516541312405
XWidth=52

[LeftLeg]
ThighAlpha=-0.0606898590922356
ThighTheta=0.534705460071564
LowerLegAlpha=-0.0142799615859985
LowerLegTheta=0.249106109142303

[RightLeg]
ThighAlpha=0.103529766201973
ThighTheta=-0.461718916893005
LowerLegAlpha=0.0107099786400795
LowerLegTheta=-0.464892268180847
