[%General]
Highest=168
CenterX=41.7560991145933
CenterY=51.1365819478948
XWidth=52

[LeftLeg]
ThighAlpha=-0.00713998079299927
ThighTheta=0.315745949745178
LowerLegAlpha=0.00356999784708023
LowerLegTheta=-0.0999597311019897

[RightLeg]
ThighAlpha=0.121379725635052
ThighTheta=-0.322092592716217
LowerLegAlpha=0.0107099786400795
LowerLegTheta=-0.249106079339981
