[%General]
Highest=163
CenterX=30.5400054656424
CenterY=243.969225397018
XWidth=50

[LeftLeg]
ThighAlpha=-0.0785398185253143
ThighTheta=0.249106109142303
LowerLegAlpha=-0.0142799615859985
LowerLegTheta=0.0333199352025986

[RightLeg]
ThighAlpha=-0.082109808921814
ThighTheta=-0.0364932343363762
LowerLegAlpha=0.00356999784708023
LowerLegTheta=-0.890117883682251
