[%General]
Highest=162
CenterX=40.5227000373259
CenterY=12.5552717914465
XWidth=44

[LeftLeg]
ThighAlpha=-0.157079637050629
ThighTheta=0.176119610667229
LowerLegAlpha=-0.157079637050629
LowerLegTheta=0.109479777514935

[RightLeg]
ThighAlpha=0.0678298473358154
ThighTheta=0.109479777514935
LowerLegAlpha=0.0107099786400795
LowerLegTheta=0.245932787656784
