[%General]
Highest=165
CenterX=39.4121298548779
CenterY=136.527710203283
XWidth=54

[LeftLeg]
ThighAlpha=-0.0214199498295784
ThighTheta=-0.461718916893005
LowerLegAlpha=-0.0856797993183136
LowerLegTheta=-0.2454794049263

[RightLeg]
ThighAlpha=0.0678298473358154
ThighTheta=0.424999058246613
LowerLegAlpha=-0.0428398996591568
LowerLegTheta=0.498438894748688
