[%General]
Highest=164
CenterX=41.193355074743
CenterY=14.2691741023391
XWidth=45

[LeftLeg]
ThighAlpha=-0.157079637050629
ThighTheta=0.179292947053909
LowerLegAlpha=-0.121379718184471
LowerLegTheta=0.106306441128254

[RightLeg]
ThighAlpha=0.103529766201973
ThighTheta=0.176119610667229
LowerLegAlpha=-0.0142799615859985
LowerLegTheta=0.179292947053909
