[%General]
Highest=162
CenterX=35.4738875847335
CenterY=216.660868303748
XWidth=54

[LeftLeg]
ThighAlpha=-0.0785398185253143
ThighTheta=0.544678807258606
LowerLegAlpha=0.0249899476766586
LowerLegTheta=0.312119334936142

[RightLeg]
ThighAlpha=0.121379725635052
ThighTheta=-0.461718916893005
LowerLegAlpha=0.0107099786400795
LowerLegTheta=-0.395079076290131
