[%General]
Highest=168
CenterX=36.9744684433327
CenterY=187.334074947085
XWidth=56

[LeftLeg]
ThighAlpha=-0.0785398185253143
ThighTheta=0.199239581823349
LowerLegAlpha=0.021419957280159
LowerLegTheta=-0.275399327278137

[RightLeg]
ThighAlpha=0.121379725635052
ThighTheta=-0.116279698908329
LowerLegAlpha=0.0285599380731583
LowerLegTheta=-0.0632398128509521
