[%General]
Highest=164
CenterX=30.8013820499028
CenterY=254.885118825947
XWidth=52

[LeftLeg]
ThighAlpha=-0.117809727787971
ThighTheta=-0.139399647712708
LowerLegAlpha=-0.0142799615859985
LowerLegTheta=0.162519663572311

[RightLeg]
ThighAlpha=0.121379725635052
ThighTheta=0.401879131793976
LowerLegAlpha=-0.0999597683548927
LowerLegTheta=-0.724198341369629
