[%General]
Highest=167
CenterX=41.6588797581019
CenterY=27.0285790923944
XWidth=49

[LeftLeg]
ThighAlpha=0.0642598569393158
ThighTheta=0.116279773414135
LowerLegAlpha=0.021419957280159
LowerLegTheta=-1.06963741779327

[RightLeg]
ThighAlpha=0.121379725635052
ThighTheta=0.0863598436117172
LowerLegAlpha=-0.00356999039649963
LowerLegTheta=-0.0265199020504951
