[%General]
Highest=162
CenterX=35.4738875847335
CenterY=216.660868303748
XWidth=54

[LeftLeg]
ThighAlpha=-0.0606898590922356
ThighTheta=0.534705460071564
LowerLegAlpha=-0.0107099711894989
LowerLegTheta=0.322092622518539

[RightLeg]
ThighAlpha=0.121379725635052
ThighTheta=-0.461718916893005
LowerLegAlpha=0.0107099786400795
LowerLegTheta=-0.395079076290131
