[%General]
Highest=164
CenterX=31.0456320751838
CenterY=262.673908400207
XWidth=51

[LeftLeg]
ThighAlpha=-0.0464098900556564
ThighTheta=-0.192439526319504
LowerLegAlpha=-0.0678298398852348
LowerLegTheta=0.0197199955582619

[RightLeg]
ThighAlpha=0.0321299284696579
ThighTheta=0.401879131793976
LowerLegAlpha=0.0249899476766586
LowerLegTheta=-0.431798994541168
