[%General]
Highest=163
CenterX=35.9761631499956
CenterY=209.627110948555
XWidth=55

[LeftLeg]
ThighAlpha=-0.0214199498295784
ThighTheta=0.46489229798317
LowerLegAlpha=-0.0642598494887352
LowerLegTheta=0.46171897649765

[RightLeg]
ThighAlpha=0.103529766201973
ThighTheta=-0.461718916893005
LowerLegAlpha=0.0428399071097374
LowerLegTheta=-0.318919241428375
