[%General]
Highest=163
CenterX=29.7679097877358
CenterY=248.144811320755
XWidth=51

[LeftLeg]
ThighAlpha=-0.0606898590922356
ThighTheta=0.0364932715892792
LowerLegAlpha=-0.0356999114155769
LowerLegTheta=0.176119610667229

[RightLeg]
ThighAlpha=0.00356999784708023
ThighTheta=-0.2459327429533
LowerLegAlpha=-0.13922968506813
LowerLegTheta=-0.541052103042603
