[%General]
Highest=164
CenterX=41.193355074743
CenterY=14.2691741023391
XWidth=45

[LeftLeg]
ThighAlpha=-0.0981747731566429
ThighTheta=0.196349546313286
LowerLegAlpha=-0.0785398185253143
LowerLegTheta=0.0785398185253143

[RightLeg]
ThighAlpha=0.0981747731566429
ThighTheta=0.157079637050629
LowerLegAlpha=0
LowerLegTheta=0.196349546313286
