[%General]
Highest=164
CenterX=38.9807576739528
CenterY=152.158416308254
XWidth=55

[LeftLeg]
ThighAlpha=-0.0214199498295784
ThighTheta=-0.464892268180847
LowerLegAlpha=-0.082109808921814
LowerLegTheta=-0.464892268180847

[RightLeg]
ThighAlpha=0.121379725635052
ThighTheta=0.46171897649765
LowerLegAlpha=-0.0142799615859985
LowerLegTheta=0.18246628344059
