[%General]
Highest=163
CenterX=35.6740289009678
CenterY=213.254911838791
XWidth=54

[LeftLeg]
ThighAlpha=-0.0214199498295784
ThighTheta=0.534705460071564
LowerLegAlpha=-0.0499798804521561
LowerLegTheta=0.391905784606934

[RightLeg]
ThighAlpha=0.103529766201973
ThighTheta=-0.464892268180847
LowerLegAlpha=0.00713998824357986
LowerLegTheta=-0.38555908203125
