[%General]
Highest=168
CenterX=40.9509443685166
CenterY=33.5749221428091
XWidth=50

[LeftLeg]
ThighAlpha=0.046409897506237
ThighTheta=0.116279773414135
LowerLegAlpha=-0.157079637050629
LowerLegTheta=-0.920037806034088

[RightLeg]
ThighAlpha=0.13922968506813
ThighTheta=-0.0333198830485344
LowerLegAlpha=-0.00713998079299927
LowerLegTheta=-0.109479710459709
