[%General]
Highest=161
CenterX=30.2430066662513
CenterY=273.081241044172
XWidth=48

[LeftLeg]
ThighAlpha=-0.0214199498295784
ThighTheta=-0.318919241428375
LowerLegAlpha=-0.0678298398852348
LowerLegTheta=-0.182466238737106

[RightLeg]
ThighAlpha=-0.0214199498295784
ThighTheta=0.395079135894775
LowerLegAlpha=0.00713998824357986
LowerLegTheta=0.31891930103302
