[%General]
Highest=166
CenterX=39.067657252415
CenterY=168.86654130718
XWidth=57

[LeftLeg]
ThighAlpha=-0.00713998079299927
ThighTheta=-0.222359463572502
LowerLegAlpha=-0.0107099711894989
LowerLegTheta=-0.777238190174103

[RightLeg]
ThighAlpha=0.121379725635052
ThighTheta=0.288999378681183
LowerLegAlpha=0.0249899476766586
LowerLegTheta=-0.00339995324611664
