[%General]
Highest=163
CenterX=30.5400054656424
CenterY=243.969225397018
XWidth=50

[LeftLeg]
ThighAlpha=-0.0785398185253143
ThighTheta=0.199239581823349
LowerLegAlpha=-0.0142799615859985
LowerLegTheta=0.0931598246097565

[RightLeg]
ThighAlpha=-0.082109808921814
ThighTheta=-0.0564398318529129
LowerLegAlpha=0.00356999784708023
LowerLegTheta=-0.890117883682251
