[%General]
Highest=165
CenterX=38.9593639784376
CenterY=160.937589204619
XWidth=56

[LeftLeg]
ThighAlpha=-0.024989940226078
ThighTheta=-0.318919241428375
LowerLegAlpha=-0.0321299210190773
LowerLegTheta=-0.750491619110107

[RightLeg]
ThighAlpha=0.103529766201973
ThighTheta=0.391905784606934
LowerLegAlpha=0.0249899476766586
LowerLegTheta=0.109479777514935
