[%General]
Highest=163
CenterX=30.2170381943907
CenterY=269.888093064988
XWidth=49

[LeftLeg]
ThighAlpha=-0.0285599306225777
ThighTheta=-0.342039197683334
LowerLegAlpha=-0.103529758751392
LowerLegTheta=-0.010199936106801

[RightLeg]
ThighAlpha=0.0142799690365791
ThighTheta=0.401879131793976
LowerLegAlpha=-0.0321299210190773
LowerLegTheta=0.0564399100840092
