[%General]
Highest=164
CenterX=38.8928886600971
CenterY=156.689329313134
XWidth=56

[LeftLeg]
ThighAlpha=-0.024989940226078
ThighTheta=-0.458545595407486
LowerLegAlpha=-0.0642598494887352
LowerLegTheta=-0.541052103042603

[RightLeg]
ThighAlpha=0.103529766201973
ThighTheta=0.391905784606934
LowerLegAlpha=0.0142799690365791
LowerLegTheta=0.179292947053909
