[%General]
Highest=165
CenterX=42.0380134365167
CenterY=19.1754967826062
XWidth=50

[LeftLeg]
ThighAlpha=-0.157079637050629
ThighTheta=0.179292947053909
LowerLegAlpha=-0.13922968506813
LowerLegTheta=0.0333199352025986

[RightLeg]
ThighAlpha=0.13922968506813
ThighTheta=0.249106109142303
LowerLegAlpha=-0.0107099711894989
LowerLegTheta=-0.0333198979496956
