[%General]
Highest=168
CenterX=36.9744684433327
CenterY=187.334074947085
XWidth=56

[LeftLeg]
ThighAlpha=-0.0785398185253143
ThighTheta=0.196349546313286
LowerLegAlpha=0.0392699092626572
LowerLegTheta=-0.274889349937439

[RightLeg]
ThighAlpha=0.0981747731566429
ThighTheta=-0.117809727787971
LowerLegAlpha=0.0196349546313286
LowerLegTheta=-0.0392699092626572
