[%General]
Highest=164
CenterX=38.5651859829778
CenterY=143.813478512136
XWidth=53

[LeftLeg]
ThighAlpha=-0.0606898590922356
ThighTheta=-0.491638839244843
LowerLegAlpha=-0.0499798804521561
LowerLegTheta=-0.365159124135971

[RightLeg]
ThighAlpha=0.0678298473358154
ThighTheta=0.454919010400772
LowerLegAlpha=-0.00713998079299927
LowerLegTheta=0.371959179639816
