[%General]
Highest=164
CenterX=41.193355074743
CenterY=14.2691741023391
XWidth=45

[LeftLeg]
ThighAlpha=-0.0981747731566429
ThighTheta=0.235619455575943
LowerLegAlpha=-0.0785398185253143
LowerLegTheta=-0.157079637050629

[RightLeg]
ThighAlpha=0.0981747731566429
ThighTheta=0.157079637050629
LowerLegAlpha=0.0196349546313286
LowerLegTheta=0.157079637050629
