[%General]
Highest=164
CenterX=38.9807576739528
CenterY=152.158416308254
XWidth=55

[LeftLeg]
ThighAlpha=-0.0392699092626572
ThighTheta=-0.454918920993805
LowerLegAlpha=-0.0464098900556564
LowerLegTheta=-0.514758765697479

[RightLeg]
ThighAlpha=0.121379725635052
ThighTheta=0.431799054145813
LowerLegAlpha=-0.0142799615859985
LowerLegTheta=0.252279460430145
