[%General]
Highest=153
CenterX=30.869924234489
CenterY=289.925473970881
XWidth=45

[LeftLeg]
ThighAlpha=-0.0606898590922356
ThighTheta=-0.461718916893005
LowerLegAlpha=-0.0142799615859985
LowerLegTheta=-0.395079076290131

[RightLeg]
ThighAlpha=-0.00356999039649963
ThighTheta=0.74731832742691
LowerLegAlpha=0.00356999784708023
LowerLegTheta=-0.116279698908329
