[%General]
Highest=165
CenterX=39.4121298548779
CenterY=136.527710203283
XWidth=54

[LeftLeg]
ThighAlpha=-0.0392699092626572
ThighTheta=-0.471238911151886
LowerLegAlpha=-0.0785398185253143
LowerLegTheta=-0.235619455575943

[RightLeg]
ThighAlpha=0.0589048638939857
ThighTheta=0.392699092626572
LowerLegAlpha=-0.0392699092626572
LowerLegTheta=0.549778699874878
