[%General]
Highest=168
CenterX=40.9509443685166
CenterY=33.5749221428091
XWidth=50

[LeftLeg]
ThighAlpha=0.0285599380731583
ThighTheta=0.106306441128254
LowerLegAlpha=-0.103529758751392
LowerLegTheta=-0.890117883682251

[RightLeg]
ThighAlpha=0.13922968506813
ThighTheta=-0.0333198979496956
LowerLegAlpha=-0.00713998079299927
LowerLegTheta=-0.109479740262032
