[%General]
Highest=163
CenterX=41.2353076982274
CenterY=69.9603032090911
XWidth=54

[LeftLeg]
ThighAlpha=-0.13922968506813
ThighTheta=0.514758884906769
LowerLegAlpha=-0.0642598494887352
LowerLegTheta=0.31891930103302

[RightLeg]
ThighAlpha=0.13922968506813
ThighTheta=-0.484838873147964
LowerLegAlpha=0.021419957280159
LowerLegTheta=-0.52155876159668
