[%General]
Highest=163
CenterX=30.7709797822706
CenterY=266.170388802488
XWidth=50

[LeftLeg]
ThighAlpha=-0.0392699092626572
ThighTheta=-0.274889349937439
LowerLegAlpha=-0.0589048638939857
LowerLegTheta=0

[RightLeg]
ThighAlpha=0
ThighTheta=0.431968986988068
LowerLegAlpha=0
LowerLegTheta=-0.196349546313286
