[%General]
Highest=163
CenterX=31.6095564986558
CenterY=238.775544020425
XWidth=49

[LeftLeg]
ThighAlpha=-0.0785398185253143
ThighTheta=0.322092622518539
LowerLegAlpha=0.00356999784708023
LowerLegTheta=0.103133104741573

[RightLeg]
ThighAlpha=-0.024989940226078
ThighTheta=-0.2522794008255
LowerLegAlpha=-0.0178499519824982
LowerLegTheta=-0.747318267822266
