[%General]
Highest=159
CenterX=30.3987713938438
CenterY=279.506619362045
XWidth=47

[LeftLeg]
ThighAlpha=-0.0606898590922356
ThighTheta=-0.431798994541168
LowerLegAlpha=-0.0142799615859985
LowerLegTheta=-0.215559482574463

[RightLeg]
ThighAlpha=-0.0214199498295784
ThighTheta=0.395079135894775
LowerLegAlpha=0.00713998824357986
LowerLegTheta=0.611318647861481
