[%General]
Highest=164
CenterX=41.2435294699856
CenterY=62.4959296283466
XWidth=53

[LeftLeg]
ThighAlpha=-0.0606898590922356
ThighTheta=0.395079135894775
LowerLegAlpha=-0.121379718184471
LowerLegTheta=0.458545625209808

[RightLeg]
ThighAlpha=0.121379725635052
ThighTheta=-0.531532108783722
LowerLegAlpha=0.0606898665428162
LowerLegTheta=-0.325265914201736
