[%General]
Highest=161
CenterX=30.1760481889514
CenterY=276.159277165729
XWidth=47

[LeftLeg]
ThighAlpha=-0.0214199498295784
ThighTheta=-0.391905754804611
LowerLegAlpha=-0.0499798804521561
LowerLegTheta=-0.112653076648712

[RightLeg]
ThighAlpha=-0.00356999039649963
ThighTheta=0.395079135894775
LowerLegAlpha=0.00356999784708023
LowerLegTheta=0.458545625209808
