[%General]
Highest=168
CenterX=36.9744684433327
CenterY=187.334074947085
XWidth=56

[LeftLeg]
ThighAlpha=-0.0606898590922356
ThighTheta=0.179292947053909
LowerLegAlpha=0.00356999784708023
LowerLegTheta=-0.255452752113342

[RightLeg]
ThighAlpha=0.0999597758054733
ThighTheta=-0.106306403875351
LowerLegAlpha=0.0606898665428162
LowerLegTheta=-0.10313306748867
