[%General]
Highest=167
CenterX=38.362263473668
CenterY=121.09859750782
XWidth=55

[LeftLeg]
ThighAlpha=-0.0999597683548927
ThighTheta=-0.206039488315582
LowerLegAlpha=-0.103529758751392
LowerLegTheta=-0.169319570064545

[RightLeg]
ThighAlpha=0.0142799690365791
ThighTheta=0.371959179639816
LowerLegAlpha=0.021419957280159
LowerLegTheta=-0.259079366922379
