[%General]
Highest=164
CenterX=38.5651859829778
CenterY=143.813478512136
XWidth=53

[LeftLeg]
ThighAlpha=-0.0606898590922356
ThighTheta=-0.461718916893005
LowerLegAlpha=-0.0499798804521561
LowerLegTheta=-0.395079076290131

[RightLeg]
ThighAlpha=0.0678298473358154
ThighTheta=0.46489229798317
LowerLegAlpha=0.0107099786400795
LowerLegTheta=0.391905784606934
