[%General]
Highest=163
CenterX=30.7709797822706
CenterY=266.170388802488
XWidth=50

[LeftLeg]
ThighAlpha=-0.0392699092626572
ThighTheta=-0.249106079339981
LowerLegAlpha=-0.0499798804521561
LowerLegTheta=-0.0333198979496956

[RightLeg]
ThighAlpha=0.0321299284696579
ThighTheta=0.46171897649765
LowerLegAlpha=-0.0214199498295784
LowerLegTheta=-0.322092592716217
