[%General]
Highest=149
CenterX=31.6220521147452
CenterY=298.359429366736
XWidth=43

[LeftLeg]
ThighAlpha=-0.00713998079299927
ThighTheta=-0.391905754804611
LowerLegAlpha=0.00356999784708023
LowerLegTheta=-0.607691943645477

[RightLeg]
ThighAlpha=0.0107099786400795
ThighTheta=0.817131459712982
LowerLegAlpha=-0.0142799615859985
LowerLegTheta=-0.318919241428375
