[%General]
Highest=158
CenterX=30.6559482743677
CenterY=285.941600651771
XWidth=45

[LeftLeg]
ThighAlpha=-0.0606898590922356
ThighTheta=-0.391905754804611
LowerLegAlpha=0.00713998824357986
LowerLegTheta=-0.398252427577972

[RightLeg]
ThighAlpha=0.0142799690365791
ThighTheta=0.74731832742691
LowerLegAlpha=-0.0107099711894989
LowerLegTheta=0.0364932715892792
