[%General]
Highest=162
CenterX=34.9116524961849
CenterY=220.516541312405
XWidth=52

[LeftLeg]
ThighAlpha=-0.0785398185253143
ThighTheta=0.510508835315704
LowerLegAlpha=0
LowerLegTheta=0.274889349937439

[RightLeg]
ThighAlpha=0.0981747731566429
ThighTheta=-0.471238911151886
LowerLegAlpha=0.0196349546313286
LowerLegTheta=-0.471238911151886
