[%General]
Highest=169
CenterX=37.226694453195
CenterY=182.717619405336
XWidth=56

[LeftLeg]
ThighAlpha=-0.0606898590922356
ThighTheta=0.109479777514935
LowerLegAlpha=-0.0464098900556564
LowerLegTheta=-0.395079076290131

[RightLeg]
ThighAlpha=0.121379725635052
ThighTheta=-0.0333198979496956
LowerLegAlpha=0.0107099786400795
LowerLegTheta=-0.0364932343363762
