[%General]
Highest=164
CenterX=30.8013820499028
CenterY=254.885118825947
XWidth=52

[LeftLeg]
ThighAlpha=-0.117809727787971
ThighTheta=-0.179292917251587
LowerLegAlpha=-0.0142799615859985
LowerLegTheta=0.252279460430145

[RightLeg]
ThighAlpha=0.103529766201973
ThighTheta=0.391905784606934
LowerLegAlpha=0.00713998824357986
LowerLegTheta=-0.81395810842514
