[%General]
Highest=166
CenterX=41.6991123315665
CenterY=24.5835238520978
XWidth=49

[LeftLeg]
ThighAlpha=-0.157079637050629
ThighTheta=0.109479792416096
LowerLegAlpha=-0.13922968506813
LowerLegTheta=0.0401199460029602

[RightLeg]
ThighAlpha=0.121379725635052
ThighTheta=0.169319659471512
LowerLegAlpha=-0.00356999039649963
LowerLegTheta=-0.0795597806572914
