[%General]
Highest=168
CenterX=38.9509290498011
CenterY=105.765521929604
XWidth=55

[LeftLeg]
ThighAlpha=-0.0999597683548927
ThighTheta=0.106306441128254
LowerLegAlpha=-0.0678298398852348
LowerLegTheta=-0.109479740262032

[RightLeg]
ThighAlpha=0.0321299284696579
ThighTheta=-0.176119565963745
LowerLegAlpha=-0.0642598494887352
LowerLegTheta=-0.541052103042603
