[%General]
Highest=158
CenterX=30.6559482743677
CenterY=285.941600651771
XWidth=45

[LeftLeg]
ThighAlpha=-0.0589048638939857
ThighTheta=-0.431968986988068
LowerLegAlpha=0
LowerLegTheta=-0.353429168462753

[RightLeg]
ThighAlpha=0
ThighTheta=0.667588412761688
LowerLegAlpha=0.0981747731566429
LowerLegTheta=0.117809727787971
