[%General]
Highest=163
CenterX=32.6000190180354
CenterY=233.909442454594
XWidth=49

[LeftLeg]
ThighAlpha=-0.0392699092626572
ThighTheta=0.371959179639816
LowerLegAlpha=0.00356999784708023
LowerLegTheta=0.146199703216553

[RightLeg]
ThighAlpha=-0.0107099711894989
ThighTheta=-0.265879362821579
LowerLegAlpha=0.00356999784708023
LowerLegTheta=-0.770438194274902
