[%General]
Highest=166
CenterX=41.8757192469852
CenterY=55.0700344725949
XWidth=52

[LeftLeg]
ThighAlpha=-0.0606898590922356
ThighTheta=0.391905784606934
LowerLegAlpha=0.00356999784708023
LowerLegTheta=0.0333199352025986

[RightLeg]
ThighAlpha=0.13922968506813
ThighTheta=-0.391905754804611
LowerLegAlpha=-0.00713998079299927
LowerLegTheta=-0.2459327429533
