[%General]
Highest=153
CenterX=30.869924234489
CenterY=289.925473970881
XWidth=45

[LeftLeg]
ThighAlpha=-0.0589048638939857
ThighTheta=-0.392699092626572
LowerLegAlpha=0
LowerLegTheta=-0.471238911151886

[RightLeg]
ThighAlpha=0.0196349546313286
ThighTheta=0.785398185253143
LowerLegAlpha=-0.0785398185253143
LowerLegTheta=-0.157079637050629
