[%General]
Highest=164
CenterX=31.1565702011553
CenterY=258.427883080317
XWidth=51

[LeftLeg]
ThighAlpha=-0.0785398185253143
ThighTheta=-0.235619455575943
LowerLegAlpha=-0.0392699092626572
LowerLegTheta=0.235619455575943

[RightLeg]
ThighAlpha=0.0785398185253143
ThighTheta=0.392699092626572
LowerLegAlpha=0.0196349546313286
LowerLegTheta=-0.706858336925507
