[%General]
Highest=166
CenterX=39.1498101773674
CenterY=165.207954586282
XWidth=56

[LeftLeg]
ThighAlpha=-0.0196349546313286
ThighTheta=-0.314159274101257
LowerLegAlpha=-0.0196349546313286
LowerLegTheta=-0.706858336925507

[RightLeg]
ThighAlpha=0.0981747731566429
ThighTheta=0.314159274101257
LowerLegAlpha=0.0392699092626572
LowerLegTheta=0.0785398185253143
