[%General]
Highest=169
CenterX=41.5564644755921
CenterY=42.7848719188014
XWidth=51

[LeftLeg]
ThighAlpha=-0.0196349546313286
ThighTheta=0.235619455575943
LowerLegAlpha=0.0589048638939857
LowerLegTheta=-0.471238911151886

[RightLeg]
ThighAlpha=0.0981747731566429
ThighTheta=-0.157079637050629
LowerLegAlpha=0.0981747731566429
LowerLegTheta=-0.235619455575943
