[%General]
Highest=167
CenterX=36.429477219187
CenterY=195.010976893389
XWidth=56

[LeftLeg]
ThighAlpha=-0.0589048638939857
ThighTheta=0.392699092626572
LowerLegAlpha=0.0589048638939857
LowerLegTheta=0

[RightLeg]
ThighAlpha=0.0981747731566429
ThighTheta=-0.235619455575943
LowerLegAlpha=0
LowerLegTheta=-0.157079637050629
