[%General]
Highest=166
CenterX=41.6991123315665
CenterY=24.5835238520978
XWidth=49

[LeftLeg]
ThighAlpha=-0.0785398185253143
ThighTheta=0.157079637050629
LowerLegAlpha=-0.0981747731566429
LowerLegTheta=-0.0785398185253143

[RightLeg]
ThighAlpha=0.0981747731566429
ThighTheta=0.157079637050629
LowerLegAlpha=0.0392699092626572
LowerLegTheta=-0.0785398185253143
