[%General]
Highest=162
CenterX=33.6141963745353
CenterY=229.28548373152
XWidth=49

[LeftLeg]
ThighAlpha=-0.0785398185253143
ThighTheta=0.471238911151886
LowerLegAlpha=0.0392699092626572
LowerLegTheta=0.157079637050629

[RightLeg]
ThighAlpha=0.0196349546313286
ThighTheta=-0.392699092626572
LowerLegAlpha=0
LowerLegTheta=-0.628318548202515
