[%General]
Highest=169
CenterX=37.9265563435776
CenterY=178.896308419713
XWidth=55

[LeftLeg]
ThighAlpha=-0.0196349546313286
ThighTheta=0.157079637050629
LowerLegAlpha=0.0392699092626572
LowerLegTheta=-0.628318548202515

[RightLeg]
ThighAlpha=0.0981747731566429
ThighTheta=0.0785398185253143
LowerLegAlpha=0.0392699092626572
LowerLegTheta=-0.0785398185253143
