[%General]
Highest=167
CenterX=40.9603987656162
CenterY=29.6675194163063
XWidth=50

[LeftLeg]
ThighAlpha=0.0785398185253143
ThighTheta=0
LowerLegAlpha=-0.0392699092626572
LowerLegTheta=-0.785398185253143

[RightLeg]
ThighAlpha=0.0589048638939857
ThighTheta=-0.0785398185253143
LowerLegAlpha=0.0981747731566429
LowerLegTheta=0.157079637050629
