[%General]
Highest=147
CenterX=31.8909491498986
CenterY=308.779090625487
XWidth=40

[LeftLeg]
ThighAlpha=0.0392699092626572
ThighTheta=-0.314159274101257
LowerLegAlpha=-0.0589048638939857
LowerLegTheta=-0.785398185253143

[RightLeg]
ThighAlpha=0.0196349546313286
ThighTheta=0.706858336925507
LowerLegAlpha=-0.0981747731566429
LowerLegTheta=-0.549778699874878
