[%General]
Highest=179
CenterX=39.6683677382023
CenterY=131.932208116342
XWidth=61

[LeftLeg]
ThighAlpha=0.0142799690365791
ThighTheta=0.206039562821388
LowerLegAlpha=-0.0642598494887352
LowerLegTheta=-0.0863597691059113

[RightLeg]
ThighAlpha=0.103529766201973
ThighTheta=-0.00339995324611664
LowerLegAlpha=0.021419957280159
LowerLegTheta=-0.176119565963745
