[%General]
Highest=166
CenterX=39.1122949038794
CenterY=274.741073943237
XWidth=54

[LeftLeg]
ThighAlpha=0.0499798879027367
ThighTheta=-0.0564398318529129
LowerLegAlpha=-0.13922968506813
LowerLegTheta=-1.09955739974976

[RightLeg]
ThighAlpha=0.103529766201973
ThighTheta=0.229159519076347
LowerLegAlpha=0.0249899476766586
LowerLegTheta=0.235959500074387
