[%General]
Highest=178
CenterX=41.3256917737548
CenterY=51.1787011850045
XWidth=56

[LeftLeg]
ThighAlpha=0.0142799690365791
ThighTheta=-0.0265199020504951
LowerLegAlpha=-0.0142799615859985
LowerLegTheta=-0.162519589066505

[RightLeg]
ThighAlpha=0.13922968506813
ThighTheta=0.378759175539017
LowerLegAlpha=-0.0499798804521561
LowerLegTheta=-0.634438514709473
