[%General]
Highest=173
CenterX=37.3202018892811
CenterY=229.258788816798
XWidth=57

[LeftLeg]
ThighAlpha=-0.0285599306225777
ThighTheta=-0.37875908613205
LowerLegAlpha=-0.103529758751392
LowerLegTheta=-0.0496398508548737

[RightLeg]
ThighAlpha=-0.0606898590922356
ThighTheta=0.424999058246613
LowerLegAlpha=0.0428399071097374
LowerLegTheta=0.611318647861481
