[%General]
Highest=153
CenterX=38.5316621991029
CenterY=303.759547758698
XWidth=48

[LeftLeg]
ThighAlpha=-0.157079637050629
ThighTheta=-0.259079366922379
LowerLegAlpha=-0.14279967546463
LowerLegTheta=-0.139399647712708

[RightLeg]
ThighAlpha=0.0321299284696579
ThighTheta=-0.282199323177338
LowerLegAlpha=0.103529766201973
LowerLegTheta=-0.0931597501039505
