[%General]
Highest=173
CenterX=38.5730578360896
CenterY=13.4864019064828
XWidth=49

[LeftLeg]
ThighAlpha=-0.0785398185253143
ThighTheta=0.222359538078308
LowerLegAlpha=-0.0499798804521561
LowerLegTheta=0.378759175539017

[RightLeg]
ThighAlpha=0.13922968506813
ThighTheta=0.146199703216553
LowerLegAlpha=0.13922968506813
LowerLegTheta=0.507958889007568
