[%General]
Highest=169
CenterX=38.3370941785614
CenterY=256.562307584663
XWidth=54

[LeftLeg]
ThighAlpha=-0.0214199498295784
ThighTheta=-0.371959120035172
LowerLegAlpha=-0.0142799615859985
LowerLegTheta=-0.66435843706131

[RightLeg]
ThighAlpha=0.103529766201973
ThighTheta=0.454919010400772
LowerLegAlpha=0.021419957280159
LowerLegTheta=0.342039257287979
