[%General]
Highest=172
CenterX=39.3011099037566
CenterY=17.7933386370692
XWidth=51

[LeftLeg]
ThighAlpha=-0.082109808921814
ThighTheta=0.342039257287979
LowerLegAlpha=-0.103529758751392
LowerLegTheta=0.139399722218513

[RightLeg]
ThighAlpha=0.13922968506813
ThighTheta=0.206039562821388
LowerLegAlpha=0.13922968506813
LowerLegTheta=0.275399416685104
