[%General]
Highest=150
CenterX=38.6968389178175
CenterY=306.458286167082
XWidth=47

[LeftLeg]
ThighAlpha=-0.157079637050629
ThighTheta=-0.371959120035172
LowerLegAlpha=-0.157079637050629
LowerLegTheta=-0.0564398318529129

[RightLeg]
ThighAlpha=0.0678298473358154
ThighTheta=-0.371959120035172
LowerLegAlpha=0.0678298473358154
LowerLegTheta=-0.0333198830485344
