[%General]
Highest=173
CenterX=40.1507676757954
CenterY=23.4788708668239
XWidth=54

[LeftLeg]
ThighAlpha=-0.0999597683548927
ThighTheta=0.342039257287979
LowerLegAlpha=-0.0678298398852348
LowerLegTheta=0.0496399253606796

[RightLeg]
ThighAlpha=0.13922968506813
ThighTheta=0.282199382781982
LowerLegAlpha=0.13922968506813
LowerLegTheta=0.0931598246097565
