[%General]
Highest=178
CenterX=41.3035000156951
CenterY=47.0642433374141
XWidth=55

[LeftLeg]
ThighAlpha=0.121379725635052
ThighTheta=0.139399722218513
LowerLegAlpha=-0.157079637050629
LowerLegTheta=-0.305319279432297

[RightLeg]
ThighAlpha=0.0856798067688942
ThighTheta=-0.229159444570541
LowerLegAlpha=-0.0785398185253143
LowerLegTheta=-0.0496398508548737
