[%General]
Highest=147
CenterX=38.7348131727981
CenterY=309.112126687214
XWidth=45

[LeftLeg]
ThighAlpha=-0.157079637050629
ThighTheta=-0.401879042387009
LowerLegAlpha=-0.157079637050629
LowerLegTheta=-0.0564398318529129

[RightLeg]
ThighAlpha=0.0499798879027367
ThighTheta=-0.408679038286209
LowerLegAlpha=0.0856798067688942
LowerLegTheta=-0.0727597996592522
