[%General]
Highest=177
CenterX=40.9728022935958
CenterY=36.4491495873852
XWidth=54

[LeftLeg]
ThighAlpha=-0.00713998079299927
ThighTheta=0.199239581823349
LowerLegAlpha=-0.13922968506813
LowerLegTheta=-0.116279698908329

[RightLeg]
ThighAlpha=0.0142799690365791
ThighTheta=-0.401879042387009
LowerLegAlpha=0.0428399071097374
LowerLegTheta=-0.395079076290131
