[%General]
Highest=176
CenterX=36.5660892403943
CenterY=191.79342501328
XWidth=59

[LeftLeg]
ThighAlpha=-0.0785398185253143
ThighTheta=0.342039257287979
LowerLegAlpha=-0.103529758751392
LowerLegTheta=-0.00339995324611664

[RightLeg]
ThighAlpha=-0.00356999039649963
ThighTheta=-0.229159444570541
LowerLegAlpha=0.00713998824357986
LowerLegTheta=-0.694278359413147
