[%General]
Highest=174
CenterX=39.5690311588248
CenterY=158.25293456873
XWidth=63

[LeftLeg]
ThighAlpha=-0.0392699092626572
ThighTheta=0.544678807258606
LowerLegAlpha=-0.103529758751392
LowerLegTheta=0.46171897649765

[RightLeg]
ThighAlpha=0.13922968506813
ThighTheta=-0.431798994541168
LowerLegAlpha=0.00713998824357986
LowerLegTheta=-0.358359158039093
