[%General]
Highest=155
CenterX=38.2903043827099
CenterY=300.96334369672
XWidth=49

[LeftLeg]
ThighAlpha=0.046409897506237
ThighTheta=0.807158231735229
LowerLegAlpha=-0.0107099711894989
LowerLegTheta=-0.740518271923065

[RightLeg]
ThighAlpha=0.0321299284696579
ThighTheta=-0.206039488315582
LowerLegAlpha=0.0642598569393158
LowerLegTheta=-0.0795597806572914
