[%General]
Highest=162
CenterX=38.26134991089
CenterY=286.153607054471
XWidth=54

[LeftLeg]
ThighAlpha=-0.0392699092626572
ThighTheta=-0.0632398128509521
LowerLegAlpha=-0.0499798804521561
LowerLegTheta=-0.0727597996592522

[RightLeg]
ThighAlpha=0.0107099786400795
ThighTheta=0.116279773414135
LowerLegAlpha=0.0999597758054733
LowerLegTheta=0.00340002961456776
