[%General]
Highest=174
CenterX=38.0419343622923
CenterY=179.013801756587
XWidth=61

[LeftLeg]
ThighAlpha=-0.0785398185253143
ThighTheta=0.544678807258606
LowerLegAlpha=-0.0856797993183136
LowerLegTheta=0.079559862613678

[RightLeg]
ThighAlpha=0.0678298473358154
ThighTheta=-0.342039197683334
LowerLegAlpha=0.00713998824357986
LowerLegTheta=-0.634438514709473
