[%General]
Highest=166
CenterX=38.993719024486
CenterY=270.594909792761
XWidth=53

[LeftLeg]
ThighAlpha=0.0642598569393158
ThighTheta=-0.139399647712708
LowerLegAlpha=-0.121379718184471
LowerLegTheta=-1.09955739974976

[RightLeg]
ThighAlpha=0.0678298473358154
ThighTheta=0.365159213542938
LowerLegAlpha=0.0499798879027367
LowerLegTheta=0.070039875805378
