[%General]
Highest=177
CenterX=39.868890377193
CenterY=127.580413303598
XWidth=61

[LeftLeg]
ThighAlpha=0.046409897506237
ThighTheta=0.169319659471512
LowerLegAlpha=-0.157079637050629
LowerLegTheta=-0.418199002742767

[RightLeg]
ThighAlpha=0.0499798879027367
ThighTheta=-0.00339995324611664
LowerLegAlpha=0.0642598569393158
LowerLegTheta=0.00340002961456776
