[%General]
Highest=177
CenterX=39.9239137957285
CenterY=123.581408224563
XWidth=61

[LeftLeg]
ThighAlpha=-0.0606898590922356
ThighTheta=0.109479792416096
LowerLegAlpha=0.021419957280159
LowerLegTheta=-0.597718596458435

[RightLeg]
ThighAlpha=0.0321299284696579
ThighTheta=0.0564399100840092
LowerLegAlpha=0.0999597758054733
LowerLegTheta=0.00340002961456776
