[%General]
Highest=173
CenterX=39.9985704983796
CenterY=154.602561128034
XWidth=63

[LeftLeg]
ThighAlpha=-0.117809727787971
ThighTheta=0.478038966655731
LowerLegAlpha=0.0249899476766586
LowerLegTheta=0.521558880805969

[RightLeg]
ThighAlpha=0.121379725635052
ThighTheta=-0.461718916893005
LowerLegAlpha=0.0285599380731583
LowerLegTheta=-0.215559482574463
