[%General]
Highest=177
CenterX=40.3319953514687
CenterY=147.210101380797
XWidth=64

[LeftLeg]
ThighAlpha=-0.0392699092626572
ThighTheta=0.395079135894775
LowerLegAlpha=0.00356999784708023
LowerLegTheta=0.46171897649765

[RightLeg]
ThighAlpha=0.13922968506813
ThighTheta=-0.348839163780212
LowerLegAlpha=0.00713998824357986
LowerLegTheta=-0.132599666714668
