[%General]
Highest=175
CenterX=36.9604337413914
CenterY=187.84799714409
XWidth=60

[LeftLeg]
ThighAlpha=-0.117809727787971
ThighTheta=0.454919010400772
LowerLegAlpha=-0.103529758751392
LowerLegTheta=-0.0496398508548737

[RightLeg]
ThighAlpha=0.0642598569393158
ThighTheta=-0.259079366922379
LowerLegAlpha=-0.082109808921814
LowerLegTheta=-0.710598349571228
