[%General]
Highest=177
CenterX=36.5235170364268
CenterY=195.217824986759
XWidth=59

[LeftLeg]
ThighAlpha=-0.117809727787971
ThighTheta=0.169319659471512
LowerLegAlpha=-0.0678298398852348
LowerLegTheta=0.176119640469551

[RightLeg]
ThighAlpha=-0.00356999039649963
ThighTheta=-0.348839163780212
LowerLegAlpha=-0.0107099711894989
LowerLegTheta=-0.275399327278137
