[%General]
Highest=173
CenterX=38.9946448283063
CenterY=170.246755571467
XWidth=62

[LeftLeg]
ThighAlpha=-0.0785398185253143
ThighTheta=0.514758884906769
LowerLegAlpha=-0.121379718184471
LowerLegTheta=0.312119334936142

[RightLeg]
ThighAlpha=0.13922968506813
ThighTheta=-0.52155876159668
LowerLegAlpha=-0.0107099711894989
LowerLegTheta=-0.335239201784134
