[%General]
Highest=174
CenterX=40.3287356495013
CenterY=26.9566471811251
XWidth=53

[LeftLeg]
ThighAlpha=-0.0606898590922356
ThighTheta=0.282199382781982
LowerLegAlpha=-0.103529758751392
LowerLegTheta=0.0564399100840092

[RightLeg]
ThighAlpha=0.13922968506813
ThighTheta=0.169319659471512
LowerLegAlpha=0.13922968506813
LowerLegTheta=0.229159519076347
