[%General]
Highest=174
CenterX=38.622180581048
CenterY=174.533080414398
XWidth=61

[LeftLeg]
ThighAlpha=-0.0606898590922356
ThighTheta=0.484838932752609
LowerLegAlpha=-0.13922968506813
LowerLegTheta=0.282199382781982

[RightLeg]
ThighAlpha=0.0999597758054733
ThighTheta=-0.401879042387009
LowerLegAlpha=0.0249899476766586
LowerLegTheta=-0.537878751754761
