[%General]
Highest=178
CenterX=40.1850013909879
CenterY=139.627997202986
XWidth=64

[LeftLeg]
ThighAlpha=-0.0606898590922356
ThighTheta=0.395079135894775
LowerLegAlpha=0.00356999784708023
LowerLegTheta=-0.0496398508548737

[RightLeg]
ThighAlpha=0.0856798067688942
ThighTheta=-0.206039488315582
LowerLegAlpha=0.0642598569393158
LowerLegTheta=-0.0863597691059113
