[%General]
Highest=160
CenterX=37.7326553382964
CenterY=293.059007517697
XWidth=53

[LeftLeg]
ThighAlpha=-0.0785398185253143
ThighTheta=0.342039257287979
LowerLegAlpha=-0.0142799615859985
LowerLegTheta=-0.162519589066505

[RightLeg]
ThighAlpha=0.103529766201973
ThighTheta=-0.0564398318529129
LowerLegAlpha=-0.00713998079299927
LowerLegTheta=-0.0863597691059113
