[%General]
Highest=175
CenterX=41.8058227656068
CenterY=81.4386451243647
XWidth=60

[LeftLeg]
ThighAlpha=-0.0107099711894989
ThighTheta=-0.491638839244843
LowerLegAlpha=-0.0856797993183136
LowerLegTheta=-0.358359158039093

[RightLeg]
ThighAlpha=0.121379725635052
ThighTheta=0.544678807258606
LowerLegAlpha=0.00713998824357986
LowerLegTheta=0.401879131793976
