[%General]
Highest=172
CenterX=37.5153144242734
CenterY=240.101553775963
XWidth=56

[LeftLeg]
ThighAlpha=-0.082109808921814
ThighTheta=-0.431798994541168
LowerLegAlpha=-0.0142799615859985
LowerLegTheta=-0.275399327278137

[RightLeg]
ThighAlpha=0.0321299284696579
ThighTheta=0.507958889007568
LowerLegAlpha=0.00713998824357986
LowerLegTheta=0.611318647861481
