[%General]
Highest=177
CenterX=36.4677713996895
CenterY=199.07804613885
XWidth=60

[LeftLeg]
ThighAlpha=-0.0606898590922356
ThighTheta=0.199239581823349
LowerLegAlpha=-0.157079637050629
LowerLegTheta=0.0102000124752522

[RightLeg]
ThighAlpha=-0.0214199498295784
ThighTheta=-0.259079366922379
LowerLegAlpha=0.00356999784708023
LowerLegTheta=-0.162519589066505
