[%General]
Highest=177
CenterX=37.1928705598699
CenterY=210.950138775968
XWidth=58

[LeftLeg]
ThighAlpha=-0.00713998079299927
ThighTheta=-0.0265199020504951
LowerLegAlpha=-0.082109808921814
LowerLegTheta=-0.116279698908329

[RightLeg]
ThighAlpha=0.0499798879027367
ThighTheta=0.282199382781982
LowerLegAlpha=0.021419957280159
LowerLegTheta=-0.282199323177338
