[%General]
Highest=172
CenterX=39.7776563922487
CenterY=20.3808644383752
XWidth=53

[LeftLeg]
ThighAlpha=-0.0785398185253143
ThighTheta=0.371959179639816
LowerLegAlpha=-0.103529758751392
LowerLegTheta=0.0496399253606796

[RightLeg]
ThighAlpha=0.13922968506813
ThighTheta=0.288999378681183
LowerLegAlpha=0.13922968506813
LowerLegTheta=0.109479792416096
