[%General]
Highest=174
CenterX=41.7004691795214
CenterY=85.4095089805508
XWidth=60

[LeftLeg]
ThighAlpha=-0.0606898590922356
ThighTheta=-0.491638839244843
LowerLegAlpha=-0.0285599306225777
LowerLegTheta=-0.448118954896927

[RightLeg]
ThighAlpha=0.13922968506813
ThighTheta=0.59771865606308
LowerLegAlpha=0.00356999784708023
LowerLegTheta=0.265879422426224
