[%General]
Highest=170
CenterX=37.7633296248941
CenterY=247.949288477824
XWidth=54

[LeftLeg]
ThighAlpha=-0.0642598494887352
ThighTheta=-0.408679038286209
LowerLegAlpha=-0.0142799615859985
LowerLegTheta=-0.501158833503723

[RightLeg]
ThighAlpha=0.0678298473358154
ThighTheta=0.514758884906769
LowerLegAlpha=-0.00713998079299927
LowerLegTheta=0.454919010400772
