[%General]
Highest=158
CenterX=37.9122130122321
CenterY=296.026902122067
XWidth=51

[LeftLeg]
ThighAlpha=-0.082109808921814
ThighTheta=0.49163892865181
LowerLegAlpha=0.021419957280159
LowerLegTheta=-0.312119245529175

[RightLeg]
ThighAlpha=0.0856798067688942
ThighTheta=-0.0564398318529129
LowerLegAlpha=-0.00713998079299927
LowerLegTheta=-0.0863597691059113
