[%General]
Highest=176
CenterX=37.0882752479133
CenterY=221.545318702549
XWidth=59

[LeftLeg]
ThighAlpha=-0.0785398185253143
ThighTheta=-0.206039488315582
LowerLegAlpha=-0.0856797993183136
LowerLegTheta=-0.0795597806572914

[RightLeg]
ThighAlpha=0.0142799690365791
ThighTheta=0.342039257287979
LowerLegAlpha=-0.0428398996591568
LowerLegTheta=0.378759175539017
