[%General]
Highest=177
CenterX=41.5742080270604
CenterY=70.7227346646718
XWidth=60

[LeftLeg]
ThighAlpha=-0.0214199498295784
ThighTheta=-0.312119245529175
LowerLegAlpha=-0.0856797993183136
LowerLegTheta=-0.395079076290131

[RightLeg]
ThighAlpha=0.0642598569393158
ThighTheta=0.454919010400772
LowerLegAlpha=-0.103529758751392
LowerLegTheta=0.295799374580383
