[%General]
Highest=168
CenterX=38.1890821702244
CenterY=252.003523535851
XWidth=53

[LeftLeg]
ThighAlpha=-0.0642598494887352
ThighTheta=-0.431798994541168
LowerLegAlpha=0.0249899476766586
LowerLegTheta=-0.507958829402924

[RightLeg]
ThighAlpha=0.0678298473358154
ThighTheta=0.484838932752609
LowerLegAlpha=0.0428399071097374
LowerLegTheta=0.424999058246613
