[%General]
Highest=177
CenterX=40.3528381464823
CenterY=119.70368657783
XWidth=62

[LeftLeg]
ThighAlpha=-0.0392699092626572
ThighTheta=-0.0863597691059113
LowerLegAlpha=-0.0142799615859985
LowerLegTheta=-0.581398665904999

[RightLeg]
ThighAlpha=0.0856798067688942
ThighTheta=0.146199703216553
LowerLegAlpha=0.0606898665428162
LowerLegTheta=-0.00339995324611664
