[%General]
Highest=177
CenterX=40.8014589081181
CenterY=116.03357439456
XWidth=63

[LeftLeg]
ThighAlpha=0.00713998824357986
ThighTheta=-0.206039488315582
LowerLegAlpha=-0.0678298398852348
LowerLegTheta=-0.590918600559235

[RightLeg]
ThighAlpha=0.13922968506813
ThighTheta=0.229159519076347
LowerLegAlpha=0.0107099786400795
LowerLegTheta=-0.0564398318529129
