[%General]
Highest=173
CenterX=37.2841249236408
CenterY=232.978436163714
XWidth=57

[LeftLeg]
ThighAlpha=-0.0999597683548927
ThighTheta=-0.395079076290131
LowerLegAlpha=-0.0142799615859985
LowerLegTheta=-0.0999597311019897

[RightLeg]
ThighAlpha=0.0142799690365791
ThighTheta=0.454919010400772
LowerLegAlpha=-0.0142799615859985
LowerLegTheta=0.641238570213318
