[%General]
Highest=174
CenterX=41.1303326384975
CenterY=99.5786918527672
XWidth=60

[LeftLeg]
ThighAlpha=0.0285599380731583
ThighTheta=-0.371959120035172
LowerLegAlpha=-0.0642598494887352
LowerLegTheta=-0.717398345470428

[RightLeg]
ThighAlpha=0.0678298473358154
ThighTheta=0.46171897649765
LowerLegAlpha=0.0606898665428162
LowerLegTheta=0.139399722218513
