[%General]
Highest=176
CenterX=41.1615888931739
CenterY=112.460876811195
XWidth=63

[LeftLeg]
ThighAlpha=0.0107099786400795
ThighTheta=-0.10267972946167
LowerLegAlpha=-0.0642598494887352
LowerLegTheta=-0.81395810842514

[RightLeg]
ThighAlpha=0.13922968506813
ThighTheta=0.162519663572311
LowerLegAlpha=0.021419957280159
LowerLegTheta=0.070039875805378
