[%General]
Highest=141
CenterX=36.4867868713903
CenterY=147.186462882096
XWidth=55

[LeftLeg]
ThighAlpha=-0.0785398185253143
ThighTheta=0.574598729610443
LowerLegAlpha=-0.121379718184471
LowerLegTheta=0.199239581823349

[RightLeg]
ThighAlpha=0.0856798067688942
ThighTheta=-0.401879042387009
LowerLegAlpha=0.0606898665428162
LowerLegTheta=-0.478038877248764
