[%General]
Highest=146
CenterX=38.3979445281597
CenterY=48.9331795064984
XWidth=50

[LeftLeg]
ThighAlpha=-0.00713998079299927
ThighTheta=-0.00339995324611664
LowerLegAlpha=-0.121379718184471
LowerLegTheta=-0.2522794008255

[RightLeg]
ThighAlpha=0.103529766201973
ThighTheta=0.259079456329346
LowerLegAlpha=-0.0606898590922356
LowerLegTheta=-0.146199628710747
