[%General]
Highest=143
CenterX=35.9690267920999
CenterY=155.301411123948
XWidth=55

[LeftLeg]
ThighAlpha=-0.117809727787971
ThighTheta=0.478038966655731
LowerLegAlpha=-0.0321299210190773
LowerLegTheta=0.0102000124752522

[RightLeg]
ThighAlpha=0.0821098163723946
ThighTheta=-0.2522794008255
LowerLegAlpha=0.0285599380731583
LowerLegTheta=-0.724198341369629
