[%General]
Highest=141
CenterX=35.4587896493001
CenterY=197.921054453321
XWidth=55

[LeftLeg]
ThighAlpha=-0.0785398185253143
ThighTheta=-0.461718916893005
LowerLegAlpha=-0.0321299210190773
LowerLegTheta=-0.162519589066505

[RightLeg]
ThighAlpha=-0.0392699092626572
ThighTheta=0.484838932752609
LowerLegAlpha=-0.0107099711894989
LowerLegTheta=0.521558880805969
