[%General]
Highest=141
CenterX=35.4073538788523
CenterY=201.424512929508
XWidth=54

[LeftLeg]
ThighAlpha=-0.0785398185253143
ThighTheta=-0.484838873147964
LowerLegAlpha=-0.0321299210190773
LowerLegTheta=-0.152999609708786

[RightLeg]
ThighAlpha=-0.0392699092626572
ThighTheta=0.484838932752609
LowerLegAlpha=0.0249899476766586
LowerLegTheta=0.551478803157806
