[%General]
Highest=141
CenterX=35.4964338293098
CenterY=208.560982233466
XWidth=52

[LeftLeg]
ThighAlpha=-0.0785398185253143
ThighTheta=-0.514758765697479
LowerLegAlpha=0.00356999784708023
LowerLegTheta=-0.348839163780212

[RightLeg]
ThighAlpha=-0.00713998079299927
ThighTheta=0.484838932752609
LowerLegAlpha=0.021419957280159
LowerLegTheta=0.378759175539017
