[%General]
Highest=144
CenterX=36.7049876719247
CenterY=241.133796750141
XWidth=50

[LeftLeg]
ThighAlpha=-0.117809727787971
ThighTheta=0.365159213542938
LowerLegAlpha=0.00356999784708023
LowerLegTheta=-0.215559482574463

[RightLeg]
ThighAlpha=0.0499798879027367
ThighTheta=-0.00339995324611664
LowerLegAlpha=0.103529766201973
LowerLegTheta=-0.0564398318529129
