[%General]
Highest=145
CenterX=35.3290334325952
CenterY=169.94443505286
XWidth=55

[LeftLeg]
ThighAlpha=-0.0678298398852348
ThighTheta=0.199239581823349
LowerLegAlpha=-0.157079637050629
LowerLegTheta=-0.162519589066505

[RightLeg]
ThighAlpha=0.13922968506813
ThighTheta=-0.259079366922379
LowerLegAlpha=-0.157079637050629
LowerLegTheta=-0.116279698908329
