[%General]
Highest=143
CenterX=36.3577516202379
CenterY=244.354951972901
XWidth=49

[LeftLeg]
ThighAlpha=-0.0999597683548927
ThighTheta=0.46171897649765
LowerLegAlpha=0.021419957280159
LowerLegTheta=-0.215559482574463

[RightLeg]
ThighAlpha=0.0285599380731583
ThighTheta=-0.0863597691059113
LowerLegAlpha=0.0999597758054733
LowerLegTheta=-0.0265199020504951
