[%General]
Highest=142
CenterX=38.2390996966425
CenterY=75.2989999485835
XWidth=52

[LeftLeg]
ThighAlpha=0.0107099786400795
ThighTheta=-0.401879042387009
LowerLegAlpha=-0.0464098900556564
LowerLegTheta=-0.38827908039093

[RightLeg]
ThighAlpha=0.0499798879027367
ThighTheta=0.544678807258606
LowerLegAlpha=0.00713998824357986
LowerLegTheta=0.335239291191101
