[%General]
Highest=145
CenterX=38.5103813201243
CenterY=94.0979367370022
XWidth=55

[LeftLeg]
ThighAlpha=-0.0214199498295784
ThighTheta=-0.2522794008255
LowerLegAlpha=0.021419957280159
LowerLegTheta=-0.747318267822266

[RightLeg]
ThighAlpha=0.0678298473358154
ThighTheta=0.401879131793976
LowerLegAlpha=0.0606898665428162
LowerLegTheta=0.0197199955582619
