[%General]
Highest=138
CenterX=36.0254120217175
CenterY=264.000273074822
XWidth=48

[LeftLeg]
ThighAlpha=-0.0392699092626572
ThighTheta=0.627638638019562
LowerLegAlpha=-0.13922968506813
LowerLegTheta=0.378759175539017

[RightLeg]
ThighAlpha=-0.00356999039649963
ThighTheta=-0.401879042387009
LowerLegAlpha=0.0999597758054733
LowerLegTheta=-0.282199323177338
