[%General]
Highest=144
CenterX=35.4913029516444
CenterY=191.428965185046
XWidth=55

[LeftLeg]
ThighAlpha=-0.0785398185253143
ThighTheta=-0.312119245529175
LowerLegAlpha=-0.0678298398852348
LowerLegTheta=-0.0863597691059113

[RightLeg]
ThighAlpha=-0.0392699092626572
ThighTheta=0.424999058246613
LowerLegAlpha=-0.0285599306225777
LowerLegTheta=0.378759175539017
