[%General]
Highest=145
CenterX=38.2816032374505
CenterY=59.8058778711764
XWidth=50

[LeftLeg]
ThighAlpha=-0.0107099711894989
ThighTheta=-0.222359463572502
LowerLegAlpha=-0.0856797993183136
LowerLegTheta=-0.182919546961784

[RightLeg]
ThighAlpha=0.046409897506237
ThighTheta=0.431799054145813
LowerLegAlpha=-0.0464098900556564
LowerLegTheta=-0.00339995324611664
