[%General]
Highest=141
CenterX=36.2823260798658
CenterY=254.596725843779
XWidth=48

[LeftLeg]
ThighAlpha=-0.0785398185253143
ThighTheta=0.484838932752609
LowerLegAlpha=0.00356999784708023
LowerLegTheta=0.408679097890854

[RightLeg]
ThighAlpha=0.0285599380731583
ThighTheta=-0.288999319076538
LowerLegAlpha=0.021419957280159
LowerLegTheta=-0.0564398318529129
