[%General]
Highest=142
CenterX=35.9689201028337
CenterY=216.2472747641
XWidth=51

[LeftLeg]
ThighAlpha=-0.0785398185253143
ThighTheta=-0.401879042387009
LowerLegAlpha=-0.0142799615859985
LowerLegTheta=-0.627638518810272

[RightLeg]
ThighAlpha=-0.00356999039649963
ThighTheta=0.448119014501572
LowerLegAlpha=0.0428399071097374
LowerLegTheta=0.212839543819427
