[%General]
Highest=142
CenterX=36.2018952688474
CenterY=151.08184753615
XWidth=56

[LeftLeg]
ThighAlpha=-0.117809727787971
ThighTheta=0.59771865606308
LowerLegAlpha=-0.0499798804521561
LowerLegTheta=0.0401199460029602

[RightLeg]
ThighAlpha=0.103529766201973
ThighTheta=-0.342039197683334
LowerLegAlpha=0.021419957280159
LowerLegTheta=-0.597718596458435
