[%General]
Highest=142
CenterX=35.4069722567643
CenterY=204.89838914855
XWidth=54

[LeftLeg]
ThighAlpha=-0.117809727787971
ThighTheta=-0.484838873147964
LowerLegAlpha=0.00713998824357986
LowerLegTheta=-0.275399327278137

[RightLeg]
ThighAlpha=-0.00713998079299927
ThighTheta=0.514758884906769
LowerLegAlpha=0.021419957280159
LowerLegTheta=0.408679097890854
