[%General]
Highest=142
CenterX=38.2264121723644
CenterY=68.894498431995
XWidth=51

[LeftLeg]
ThighAlpha=-0.0214199498295784
ThighTheta=-0.37875908613205
LowerLegAlpha=-0.0142799615859985
LowerLegTheta=-0.2454794049263

[RightLeg]
ThighAlpha=0.0142799690365791
ThighTheta=0.521558880805969
LowerLegAlpha=0.00356999784708023
LowerLegTheta=0.395079135894775
