[%General]
Highest=142
CenterX=38.1575590896409
CenterY=25.5605776768039
XWidth=47

[LeftLeg]
ThighAlpha=-0.082109808921814
ThighTheta=0.401879131793976
LowerLegAlpha=-0.0499798804521561
LowerLegTheta=0.0931598246097565

[RightLeg]
ThighAlpha=0.0142799690365791
ThighTheta=-0.491638839244843
LowerLegAlpha=0.0606898665428162
LowerLegTheta=-0.275399327278137
