[%General]
Highest=143
CenterX=35.675393163198
CenterY=187.971210633232
XWidth=55

[LeftLeg]
ThighAlpha=-0.0785398185253143
ThighTheta=-0.235959425568581
LowerLegAlpha=-0.103529758751392
LowerLegTheta=-0.162519589066505

[RightLeg]
ThighAlpha=-0.0214199498295784
ThighTheta=0.424999058246613
LowerLegAlpha=0.00713998824357986
LowerLegTheta=0.212839543819427
