[%General]
Highest=144
CenterX=35.5836034829203
CenterY=159.187970529136
XWidth=55

[LeftLeg]
ThighAlpha=-0.0785398185253143
ThighTheta=0.424999058246613
LowerLegAlpha=-0.103529758751392
LowerLegTheta=-0.0496398508548737

[RightLeg]
ThighAlpha=0.0856798067688942
ThighTheta=-0.199239507317543
LowerLegAlpha=-0.0142799615859985
LowerLegTheta=-0.710598349571228
