[%General]
Highest=146
CenterX=38.2739135342589
CenterY=45.0698837340558
XWidth=50

[LeftLeg]
ThighAlpha=-0.0392699092626572
ThighTheta=0.0265199784189463
LowerLegAlpha=-0.103529758751392
LowerLegTheta=0.0102000124752522

[RightLeg]
ThighAlpha=0.0856798067688942
ThighTheta=0.342039257287979
LowerLegAlpha=-0.0642598494887352
LowerLegTheta=-0.717398345470428
