[%General]
Highest=137
CenterX=35.8793182638365
CenterY=267.177454807913
XWidth=48

[LeftLeg]
ThighAlpha=-0.117809727787971
ThighTheta=0.627638638019562
LowerLegAlpha=-0.0321299210190773
LowerLegTheta=0.401879131793976

[RightLeg]
ThighAlpha=0.0321299284696579
ThighTheta=-0.431798994541168
LowerLegAlpha=0.0606898665428162
LowerLegTheta=-0.2454794049263
