[%General]
Highest=145
CenterX=37.6490361175897
CenterY=124.196057503525
XWidth=55

[LeftLeg]
ThighAlpha=-0.0785398185253143
ThighTheta=0.46171897649765
LowerLegAlpha=-0.0142799615859985
LowerLegTheta=0.206039562821388

[RightLeg]
ThighAlpha=0.0678298473358154
ThighTheta=-0.2522794008255
LowerLegAlpha=-0.0107099711894989
LowerLegTheta=-0.0999597311019897
