[%General]
Highest=145
CenterX=38.0684988997527
CenterY=41.3205916381207
XWidth=50

[LeftLeg]
ThighAlpha=-0.00356999039649963
ThighTheta=0.229159519076347
LowerLegAlpha=-0.157079637050629
LowerLegTheta=-0.206039488315582

[RightLeg]
ThighAlpha=0.13922968506813
ThighTheta=-0.00339995324611664
LowerLegAlpha=-0.0785398185253143
LowerLegTheta=-0.567798674106598
