[%General]
Highest=144
CenterX=38.4274879763226
CenterY=86.3588208868453
XWidth=54

[LeftLeg]
ThighAlpha=-0.00713998079299927
ThighTheta=-0.401879042387009
LowerLegAlpha=-0.0107099711894989
LowerLegTheta=-0.567798674106598

[RightLeg]
ThighAlpha=0.0856798067688942
ThighTheta=0.514758884906769
LowerLegAlpha=0.0285599380731583
LowerLegTheta=0.0863598436117172
