[%General]
Highest=142
CenterX=37.3490482021596
CenterY=136.948973060225
XWidth=55

[LeftLeg]
ThighAlpha=-0.0785398185253143
ThighTheta=0.574598729610443
LowerLegAlpha=-0.13922968506813
LowerLegTheta=0.431799054145813

[RightLeg]
ThighAlpha=0.0499798879027367
ThighTheta=-0.348839163780212
LowerLegAlpha=0.0606898665428162
LowerLegTheta=-0.501158833503723
