[%General]
Highest=142
CenterX=38.3145400988977
CenterY=78.9443666946566
XWidth=52

[LeftLeg]
ThighAlpha=0.0142799690365791
ThighTheta=-0.424998998641968
LowerLegAlpha=-0.0321299210190773
LowerLegTheta=-0.395079076290131

[RightLeg]
ThighAlpha=0.0499798879027367
ThighTheta=0.544678807258606
LowerLegAlpha=0.0249899476766586
LowerLegTheta=0.259079456329346
