[%General]
Highest=143
CenterX=37.4291419895775
CenterY=133.696133276798
XWidth=55

[LeftLeg]
ThighAlpha=-0.0785398185253143
ThighTheta=0.537878811359406
LowerLegAlpha=-0.13922968506813
LowerLegTheta=0.408679097890854

[RightLeg]
ThighAlpha=0.103529766201973
ThighTheta=-0.348839163780212
LowerLegAlpha=-0.0142799615859985
LowerLegTheta=-0.305319279432297
