[%General]
Highest=136
CenterX=35.1427035923618
CenterY=277.838284936936
XWidth=46

[LeftLeg]
ThighAlpha=-0.0785398185253143
ThighTheta=0.664358496665955
LowerLegAlpha=-0.121379718184471
LowerLegTheta=0.0564399100840092

[RightLeg]
ThighAlpha=-0.00356999039649963
ThighTheta=-0.371959120035172
LowerLegAlpha=0.0999597758054733
LowerLegTheta=-0.574598670005798
