[%General]
Highest=144
CenterX=38.4203338001567
CenterY=63.241728874099
XWidth=50

[LeftLeg]
ThighAlpha=0.0249899476766586
ThighTheta=-0.295799285173416
LowerLegAlpha=-0.103529758751392
LowerLegTheta=-0.162519589066505

[RightLeg]
ThighAlpha=0.0321299284696579
ThighTheta=0.484838932752609
LowerLegAlpha=-0.0142799615859985
LowerLegTheta=0.070039875805378
