[%General]
Highest=143
CenterX=37.0487071557426
CenterY=140.456543931533
XWidth=55

[LeftLeg]
ThighAlpha=-0.117809727787971
ThighTheta=0.574598729610443
LowerLegAlpha=-0.0856797993183136
LowerLegTheta=0.31891930103302

[RightLeg]
ThighAlpha=0.103529766201973
ThighTheta=-0.431798994541168
LowerLegAlpha=-0.00713998079299927
LowerLegTheta=-0.259079366922379
