[%General]
Highest=146
CenterX=37.434725044242
CenterY=117.779930523694
XWidth=54

[LeftLeg]
ThighAlpha=-0.0606898590922356
ThighTheta=0.342039257287979
LowerLegAlpha=0.00356999784708023
LowerLegTheta=-0.10267972946167

[RightLeg]
ThighAlpha=-0.00356999039649963
ThighTheta=-0.0863597691059113
LowerLegAlpha=0.0999597758054733
LowerLegTheta=-0.176119565963745
