[%General]
Highest=138
CenterX=19.1739547832765
CenterY=297.261460183363
XWidth=41

[LeftLeg]
ThighAlpha=0.0196349546313286
ThighTheta=-0.314159274101257
LowerLegAlpha=-0.0981747731566429
LowerLegTheta=-0.746128261089325

[RightLeg]
ThighAlpha=0.0589048638939857
ThighTheta=0.785398185253143
LowerLegAlpha=0.0981747731566429
LowerLegTheta=-0.0785398185253143
