[%General]
Highest=158
CenterX=33.6718798620036
CenterY=59.6913211120882
XWidth=48

[LeftLeg]
ThighAlpha=-0.0196349546313286
ThighTheta=0.549778699874878
LowerLegAlpha=-0.0785398185253143
LowerLegTheta=0.0392699092626572

[RightLeg]
ThighAlpha=0.0981747731566429
ThighTheta=-0.314159274101257
LowerLegAlpha=0.0981747731566429
LowerLegTheta=-0.785398185253143
