[%General]
Highest=151
CenterX=19.3306301705648
CenterY=275.426534572567
XWidth=42

[LeftLeg]
ThighAlpha=-0.0589048638939857
ThighTheta=-0.510508835315704
LowerLegAlpha=-0.0196349546313286
LowerLegTheta=-0.235619455575943

[RightLeg]
ThighAlpha=-0.0392699092626572
ThighTheta=0.549778699874878
LowerLegAlpha=0
LowerLegTheta=0.667588412761688
