[%General]
Highest=158
CenterX=29.8383825398866
CenterY=157.007270286098
XWidth=53

[LeftLeg]
ThighAlpha=-0.0785398185253143
ThighTheta=0.157079637050629
LowerLegAlpha=0.0196349546313286
LowerLegTheta=-0.785398185253143

[RightLeg]
ThighAlpha=0.0392699092626572
ThighTheta=0.274889349937439
LowerLegAlpha=0.0589048638939857
LowerLegTheta=-0.0785398185253143
