[%General]
Highest=159
CenterX=28.8781989210126
CenterY=166.457836491908
XWidth=55

[LeftLeg]
ThighAlpha=-0.0981747731566429
ThighTheta=0.196349546313286
LowerLegAlpha=-0.0785398185253143
LowerLegTheta=-0.746128261089325

[RightLeg]
ThighAlpha=0.0196349546313286
ThighTheta=0.0785398185253143
LowerLegAlpha=0.0981747731566429
LowerLegTheta=0.117809727787971
