[%General]
Highest=159
CenterX=33.285718804365
CenterY=33.0434603827297
XWidth=47

[LeftLeg]
ThighAlpha=-0.0589048638939857
ThighTheta=0.471238911151886
LowerLegAlpha=-0.0196349546313286
LowerLegTheta=0.314159274101257

[RightLeg]
ThighAlpha=0.0981747731566429
ThighTheta=-0.392699092626572
LowerLegAlpha=0.0196349546313286
LowerLegTheta=-0.314159274101257
