[%General]
Highest=151
CenterX=19.044778908034
CenterY=278.712414365788
XWidth=43

[LeftLeg]
ThighAlpha=-0.0589048638939857
ThighTheta=-0.510508835315704
LowerLegAlpha=-0.0589048638939857
LowerLegTheta=-0.274889349937439

[RightLeg]
ThighAlpha=-0.0196349546313286
ThighTheta=0.589048624038696
LowerLegAlpha=0.0589048638939857
LowerLegTheta=0.628318548202515
