[%General]
Highest=159
CenterX=27.7921798115148
CenterY=180.47874676823
XWidth=52

[LeftLeg]
ThighAlpha=-0.0589048638939857
ThighTheta=0.510508835315704
LowerLegAlpha=0.0785398185253143
LowerLegTheta=0.0392699092626572

[RightLeg]
ThighAlpha=0.0589048638939857
ThighTheta=-0.235619455575943
LowerLegAlpha=0
LowerLegTheta=-0.117809727787971
