[%General]
Highest=161
CenterX=33.2991516529648
CenterY=25.1778613491925
XWidth=45

[LeftLeg]
ThighAlpha=0
ThighTheta=0.353429168462753
LowerLegAlpha=0
LowerLegTheta=0.0785398185253143

[RightLeg]
ThighAlpha=0.0589048638939857
ThighTheta=-0.274889349937439
LowerLegAlpha=0.0392699092626572
LowerLegTheta=-0.235619455575943
