[%General]
Highest=154
CenterX=20.0898663358225
CenterY=265.84891968445
XWidth=43

[LeftLeg]
ThighAlpha=-0.0196349546313286
ThighTheta=-0.392699092626572
LowerLegAlpha=-0.0785398185253143
LowerLegTheta=-0.157079637050629

[RightLeg]
ThighAlpha=-0.0589048638939857
ThighTheta=0.392699092626572
LowerLegAlpha=0
LowerLegTheta=0.392699092626572
