[%General]
Highest=164
CenterX=42.9224857505605
CenterY=150.110780950323
XWidth=58

[LeftLeg]
ThighAlpha=-0.0589048638939857
ThighTheta=-0.235619455575943
LowerLegAlpha=-0.0981747731566429
LowerLegTheta=-0.0785398185253143

[RightLeg]
ThighAlpha=-0.0196349546313286
ThighTheta=0.314159274101257
LowerLegAlpha=0.0785398185253143
LowerLegTheta=-0.157079637050629
