[%General]
Highest=165
CenterX=42.9960417267967
CenterY=145.628843167168
XWidth=58

[LeftLeg]
ThighAlpha=-0.0785398185253143
ThighTheta=-0.157079637050629
LowerLegAlpha=-0.0981747731566429
LowerLegTheta=0.0785398185253143

[RightLeg]
ThighAlpha=0.0392699092626572
ThighTheta=0.314159274101257
LowerLegAlpha=0.0981747731566429
LowerLegTheta=-0.471238911151886
