[%General]
Highest=164
CenterX=44.9259306060127
CenterY=68.4261885957985
XWidth=56

[LeftLeg]
ThighAlpha=0.0196349546313286
ThighTheta=0.235619455575943
LowerLegAlpha=0.0785398185253143
LowerLegTheta=-0.706858336925507

[RightLeg]
ThighAlpha=0.0981747731566429
ThighTheta=-0.0785398185253143
LowerLegAlpha=0.0981747731566429
LowerLegTheta=-0.157079637050629
