[%General]
Highest=161
CenterX=43.4745762711864
CenterY=45.5555268038125
XWidth=55

[LeftLeg]
ThighAlpha=0.0196349546313286
ThighTheta=-0.392699092626572
LowerLegAlpha=0.0196349546313286
LowerLegTheta=-0.785398185253143

[RightLeg]
ThighAlpha=0.0981747731566429
ThighTheta=0.314159274101257
LowerLegAlpha=0.0981747731566429
LowerLegTheta=0
