[%General]
Highest=160
CenterX=44.360997581116
CenterY=20.0337114577251
XWidth=52

[LeftLeg]
ThighAlpha=0.0196349546313286
ThighTheta=-0.706858336925507
LowerLegAlpha=0
LowerLegTheta=0.392699092626572

[RightLeg]
ThighAlpha=0.0785398185253143
ThighTheta=0.314159274101257
LowerLegAlpha=-0.0196349546313286
LowerLegTheta=0.392699092626572
