[%General]
Highest=164
CenterX=43.8104652009697
CenterY=63.3652623583639
XWidth=57

[LeftLeg]
ThighAlpha=0.0196349546313286
ThighTheta=0.157079637050629
LowerLegAlpha=-0.0392699092626572
LowerLegTheta=-0.785398185253143

[RightLeg]
ThighAlpha=0.0981747731566429
ThighTheta=0
LowerLegAlpha=0.0981747731566429
LowerLegTheta=-0.157079637050629
