[%General]
Highest=159
CenterX=44.2467236327526
CenterY=27.3308855079748
XWidth=54

[LeftLeg]
ThighAlpha=0
ThighTheta=-0.628318548202515
LowerLegAlpha=-0.0589048638939857
LowerLegTheta=-0.0785398185253143

[RightLeg]
ThighAlpha=0.0785398185253143
ThighTheta=0.392699092626572
LowerLegAlpha=0.0785398185253143
LowerLegTheta=0.314159274101257
