[%General]
Highest=161
CenterX=45.6458948123225
CenterY=170.77104994622
XWidth=61

[LeftLeg]
ThighAlpha=-0.0392699092626572
ThighTheta=-0.392699092626572
LowerLegAlpha=0
LowerLegTheta=-0.392699092626572

[RightLeg]
ThighAlpha=0.0785398185253143
ThighTheta=0.471238911151886
LowerLegAlpha=0.0196349546313286
LowerLegTheta=0.549778699874878
