[%General]
Highest=165
CenterX=44.127943358058
CenterY=77.4705192178018
XWidth=57

[LeftLeg]
ThighAlpha=-0.0392699092626572
ThighTheta=0.401879131793976
LowerLegAlpha=-0.121379718184471
LowerLegTheta=0.431799054145813

[RightLeg]
ThighAlpha=0.13922968506813
ThighTheta=-0.454918920993805
LowerLegAlpha=0.0606898665428162
LowerLegTheta=-0.37875908613205
