[%General]
Highest=166
CenterX=43.0216443080668
CenterY=213.078538280121
XWidth=57

[LeftLeg]
ThighAlpha=-0.0428398996591568
ThighTheta=0.401879131793976
LowerLegAlpha=0.021419957280159
LowerLegTheta=0.169319659471512

[RightLeg]
ThighAlpha=0.13922968506813
ThighTheta=-0.312119245529175
LowerLegAlpha=0.0107099786400795
LowerLegTheta=-0.116279698908329
