[%General]
Highest=162
CenterX=41.1617346299929
CenterY=227.617165435397
XWidth=55

[LeftLeg]
ThighAlpha=-0.0785398185253143
ThighTheta=0.484838932752609
LowerLegAlpha=-0.0642598494887352
LowerLegTheta=0.454919010400772

[RightLeg]
ThighAlpha=0.121379725635052
ThighTheta=-0.461718916893005
LowerLegAlpha=0.00356999784708023
LowerLegTheta=-0.312119245529175
