[%General]
Highest=168
CenterX=40.7050150301283
CenterY=124.116799738843
XWidth=56

[LeftLeg]
ThighAlpha=-0.117809727787971
ThighTheta=-0.0564398318529129
LowerLegAlpha=-0.13922968506813
LowerLegTheta=-0.0795597806572914

[RightLeg]
ThighAlpha=0.103529766201973
ThighTheta=0.139399722218513
LowerLegAlpha=0.0999597758054733
LowerLegTheta=-0.365159124135971
