[%General]
Highest=164
CenterX=41.2305996058928
CenterY=147.744299521441
XWidth=56

[LeftLeg]
ThighAlpha=-0.0606898590922356
ThighTheta=-0.484838873147964
LowerLegAlpha=-0.0678298398852348
LowerLegTheta=-0.146199628710747

[RightLeg]
ThighAlpha=0.0678298473358154
ThighTheta=0.431799054145813
LowerLegAlpha=-0.0678298398852348
LowerLegTheta=0.484838932752609
