[%General]
Highest=166
CenterX=44.2794091361745
CenterY=73.5137629905778
XWidth=56

[LeftLeg]
ThighAlpha=-0.0785398185253143
ThighTheta=0.371959179639816
LowerLegAlpha=-0.0499798804521561
LowerLegTheta=0.312119334936142

[RightLeg]
ThighAlpha=0.13922968506813
ThighTheta=-0.431798994541168
LowerLegAlpha=0.0428399071097374
LowerLegTheta=-0.288999319076538
