[%General]
Highest=168
CenterX=42.9880683358944
CenterY=193.186993969603
XWidth=56

[LeftLeg]
ThighAlpha=-0.0428398996591568
ThighTheta=0.169319659471512
LowerLegAlpha=0.00356999784708023
LowerLegTheta=-0.926837861537933

[RightLeg]
ThighAlpha=0.103529766201973
ThighTheta=0.0863598436117172
LowerLegAlpha=0.0678298473358154
LowerLegTheta=0.00340002961456776
