[%General]
Highest=164
CenterX=41.9188845746558
CenterY=159.5669843511
XWidth=56

[LeftLeg]
ThighAlpha=-0.0392699092626572
ThighTheta=-0.514758765697479
LowerLegAlpha=-0.0499798804521561
LowerLegTheta=-0.348839163780212

[RightLeg]
ThighAlpha=0.0642598569393158
ThighTheta=0.484838932752609
LowerLegAlpha=0.00356999784708023
LowerLegTheta=0.378759175539017
