[%General]
Highest=163
CenterX=35.921448567843
CenterY=274.624467336891
XWidth=51

[LeftLeg]
ThighAlpha=-0.117809727787971
ThighTheta=-0.199239507317543
LowerLegAlpha=-0.157079637050629
LowerLegTheta=0.079559862613678

[RightLeg]
ThighAlpha=0.0678298473358154
ThighTheta=0.252279460430145
LowerLegAlpha=-0.0107099711894989
LowerLegTheta=-0.342039197683334
