[%General]
Highest=155
CenterX=33.8595926943591
CenterY=287.063584936156
XWidth=47

[LeftLeg]
ThighAlpha=-0.121379718184471
ThighTheta=-0.355639159679413
LowerLegAlpha=-0.0321299210190773
LowerLegTheta=-0.0727597996592522

[RightLeg]
ThighAlpha=0.0285599380731583
ThighTheta=0.657558560371399
LowerLegAlpha=-0.00713998079299927
LowerLegTheta=0.0265199784189463
