[%General]
Highest=163
CenterX=43.824354488417
CenterY=18.0714888996139
XWidth=46

[LeftLeg]
ThighAlpha=-0.157079637050629
ThighTheta=0.342039257287979
LowerLegAlpha=-0.196349546313286
LowerLegTheta=0.265879422426224

[RightLeg]
ThighAlpha=0.0678298473358154
ThighTheta=0.282199382781982
LowerLegAlpha=-0.0107099711894989
LowerLegTheta=0.288999378681183
