[%General]
Highest=164
CenterX=43.6486745104381
CenterY=28.3214329034084
XWidth=50

[LeftLeg]
ThighAlpha=0.0499798879027367
ThighTheta=-0.770438194274902
LowerLegAlpha=0.021419957280159
LowerLegTheta=0.0265199784189463

[RightLeg]
ThighAlpha=0.0856798067688942
ThighTheta=0.365159213542938
LowerLegAlpha=-0.024989940226078
LowerLegTheta=0.0102000124752522
