[%General]
Highest=163
CenterX=35.8237614031551
CenterY=267.464089511617
XWidth=50

[LeftLeg]
ThighAlpha=-0.117809727787971
ThighTheta=-0.0931597501039505
LowerLegAlpha=-0.0999597683548927
LowerLegTheta=0.18291962146759

[RightLeg]
ThighAlpha=0.13922968506813
ThighTheta=0.342039257287979
LowerLegAlpha=0.0606898665428162
LowerLegTheta=-0.395079076290131
