[%General]
Highest=168
CenterX=42.5734152020918
CenterY=197.440491212551
XWidth=55

[LeftLeg]
ThighAlpha=-0.0428398996591568
ThighTheta=0.282199382781982
LowerLegAlpha=-0.0321299210190773
LowerLegTheta=-0.81395810842514

[RightLeg]
ThighAlpha=0.103529766201973
ThighTheta=-0.0333198830485344
LowerLegAlpha=0.0285599380731583
LowerLegTheta=0.0333199612796307
