[%General]
Highest=161
CenterX=40.7484204825802
CenterY=231.079577591913
XWidth=53

[LeftLeg]
ThighAlpha=-0.0606898590922356
ThighTheta=0.544678807258606
LowerLegAlpha=-0.0856797993183136
LowerLegTheta=0.34883925318718

[RightLeg]
ThighAlpha=0.0856798067688942
ThighTheta=-0.431798994541168
LowerLegAlpha=0.046409897506237
LowerLegTheta=-0.454918920993805
