[%General]
Highest=168
CenterX=41.2205608478369
CenterY=112.227099159934
XWidth=57

[LeftLeg]
ThighAlpha=-0.0999597683548927
ThighTheta=0.252279460430145
LowerLegAlpha=-0.0499798804521561
LowerLegTheta=-0.10267972946167

[RightLeg]
ThighAlpha=0.103529766201973
ThighTheta=-0.2522794008255
LowerLegAlpha=-0.0642598494887352
LowerLegTheta=-0.66435843706131
