[%General]
Highest=161
CenterX=38.4445097271184
CenterY=249.19362841102
XWidth=50

[LeftLeg]
ThighAlpha=-0.117809727787971
ThighTheta=0.431799054145813
LowerLegAlpha=0.021419957280159
LowerLegTheta=0.079559862613678

[RightLeg]
ThighAlpha=-0.00356999039649963
ThighTheta=-0.312119245529175
LowerLegAlpha=-0.0107099711894989
LowerLegTheta=-0.724198341369629
