[%General]
Highest=169
CenterX=44.5241549073294
CenterY=62.8730649747262
XWidth=53

[LeftLeg]
ThighAlpha=0.00713998824357986
ThighTheta=0.31891930103302
LowerLegAlpha=0.00356999784708023
LowerLegTheta=-0.358359158039093

[RightLeg]
ThighAlpha=0.103529766201973
ThighTheta=-0.259079366922379
LowerLegAlpha=0.0249899476766586
LowerLegTheta=-0.192439526319504
