[%General]
Highest=166
CenterX=42.1673309090909
CenterY=185.440814545455
XWidth=56

[LeftLeg]
ThighAlpha=-0.00356999039649963
ThighTheta=-0.0265199020504951
LowerLegAlpha=0.00356999784708023
LowerLegTheta=-1.03971755504608

[RightLeg]
ThighAlpha=0.0678298473358154
ThighTheta=0.282199382781982
LowerLegAlpha=0.0642598569393158
LowerLegTheta=-0.0727597996592522
