[%General]
Highest=165
CenterX=42.5675972205291
CenterY=11.3532244300866
XWidth=46

[LeftLeg]
ThighAlpha=-0.157079637050629
ThighTheta=0.116279773414135
LowerLegAlpha=-0.196349546313286
LowerLegTheta=0.146199703216553

[RightLeg]
ThighAlpha=0.0499798879027367
ThighTheta=0.079559862613678
LowerLegAlpha=-0.0999597683548927
LowerLegTheta=0.295799374580383
