[%General]
Highest=161
CenterX=39.4334893100786
CenterY=239.188668840888
XWidth=52

[LeftLeg]
ThighAlpha=-0.117809727787971
ThighTheta=0.514758884906769
LowerLegAlpha=-0.0321299210190773
LowerLegTheta=0.259079456329346

[RightLeg]
ThighAlpha=0.0678298473358154
ThighTheta=-0.431798994541168
LowerLegAlpha=-0.0178499519824982
LowerLegTheta=-0.551478683948517
