[%General]
Highest=163
CenterX=43.7241250180037
CenterY=24.7006913437995
XWidth=49

[LeftLeg]
ThighAlpha=-0.157079637050629
ThighTheta=0.371959179639816
LowerLegAlpha=-0.13922968506813
LowerLegTheta=0.0265199784189463

[RightLeg]
ThighAlpha=0.103529766201973
ThighTheta=0.371959179639816
LowerLegAlpha=-0.00713998079299927
LowerLegTheta=0.0496399253606796
