[%General]
Highest=169
CenterX=40.8847409826332
CenterY=120.079733808322
XWidth=57

[LeftLeg]
ThighAlpha=-0.121379718184471
ThighTheta=-0.00339995324611664
LowerLegAlpha=-0.0642598494887352
LowerLegTheta=-0.0265199020504951

[RightLeg]
ThighAlpha=0.0499798879027367
ThighTheta=0.259079456329346
LowerLegAlpha=0.021419957280159
LowerLegTheta=-0.920037806034088
