[%General]
Highest=169
CenterX=40.7337796297561
CenterY=128.290948835303
XWidth=57

[LeftLeg]
ThighAlpha=-0.117809727787971
ThighTheta=-0.123079679906368
LowerLegAlpha=-0.13922968506813
LowerLegTheta=-0.10267972946167

[RightLeg]
ThighAlpha=0.0856798067688942
ThighTheta=0.199239581823349
LowerLegAlpha=-0.082109808921814
LowerLegTheta=-0.215559482574463
