[%General]
Highest=166
CenterX=44.7002751621942
CenterY=38.0814884002726
XWidth=51

[LeftLeg]
ThighAlpha=0.121379725635052
ThighTheta=-0.109479710459709
LowerLegAlpha=-0.0142799615859985
LowerLegTheta=-0.979877710342407

[RightLeg]
ThighAlpha=0.0856798067688942
ThighTheta=0.229159519076347
LowerLegAlpha=0.0428399071097374
LowerLegTheta=-0.0931597501039505
