[%General]
Highest=165
CenterX=44.050533697726
CenterY=31.7148197803331
XWidth=51

[LeftLeg]
ThighAlpha=0.103529766201973
ThighTheta=-0.109479710459709
LowerLegAlpha=-0.0678298398852348
LowerLegTheta=-0.890117883682251

[RightLeg]
ThighAlpha=0.103529766201973
ThighTheta=0.34883925318718
LowerLegAlpha=-0.024989940226078
LowerLegTheta=-0.0333198830485344
