[%General]
Highest=150
CenterX=33.7444167071557
CenterY=293.052088394458
XWidth=46

[LeftLeg]
ThighAlpha=-0.121379718184471
ThighTheta=-0.408679038286209
LowerLegAlpha=-0.0142799615859985
LowerLegTheta=-0.215559482574463

[RightLeg]
ThighAlpha=0.13922968506813
ThighTheta=-0.312119245529175
LowerLegAlpha=0.13922968506813
LowerLegTheta=-0.265879362821579
