[%General]
Highest=163
CenterX=42.0318972611472
CenterY=163.808570070818
XWidth=57

[LeftLeg]
ThighAlpha=-0.0606898590922356
ThighTheta=-0.484838873147964
LowerLegAlpha=-0.0285599306225777
LowerLegTheta=-0.448118954896927

[RightLeg]
ThighAlpha=0.103529766201973
ThighTheta=0.484838932752609
LowerLegAlpha=-0.0107099711894989
LowerLegTheta=0.259079456329346
