[%General]
Highest=165
CenterX=42.3793772866423
CenterY=173.025672615048
XWidth=57

[LeftLeg]
ThighAlpha=-0.0214199498295784
ThighTheta=-0.371959120035172
LowerLegAlpha=-0.0107099711894989
LowerLegTheta=-0.657558441162109

[RightLeg]
ThighAlpha=0.103529766201973
ThighTheta=0.431799054145813
LowerLegAlpha=-0.00713998079299927
LowerLegTheta=0.116279773414135
