[%General]
Highest=166
CenterX=42.862969566554
CenterY=209.453280049185
XWidth=57

[LeftLeg]
ThighAlpha=-0.024989940226078
ThighTheta=0.365159213542938
LowerLegAlpha=0.021419957280159
LowerLegTheta=-0.0727597996592522

[RightLeg]
ThighAlpha=0.103529766201973
ThighTheta=-0.206039488315582
LowerLegAlpha=0.0249899476766586
LowerLegTheta=-0.162519589066505
