[%General]
Highest=167
CenterX=41.6016290862013
CenterY=107.709987593052
XWidth=56

[LeftLeg]
ThighAlpha=-0.0785398185253143
ThighTheta=0.282199382781982
LowerLegAlpha=-0.0856797993183136
LowerLegTheta=0.0102000124752522

[RightLeg]
ThighAlpha=0.0678298473358154
ThighTheta=-0.229159444570541
LowerLegAlpha=0.0107099786400795
LowerLegTheta=-0.80035811662674
