[%General]
Highest=165
CenterX=42.1227064056176
CenterY=97.9997568754201
XWidth=56

[LeftLeg]
ThighAlpha=-0.117809727787971
ThighTheta=0.46171897649765
LowerLegAlpha=-0.0499798804521561
LowerLegTheta=0.0564399100840092

[RightLeg]
ThighAlpha=0.0856798067688942
ThighTheta=-0.342039197683334
LowerLegAlpha=0.0606898665428162
LowerLegTheta=-0.747318267822266
