[%General]
Highest=163
CenterX=42.4994346419837
CenterY=220.30364984617
XWidth=55

[LeftLeg]
ThighAlpha=-0.0785398185253143
ThighTheta=0.454919010400772
LowerLegAlpha=0.00356999784708023
LowerLegTheta=0.438599050045013

[RightLeg]
ThighAlpha=0.13922968506813
ThighTheta=-0.431798994541168
LowerLegAlpha=0.0428399071097374
LowerLegTheta=-0.206039488315582
