[%General]
Highest=165
CenterX=43.4540487055661
CenterY=128.531729505413
XWidth=58

[LeftLeg]
ThighAlpha=-0.0785398185253143
ThighTheta=0.235619455575943
LowerLegAlpha=-0.0589048638939857
LowerLegTheta=0

[RightLeg]
ThighAlpha=0.0981747731566429
ThighTheta=-0.117809727787971
LowerLegAlpha=0.0196349546313286
LowerLegTheta=-0.785398185253143
