[%General]
Highest=154
CenterX=48.4372911704049
CenterY=271.46635545395
XWidth=51

[LeftLeg]
ThighAlpha=-0.0981747731566429
ThighTheta=0.471238911151886
LowerLegAlpha=-0.0785398185253143
LowerLegTheta=0.235619455575943

[RightLeg]
ThighAlpha=0.0589048638939857
ThighTheta=-0.353429168462753
LowerLegAlpha=0.0785398185253143
LowerLegTheta=-0.785398185253143
