[%General]
Highest=163
CenterX=48.395193989248
CenterY=228.879202020856
XWidth=56

[LeftLeg]
ThighAlpha=-0.0589048638939857
ThighTheta=0.589048624038696
LowerLegAlpha=0.0981747731566429
LowerLegTheta=-0.314159274101257

[RightLeg]
ThighAlpha=0.0981747731566429
ThighTheta=-0.235619455575943
LowerLegAlpha=0.0981747731566429
LowerLegTheta=-0.117809727787971
