[%General]
Highest=156
CenterX=48.3528563227696
CenterY=259.017295435477
XWidth=52

[LeftLeg]
ThighAlpha=-0.0785398185253143
ThighTheta=0.549778699874878
LowerLegAlpha=-0.0981747731566429
LowerLegTheta=0.471238911151886

[RightLeg]
ThighAlpha=0.0981747731566429
ThighTheta=-0.431968986988068
LowerLegAlpha=0.0981747731566429
LowerLegTheta=-0.589048624038696
