[%General]
Highest=161
CenterX=45.005833118548
CenterY=176.304936446139
XWidth=61

[LeftLeg]
ThighAlpha=-0.0589048638939857
ThighTheta=-0.471238911151886
LowerLegAlpha=0
LowerLegTheta=-0.314159274101257

[RightLeg]
ThighAlpha=0.0981747731566429
ThighTheta=0.510508835315704
LowerLegAlpha=0
LowerLegTheta=0.392699092626572
