[%General]
Highest=147
CenterX=46.2430988970513
CenterY=296.954204096667
XWidth=44

[LeftLeg]
ThighAlpha=-0.0981747731566429
ThighTheta=-0.0392699092626572
LowerLegAlpha=-0.0981747731566429
LowerLegTheta=-0.0392699092626572

[RightLeg]
ThighAlpha=-0.0785398185253143
ThighTheta=0.589048624038696
LowerLegAlpha=0.0981747731566429
LowerLegTheta=-0.589048624038696
