[%General]
Highest=162
CenterX=43.6637295081967
CenterY=58.7477135461605
XWidth=56

[LeftLeg]
ThighAlpha=0.0196349546313286
ThighTheta=-0.0392699092626572
LowerLegAlpha=0.0196349546313286
LowerLegTheta=-0.785398185253143

[RightLeg]
ThighAlpha=0.0981747731566429
ThighTheta=0.0392699092626572
LowerLegAlpha=0.0981747731566429
LowerLegTheta=0
