[%General]
Highest=166
CenterX=43.4347752903552
CenterY=132.876479829434
XWidth=59

[LeftLeg]
ThighAlpha=-0.0981747731566429
ThighTheta=0.157079637050629
LowerLegAlpha=-0.0392699092626572
LowerLegTheta=-0.0392699092626572

[RightLeg]
ThighAlpha=0.0981747731566429
ThighTheta=0.0392699092626572
LowerLegAlpha=0.0196349546313286
LowerLegTheta=-0.785398185253143
