[%General]
Highest=161
CenterX=45.6458948123225
CenterY=170.77104994622
XWidth=61

[LeftLeg]
ThighAlpha=-0.0392699092626572
ThighTheta=-0.431968986988068
LowerLegAlpha=0
LowerLegTheta=-0.274889349937439

[RightLeg]
ThighAlpha=0.0785398185253143
ThighTheta=0.510508835315704
LowerLegAlpha=0.0196349546313286
LowerLegTheta=0.510508835315704
