[%General]
Highest=169
CenterX=38.8833372097796
CenterY=112.954536126199
XWidth=53

[LeftLeg]
ThighAlpha=-0.0785398185253143
ThighTheta=-0.0265199020504951
LowerLegAlpha=-0.157079637050629
LowerLegTheta=-0.146199628710747

[RightLeg]
ThighAlpha=0.0678298473358154
ThighTheta=0.199239581823349
LowerLegAlpha=0.0606898665428162
LowerLegTheta=-0.448118954896927
