[%General]
Highest=163
CenterX=35.6740289009678
CenterY=213.254911838791
XWidth=54

[LeftLeg]
ThighAlpha=-0.0392699092626572
ThighTheta=0.514758884906769
LowerLegAlpha=-0.0321299210190773
LowerLegTheta=0.401879131793976

[RightLeg]
ThighAlpha=0.103529766201973
ThighTheta=-0.484838873147964
LowerLegAlpha=0.00713998824357986
LowerLegTheta=-0.325719207525253
