[%General]
Highest=168
CenterX=39.4236146741919
CenterY=101.73930220626
XWidth=54

[LeftLeg]
ThighAlpha=-0.0785398185253143
ThighTheta=0.222359538078308
LowerLegAlpha=-0.0499798804521561
LowerLegTheta=-0.132599666714668

[RightLeg]
ThighAlpha=0.0678298473358154
ThighTheta=-0.235959425568581
LowerLegAlpha=-0.0321299210190773
LowerLegTheta=-0.620838522911072
