[%General]
Highest=165
CenterX=38.9593639784376
CenterY=160.937589204619
XWidth=56

[LeftLeg]
ThighAlpha=-0.024989940226078
ThighTheta=-0.348839163780212
LowerLegAlpha=-0.0321299210190773
LowerLegTheta=-0.680678427219391

[RightLeg]
ThighAlpha=0.103529766201973
ThighTheta=0.401879131793976
LowerLegAlpha=0.00713998824357986
LowerLegTheta=0.079559862613678
