[%General]
Highest=164
CenterX=39.0702851762174
CenterY=140.09728275491
XWidth=53

[LeftLeg]
ThighAlpha=-0.0392699092626572
ThighTheta=-0.491638839244843
LowerLegAlpha=-0.0678298398852348
LowerLegTheta=-0.275399327278137

[RightLeg]
ThighAlpha=0.0499798879027367
ThighTheta=0.454919010400772
LowerLegAlpha=0.00713998824357986
LowerLegTheta=0.454919010400772
