[%General]
Highest=163
CenterX=35.9761631499956
CenterY=209.627110948555
XWidth=55

[LeftLeg]
ThighAlpha=-0.0392699092626572
ThighTheta=0.454919010400772
LowerLegAlpha=-0.0285599306225777
LowerLegTheta=0.521558880805969

[RightLeg]
ThighAlpha=0.103529766201973
ThighTheta=-0.461718916893005
LowerLegAlpha=0.0249899476766586
LowerLegTheta=-0.259079366922379
