[%General]
Highest=166
CenterX=39.1498101773674
CenterY=165.207954586282
XWidth=56

[LeftLeg]
ThighAlpha=-0.00713998079299927
ThighTheta=-0.2522794008255
LowerLegAlpha=0.00356999784708023
LowerLegTheta=-0.81395810842514

[RightLeg]
ThighAlpha=0.0999597758054733
ThighTheta=0.342039257287979
LowerLegAlpha=0.0428399071097374
LowerLegTheta=0.0265199784189463
