[%General]
Highest=164
CenterX=41.0567236858534
CenterY=74.4812960419528
XWidth=53

[LeftLeg]
ThighAlpha=-0.0785398185253143
ThighTheta=0.514758884906769
LowerLegAlpha=-0.121379718184471
LowerLegTheta=0.235959500074387

[RightLeg]
ThighAlpha=0.13922968506813
ThighTheta=-0.484838873147964
LowerLegAlpha=0.0606898665428162
LowerLegTheta=-0.574598670005798
