[%General]
Highest=166
CenterX=38.9250613267918
CenterY=129.662489334471
XWidth=54

[LeftLeg]
ThighAlpha=-0.0606898590922356
ThighTheta=-0.348839163780212
LowerLegAlpha=-0.0678298398852348
LowerLegTheta=-0.215559482574463

[RightLeg]
ThighAlpha=0.0499798879027367
ThighTheta=0.424999058246613
LowerLegAlpha=-0.0606898590922356
LowerLegTheta=0.070039875805378
