[%General]
Highest=167
CenterX=39.9909296735241
CenterY=97.1419666815742
XWidth=54

[LeftLeg]
ThighAlpha=-0.0999597683548927
ThighTheta=0.288999378681183
LowerLegAlpha=-0.0107099711894989
LowerLegTheta=-0.0931597501039505

[RightLeg]
ThighAlpha=0.0856798067688942
ThighTheta=-0.2522794008255
LowerLegAlpha=0.0107099786400795
LowerLegTheta=-0.784038186073303
