[%General]
Highest=163
CenterX=38.6029962546816
CenterY=147.718170913809
XWidth=53

[LeftLeg]
ThighAlpha=-0.0606898590922356
ThighTheta=-0.461718916893005
LowerLegAlpha=-0.0178499519824982
LowerLegTheta=-0.478038877248764

[RightLeg]
ThighAlpha=0.0678298473358154
ThighTheta=0.454919010400772
LowerLegAlpha=0.00713998824357986
LowerLegTheta=0.31891930103302
