[%General]
Highest=163
CenterX=31.6095564986558
CenterY=238.775544020425
XWidth=49

[LeftLeg]
ThighAlpha=-0.0785398185253143
ThighTheta=0.282199382781982
LowerLegAlpha=0.021419957280159
LowerLegTheta=0.123079754412174

[RightLeg]
ThighAlpha=-0.0785398185253143
ThighTheta=-0.162519589066505
LowerLegAlpha=-0.0178499519824982
LowerLegTheta=-0.80715811252594
