[%General]
Highest=164
CenterX=41.413992886677
CenterY=65.9721876610238
XWidth=54

[LeftLeg]
ThighAlpha=-0.0999597683548927
ThighTheta=0.365159213542938
LowerLegAlpha=-0.082109808921814
LowerLegTheta=0.498438894748688

[RightLeg]
ThighAlpha=0.121379725635052
ThighTheta=-0.491638839244843
LowerLegAlpha=0.021419957280159
LowerLegTheta=-0.424998998641968
