[%General]
Highest=147
CenterX=31.6567942232691
CenterY=303.238154998648
XWidth=41

[LeftLeg]
ThighAlpha=0.0107099786400795
ThighTheta=-0.342039197683334
LowerLegAlpha=0.00713998824357986
LowerLegTheta=-0.777238190174103

[RightLeg]
ThighAlpha=0.0107099786400795
ThighTheta=0.807158231735229
LowerLegAlpha=-0.0464098900556564
LowerLegTheta=-0.431798994541168
