[%General]
Highest=168
CenterX=38.6686881103599
CenterY=125.440387898655
XWidth=54

[LeftLeg]
ThighAlpha=-0.0392699092626572
ThighTheta=-0.288999319076538
LowerLegAlpha=-0.107099749147892
LowerLegTheta=-0.162519589066505

[RightLeg]
ThighAlpha=0.0321299284696579
ThighTheta=0.395079135894775
LowerLegAlpha=-0.0392699092626572
LowerLegTheta=-0.0727597996592522
