[%General]
Highest=169
CenterX=37.226694453195
CenterY=182.717619405336
XWidth=56

[LeftLeg]
ThighAlpha=-0.0785398185253143
ThighTheta=0.109479792416096
LowerLegAlpha=-0.0285599306225777
LowerLegTheta=-0.395079076290131

[RightLeg]
ThighAlpha=0.103529766201973
ThighTheta=-0.00339995324611664
LowerLegAlpha=0.0428399071097374
LowerLegTheta=-0.0863597691059113
