[%General]
Highest=163
CenterX=29.7679097877358
CenterY=248.144811320755
XWidth=51

[LeftLeg]
ThighAlpha=-0.0785398185253143
ThighTheta=0.0265199784189463
LowerLegAlpha=-0.0178499519824982
LowerLegTheta=0.206039562821388

[RightLeg]
ThighAlpha=0.00356999784708023
ThighTheta=-0.235959425568581
LowerLegAlpha=-0.157079637050629
LowerLegTheta=-0.501158833503723
