[%General]
Highest=166
CenterX=41.8757192469852
CenterY=55.0700344725949
XWidth=52

[LeftLeg]
ThighAlpha=-0.0785398185253143
ThighTheta=0.401879131793976
LowerLegAlpha=0.00356999784708023
LowerLegTheta=0.0333199612796307

[RightLeg]
ThighAlpha=0.13922968506813
ThighTheta=-0.401879042387009
LowerLegAlpha=0.0285599380731583
LowerLegTheta=-0.265879362821579
