[%General]
Highest=151
CenterX=31.3294275313762
CenterY=293.790825289313
XWidth=45

[LeftLeg]
ThighAlpha=-0.0392699092626572
ThighTheta=-0.424998998641968
LowerLegAlpha=-0.0142799615859985
LowerLegTheta=-0.507958829402924

[RightLeg]
ThighAlpha=0.0107099786400795
ThighTheta=0.74731832742691
LowerLegAlpha=-0.0107099711894989
LowerLegTheta=-0.206039488315582
