[%General]
Highest=168
CenterX=41.4108247554997
CenterY=46.9892958903406
XWidth=49

[LeftLeg]
ThighAlpha=-0.00356999039649963
ThighTheta=0.288999378681183
LowerLegAlpha=0.021419957280159
LowerLegTheta=-0.2522794008255

[RightLeg]
ThighAlpha=0.0856798067688942
ThighTheta=-0.259079366922379
LowerLegAlpha=0.046409897506237
LowerLegTheta=-0.192439526319504
