[%General]
Highest=168
CenterX=38.4739702782602
CenterY=116.892248750547
XWidth=54

[LeftLeg]
ThighAlpha=-0.0999597683548927
ThighTheta=-0.116279698908329
LowerLegAlpha=-0.157079637050629
LowerLegTheta=-0.139399647712708

[RightLeg]
ThighAlpha=-0.00356999039649963
ThighTheta=0.312119334936142
LowerLegAlpha=0.00713998824357986
LowerLegTheta=-0.358359158039093
