[%General]
Highest=162
CenterX=40.5227000373259
CenterY=12.5552717914465
XWidth=44

[LeftLeg]
ThighAlpha=-0.157079637050629
ThighTheta=0.146199703216553
LowerLegAlpha=-0.157079637050629
LowerLegTheta=0.199239581823349

[RightLeg]
ThighAlpha=0.0678298473358154
ThighTheta=0.109479792416096
LowerLegAlpha=0.00713998824357986
LowerLegTheta=0.259079456329346
