[%General]
Highest=166
CenterX=36.5433205183695
CenterY=198.8772691397
XWidth=56

[LeftLeg]
ThighAlpha=-0.0392699092626572
ThighTheta=0.431799054145813
LowerLegAlpha=0.021419957280159
LowerLegTheta=0.139399722218513

[RightLeg]
ThighAlpha=0.121379725635052
ThighTheta=-0.348839163780212
LowerLegAlpha=-0.024989940226078
LowerLegTheta=-0.10267972946167
