[%General]
Highest=165
CenterX=36.3520077516453
CenterY=202.690437540111
XWidth=56

[LeftLeg]
ThighAlpha=-0.0392699092626572
ThighTheta=0.395079135894775
LowerLegAlpha=-0.0285599306225777
LowerLegTheta=0.408679097890854

[RightLeg]
ThighAlpha=0.103529766201973
ThighTheta=-0.401879042387009
LowerLegAlpha=0.00356999784708023
LowerLegTheta=-0.176119565963745
