[%General]
Highest=149
CenterX=31.6220521147452
CenterY=298.359429366736
XWidth=43

[LeftLeg]
ThighAlpha=-0.00356999039649963
ThighTheta=-0.401879042387009
LowerLegAlpha=0.00356999784708023
LowerLegTheta=-0.627638518810272

[RightLeg]
ThighAlpha=0.0107099786400795
ThighTheta=0.807158231735229
LowerLegAlpha=-0.0142799615859985
LowerLegTheta=-0.348839163780212
