[%General]
Highest=165
CenterX=41.4887513345874
CenterY=58.6882403782602
XWidth=52

[LeftLeg]
ThighAlpha=-0.0785398185253143
ThighTheta=0.401879131793976
LowerLegAlpha=-0.0464098900556564
LowerLegTheta=0.229159519076347

[RightLeg]
ThighAlpha=0.13922968506813
ThighTheta=-0.461718916893005
LowerLegAlpha=0.0249899476766586
LowerLegTheta=-0.312119245529175
