[%General]
Highest=164
CenterX=30.5352236751549
CenterY=251.855691672402
XWidth=53

[LeftLeg]
ThighAlpha=-0.0785398185253143
ThighTheta=-0.139399647712708
LowerLegAlpha=-0.0321299210190773
LowerLegTheta=0.312119334936142

[RightLeg]
ThighAlpha=0.13922968506813
ThighTheta=0.401879131793976
LowerLegAlpha=0.13922968506813
LowerLegTheta=-0.478038877248764
