[%General]
Highest=164
CenterX=41.193355074743
CenterY=14.2691741023391
XWidth=45

[LeftLeg]
ThighAlpha=-0.157079637050629
ThighTheta=0.199239581823349
LowerLegAlpha=-0.157079637050629
LowerLegTheta=0.146199703216553

[RightLeg]
ThighAlpha=0.103529766201973
ThighTheta=0.176119640469551
LowerLegAlpha=-0.0142799615859985
LowerLegTheta=0.169319659471512
