[%General]
Highest=168
CenterX=37.8612312421842
CenterY=175.383063255523
XWidth=56

[LeftLeg]
ThighAlpha=-0.024989940226078
ThighTheta=0.176119640469551
LowerLegAlpha=-0.121379718184471
LowerLegTheta=-1.09955739974976

[RightLeg]
ThighAlpha=0.13922968506813
ThighTheta=0.146199703216553
LowerLegAlpha=-0.0606898590922356
LowerLegTheta=-0.00339995324611664
