[%General]
Highest=165
CenterX=41.6184792511124
CenterY=21.744530558893
XWidth=49

[LeftLeg]
ThighAlpha=-0.157079637050629
ThighTheta=0.199239581823349
LowerLegAlpha=-0.13922968506813
LowerLegTheta=-0.0496398508548737

[RightLeg]
ThighAlpha=0.121379725635052
ThighTheta=0.206039562821388
LowerLegAlpha=-0.00713998079299927
LowerLegTheta=-0.070039801299572
