[%General]
Highest=164
CenterX=36.1564591570406
CenterY=206.187495154663
XWidth=55

[LeftLeg]
ThighAlpha=-0.0606898590922356
ThighTheta=0.424999058246613
LowerLegAlpha=-0.0321299210190773
LowerLegTheta=0.498438894748688

[RightLeg]
ThighAlpha=0.121379725635052
ThighTheta=-0.431798994541168
LowerLegAlpha=-0.0107099711894989
LowerLegTheta=-0.229159444570541
