[%General]
Highest=167
CenterX=36.429477219187
CenterY=195.010976893389
XWidth=56

[LeftLeg]
ThighAlpha=-0.00356999039649963
ThighTheta=0.395079135894775
LowerLegAlpha=0.00356999784708023
LowerLegTheta=-0.0727597996592522

[RightLeg]
ThighAlpha=0.103529766201973
ThighTheta=-0.288999319076538
LowerLegAlpha=-0.00713998079299927
LowerLegTheta=-0.0727597996592522
