[%General]
Highest=164
CenterX=39.3551663456609
CenterY=133.547783674431
XWidth=55

[LeftLeg]
ThighAlpha=-0.0606898590922356
ThighTheta=-0.461718916893005
LowerLegAlpha=-0.0499798804521561
LowerLegTheta=-0.139399647712708

[RightLeg]
ThighAlpha=0.0678298473358154
ThighTheta=0.424999058246613
LowerLegAlpha=-0.0678298398852348
LowerLegTheta=0.288999378681183
