[%General]
Highest=169
CenterX=39.0908591574483
CenterY=109.283652249444
XWidth=54

[LeftLeg]
ThighAlpha=-0.0999597683548927
ThighTheta=0.0496399253606796
LowerLegAlpha=-0.103529758751392
LowerLegTheta=-0.215559482574463

[RightLeg]
ThighAlpha=0.0321299284696579
ThighTheta=0.0863598436117172
LowerLegAlpha=-0.0107099711894989
LowerLegTheta=-0.461718916893005
