[%General]
Highest=147
CenterX=31.8909491498986
CenterY=308.779090625487
XWidth=40

[LeftLeg]
ThighAlpha=0.0249899476766586
ThighTheta=-0.312119245529175
LowerLegAlpha=-0.0285599306225777
LowerLegTheta=-0.837078034877777

[RightLeg]
ThighAlpha=0.0321299284696579
ThighTheta=0.717398405075073
LowerLegAlpha=-0.103529758751392
LowerLegTheta=-0.574598670005798
