[%General]
Highest=164
CenterX=31.1565702011553
CenterY=258.427883080317
XWidth=51

[LeftLeg]
ThighAlpha=-0.0606898590922356
ThighTheta=-0.229159444570541
LowerLegAlpha=-0.0856797993183136
LowerLegTheta=0.199239581823349

[RightLeg]
ThighAlpha=0.0856798067688942
ThighTheta=0.424999058246613
LowerLegAlpha=0.0142799690365791
LowerLegTheta=-0.747318267822266
