[%General]
Highest=167
CenterX=38.8299869522808
CenterY=172.066720715471
XWidth=57

[LeftLeg]
ThighAlpha=-0.00713998079299927
ThighTheta=0.00340002961456776
LowerLegAlpha=-0.0142799615859985
LowerLegTheta=-1.03971755504608

[RightLeg]
ThighAlpha=0.121379725635052
ThighTheta=0.229159519076347
LowerLegAlpha=0.00713998824357986
LowerLegTheta=-0.0333198830485344
