[%General]
Highest=162
CenterX=34.5921989233248
CenterY=224.722143437375
XWidth=49

[LeftLeg]
ThighAlpha=-0.0214199498295784
ThighTheta=0.484838932752609
LowerLegAlpha=0.00356999784708023
LowerLegTheta=0.235959500074387

[RightLeg]
ThighAlpha=0.0499798879027367
ThighTheta=-0.401879042387009
LowerLegAlpha=0.00713998824357986
LowerLegTheta=-0.574598670005798
