[%General]
Highest=149
CenterX=30.2867914100742
CenterY=298.935240012632
XWidth=44

[LeftLeg]
ThighAlpha=-0.0981747731566429
ThighTheta=-0.117809727787971
LowerLegAlpha=-0.0785398185253143
LowerLegTheta=-0.0785398185253143

[RightLeg]
ThighAlpha=-0.0981747731566429
ThighTheta=0.785398185253143
LowerLegAlpha=-0.0196349546313286
LowerLegTheta=-0.314159274101257
