[%General]
Highest=164
CenterX=39.6614964768088
CenterY=65.3144115044719
XWidth=57

[LeftLeg]
ThighAlpha=-0.0392699092626572
ThighTheta=0.196349546313286
LowerLegAlpha=0.0981747731566429
LowerLegTheta=-0.785398185253143

[RightLeg]
ThighAlpha=0.0981747731566429
ThighTheta=-0.0392699092626572
LowerLegAlpha=0.0981747731566429
LowerLegTheta=-0.117809727787971
