[%General]
Highest=165
CenterX=40.9834299587407
CenterY=79.399830186927
XWidth=57

[LeftLeg]
ThighAlpha=-0.0392699092626572
ThighTheta=0.431968986988068
LowerLegAlpha=0.0785398185253143
LowerLegTheta=-0.235619455575943

[RightLeg]
ThighAlpha=0.0981747731566429
ThighTheta=-0.314159274101257
LowerLegAlpha=0.0981747731566429
LowerLegTheta=-0.117809727787971
