[%General]
Highest=151
CenterX=31.6501136923786
CenterY=294.279762756603
XWidth=44

[LeftLeg]
ThighAlpha=-0.0785398185253143
ThighTheta=-0.157079637050629
LowerLegAlpha=-0.0981747731566429
LowerLegTheta=0.157079637050629

[RightLeg]
ThighAlpha=-0.0589048638939857
ThighTheta=0.628318548202515
LowerLegAlpha=0.0589048638939857
LowerLegTheta=-0.510508835315704
