[%General]
Highest=162
CenterX=42.9937704050119
CenterY=195.773581575929
XWidth=55

[LeftLeg]
ThighAlpha=-0.0196349546313286
ThighTheta=-0.235619455575943
LowerLegAlpha=-0.0196349546313286
LowerLegTheta=-0.785398185253143

[RightLeg]
ThighAlpha=0.0981747731566429
ThighTheta=0.314159274101257
LowerLegAlpha=0.0589048638939857
LowerLegTheta=0.0785398185253143
