[%General]
Highest=167
CenterX=40.0626169201631
CenterY=70.1385380477092
XWidth=58

[LeftLeg]
ThighAlpha=0
ThighTheta=0.235619455575943
LowerLegAlpha=-0.0785398185253143
LowerLegTheta=-0.510508835315704

[RightLeg]
ThighAlpha=0.0981747731566429
ThighTheta=-0.0785398185253143
LowerLegAlpha=0.0981747731566429
LowerLegTheta=-0.235619455575943
