[%General]
Highest=163
CenterX=42.5261752136752
CenterY=200.162720567963
XWidth=55

[LeftLeg]
ThighAlpha=-0.0196349546313286
ThighTheta=-0.157079637050629
LowerLegAlpha=-0.0392699092626572
LowerLegTheta=-0.785398185253143

[RightLeg]
ThighAlpha=0.0981747731566429
ThighTheta=0.235619455575943
LowerLegAlpha=0.0196349546313286
LowerLegTheta=0.117809727787971
