[%General]
Highest=159
CenterX=35.0422417955677
CenterY=275.658569073744
XWidth=50

[LeftLeg]
ThighAlpha=-0.0981747731566429
ThighTheta=0.235619455575943
LowerLegAlpha=0.0196349546313286
LowerLegTheta=0.235619455575943

[RightLeg]
ThighAlpha=0
ThighTheta=-0.157079637050629
LowerLegAlpha=-0.0785398185253143
LowerLegTheta=-0.785398185253143
