[%General]
Highest=160
CenterX=39.8153198315621
CenterY=21.8403181605508
XWidth=52

[LeftLeg]
ThighAlpha=0
ThighTheta=-0.510508835315704
LowerLegAlpha=-0.0785398185253143
LowerLegTheta=-0.0392699092626572

[RightLeg]
ThighAlpha=0.0785398185253143
ThighTheta=0.314159274101257
LowerLegAlpha=0.0785398185253143
LowerLegTheta=0.431968986988068
