[%General]
Highest=161
CenterX=42.7228880032671
CenterY=175.536775992452
XWidth=60

[LeftLeg]
ThighAlpha=-0.0589048638939857
ThighTheta=-0.431968986988068
LowerLegAlpha=-0.0196349546313286
LowerLegTheta=-0.353429168462753

[RightLeg]
ThighAlpha=0.0981747731566429
ThighTheta=0.510508835315704
LowerLegAlpha=0.0196349546313286
LowerLegTheta=0.392699092626572
