[%General]
Highest=162
CenterX=43.0495031345872
CenterY=185.56045751634
XWidth=58

[LeftLeg]
ThighAlpha=-0.0392699092626572
ThighTheta=-0.353429168462753
LowerLegAlpha=-0.0196349546313286
LowerLegTheta=-0.628318548202515

[RightLeg]
ThighAlpha=0.0981747731566429
ThighTheta=0.431968986988068
LowerLegAlpha=0.0392699092626572
LowerLegTheta=0.274889349937439
