[%General]
Highest=158
CenterX=36.4498337366598
CenterY=258.778982921012
XWidth=53

[LeftLeg]
ThighAlpha=-0.0981747731566429
ThighTheta=0.510508835315704
LowerLegAlpha=0
LowerLegTheta=0.353429168462753

[RightLeg]
ThighAlpha=0.0392699092626572
ThighTheta=-0.471238911151886
LowerLegAlpha=0
LowerLegTheta=-0.589048624038696
