[%General]
Highest=143
CenterX=40.4769124829442
CenterY=86.137798237672
XWidth=53

[LeftLeg]
ThighAlpha=-0.0785398185253143
ThighTheta=0.549778699874878
LowerLegAlpha=-0.0981747731566429
LowerLegTheta=0.392699092626572

[RightLeg]
ThighAlpha=0.0981747731566429
ThighTheta=-0.392699092626572
LowerLegAlpha=0.0589048638939857
LowerLegTheta=-0.392699092626572
