[%General]
Highest=141
CenterX=40.6909493384314
CenterY=36.1051592292599
XWidth=51

[LeftLeg]
ThighAlpha=0.0589048638939857
ThighTheta=-0.392699092626572
LowerLegAlpha=-0.0196349546313286
LowerLegTheta=-0.549778699874878

[RightLeg]
ThighAlpha=0.0981747731566429
ThighTheta=0.549778699874878
LowerLegAlpha=0
LowerLegTheta=0.0785398185253143
