[%General]
Highest=145
CenterX=38.2317576329129
CenterY=115.045109827498
XWidth=55

[LeftLeg]
ThighAlpha=-0.0981747731566429
ThighTheta=0.235619455575943
LowerLegAlpha=-0.0589048638939857
LowerLegTheta=-0.0785398185253143

[RightLeg]
ThighAlpha=0.0785398185253143
ThighTheta=0
LowerLegAlpha=0
LowerLegTheta=-0.785398185253143
