[%General]
Highest=144
CenterX=38.4921236985718
CenterY=111.587426300783
XWidth=55

[LeftLeg]
ThighAlpha=-0.0785398185253143
ThighTheta=0.314159274101257
LowerLegAlpha=-0.0981747731566429
LowerLegTheta=0

[RightLeg]
ThighAlpha=0.0981747731566429
ThighTheta=-0.157079637050629
LowerLegAlpha=0.0196349546313286
LowerLegTheta=-0.785398185253143
