[%General]
Highest=145
CenterX=39.7702884169747
CenterY=188.617321655635
XWidth=53

[LeftLeg]
ThighAlpha=0
ThighTheta=0.392699092626572
LowerLegAlpha=-0.0785398185253143
LowerLegTheta=-0.785398185253143

[RightLeg]
ThighAlpha=0.0392699092626572
ThighTheta=-0.0785398185253143
LowerLegAlpha=0.0981747731566429
LowerLegTheta=0.392699092626572
