[%General]
Highest=146
CenterX=40.954952014102
CenterY=53.7431503122892
XWidth=51

[LeftLeg]
ThighAlpha=0
ThighTheta=-0.157079637050629
LowerLegAlpha=0.0392699092626572
LowerLegTheta=-0.549778699874878

[RightLeg]
ThighAlpha=0.0981747731566429
ThighTheta=0.0785398185253143
LowerLegAlpha=0.0392699092626572
LowerLegTheta=0.157079637050629
