[%General]
Highest=145
CenterX=39.9991355441687
CenterY=184.782507924178
XWidth=53

[LeftLeg]
ThighAlpha=-0.0785398185253143
ThighTheta=0.0785398185253143
LowerLegAlpha=0.0981747731566429
LowerLegTheta=-0.628318548202515

[RightLeg]
ThighAlpha=0.0392699092626572
ThighTheta=0.157079637050629
LowerLegAlpha=0.0981747731566429
LowerLegTheta=0.0785398185253143
