[%General]
Highest=145
CenterX=38.5014061621149
CenterY=118.760552465471
XWidth=55

[LeftLeg]
ThighAlpha=-0.0785398185253143
ThighTheta=0.157079637050629
LowerLegAlpha=-0.0981747731566429
LowerLegTheta=-0.0785398185253143

[RightLeg]
ThighAlpha=0.0981747731566429
ThighTheta=0.157079637050629
LowerLegAlpha=0.0196349546313286
LowerLegTheta=-0.785398185253143
