[%General]
Highest=141
CenterX=38.0866885132306
CenterY=250.499689624807
XWidth=50

[LeftLeg]
ThighAlpha=-0.0981747731566429
ThighTheta=0.235619455575943
LowerLegAlpha=-0.0785398185253143
LowerLegTheta=0.0785398185253143

[RightLeg]
ThighAlpha=-0.0392699092626572
ThighTheta=0.0785398185253143
LowerLegAlpha=0
LowerLegTheta=-0.785398185253143
