[%General]
Highest=138
CenterX=22.246186362801
CenterY=298.667432457269
XWidth=42

[LeftLeg]
ThighAlpha=-0.0589048638939857
ThighTheta=-0.510508835315704
LowerLegAlpha=0
LowerLegTheta=-0.235619455575943

[RightLeg]
ThighAlpha=0.0981747731566429
ThighTheta=-0.431968986988068
LowerLegAlpha=0.0981747731566429
LowerLegTheta=-0.117809727787971
