[%General]
Highest=126
CenterX=22.8435988000774
CenterY=311.477501451519
XWidth=39

[LeftLeg]
ThighAlpha=0
ThighTheta=-0.549778699874878
LowerLegAlpha=-0.0981747731566429
LowerLegTheta=-0.510508835315704

[RightLeg]
ThighAlpha=0.0981747731566429
ThighTheta=-0.353429168462753
LowerLegAlpha=0.0981747731566429
LowerLegTheta=-0.628318548202515
