[%General]
Highest=152
CenterX=23.0622816315314
CenterY=287.478859969379
XWidth=44

[LeftLeg]
ThighAlpha=-0.0196349546313286
ThighTheta=-0.274889349937439
LowerLegAlpha=-0.0785398185253143
LowerLegTheta=-0.117809727787971

[RightLeg]
ThighAlpha=0
ThighTheta=0.628318548202515
LowerLegAlpha=0
LowerLegTheta=-0.0392699092626572
