[%General]
Highest=140
CenterX=22.5458426007054
CenterY=294.776055357103
XWidth=43

[LeftLeg]
ThighAlpha=-0.0589048638939857
ThighTheta=-0.471238911151886
LowerLegAlpha=0.0196349546313286
LowerLegTheta=-0.157079637050629

[RightLeg]
ThighAlpha=0.0589048638939857
ThighTheta=0.785398185253143
LowerLegAlpha=0.0785398185253143
LowerLegTheta=0.274889349937439
