[%General]
Highest=157
CenterX=28.9332642621252
CenterY=76.1302467137214
XWidth=51

[LeftLeg]
ThighAlpha=-0.0196349546313286
ThighTheta=0.510508835315704
LowerLegAlpha=-0.0392699092626572
LowerLegTheta=0.0785398185253143

[RightLeg]
ThighAlpha=0.0981747731566429
ThighTheta=-0.353429168462753
LowerLegAlpha=0.0196349546313286
LowerLegTheta=-0.785398185253143
