[%General]
Highest=152
CenterX=21.9384605090001
CenterY=249.432627751879
XWidth=45

[LeftLeg]
ThighAlpha=-0.0981747731566429
ThighTheta=0.471238911151886
LowerLegAlpha=0
LowerLegTheta=0.157079637050629

[RightLeg]
ThighAlpha=0
ThighTheta=-0.353429168462753
LowerLegAlpha=0
LowerLegTheta=-0.785398185253143
