[%General]
Highest=154
CenterX=22.9252427683296
CenterY=222.403603418452
XWidth=52

[LeftLeg]
ThighAlpha=-0.0785398185253143
ThighTheta=0.510508835315704
LowerLegAlpha=-0.0785398185253143
LowerLegTheta=0.549778699874878

[RightLeg]
ThighAlpha=0.0196349546313286
ThighTheta=-0.431968986988068
LowerLegAlpha=0.0981747731566429
LowerLegTheta=-0.392699092626572
