[%General]
Highest=136
CenterX=22.3754109138725
CenterY=302.43285950713
XWidth=40

[LeftLeg]
ThighAlpha=-0.0392699092626572
ThighTheta=-0.510508835315704
LowerLegAlpha=-0.0392699092626572
LowerLegTheta=-0.314159274101257

[RightLeg]
ThighAlpha=0.0981747731566429
ThighTheta=-0.431968986988068
LowerLegAlpha=0.0981747731566429
LowerLegTheta=-0.235619455575943
