[%General]
Highest=159
CenterX=25.266332888901
CenterY=182.400710184757
XWidth=52

[LeftLeg]
ThighAlpha=-0.0589048638939857
ThighTheta=0.117809727787971
LowerLegAlpha=0.0392699092626572
LowerLegTheta=-0.785398185253143

[RightLeg]
ThighAlpha=0.0196349546313286
ThighTheta=0.196349546313286
LowerLegAlpha=0.0981747731566429
LowerLegTheta=0
