[%General]
Highest=158
CenterX=30.2395063140884
CenterY=41.360939891023
XWidth=47

[LeftLeg]
ThighAlpha=-0.0392699092626572
ThighTheta=0.510508835315704
LowerLegAlpha=0.0589048638939857
LowerLegTheta=0.0392699092626572

[RightLeg]
ThighAlpha=0.0392699092626572
ThighTheta=-0.353429168462753
LowerLegAlpha=0.0589048638939857
LowerLegTheta=-0.274889349937439
