[%General]
Highest=153
CenterX=22.6853827898391
CenterY=269.235896985145
XWidth=47

[LeftLeg]
ThighAlpha=-0.0981747731566429
ThighTheta=-0.0785398185253143
LowerLegAlpha=0
LowerLegTheta=0.235619455575943

[RightLeg]
ThighAlpha=0
ThighTheta=0.235619455575943
LowerLegAlpha=0
LowerLegTheta=-0.706858336925507
