[%General]
Highest=147
CenterX=32.9459538932016
CenterY=163.153904963538
XWidth=53

[LeftLeg]
ThighAlpha=-0.0785398185253143
ThighTheta=0.549778699874878
LowerLegAlpha=0.0392699092626572
LowerLegTheta=0.157079637050629

[RightLeg]
ThighAlpha=0.0589048638939857
ThighTheta=-0.314159274101257
LowerLegAlpha=0
LowerLegTheta=0
