[%General]
Highest=148
CenterX=38.5267931144406
CenterY=73.0066464775263
XWidth=50

[LeftLeg]
ThighAlpha=-0.0785398185253143
ThighTheta=0.157079637050629
LowerLegAlpha=-0.0981747731566429
LowerLegTheta=0.0785398185253143

[RightLeg]
ThighAlpha=0.0981747731566429
ThighTheta=0.157079637050629
LowerLegAlpha=0.0981747731566429
LowerLegTheta=0.0785398185253143
