[%General]
Highest=145
CenterX=30.4764041393475
CenterY=179.694604629118
XWidth=52

[LeftLeg]
ThighAlpha=-0.0981747731566429
ThighTheta=0.549778699874878
LowerLegAlpha=0.0392699092626572
LowerLegTheta=0.314159274101257

[RightLeg]
ThighAlpha=0.0785398185253143
ThighTheta=-0.471238911151886
LowerLegAlpha=-0.0196349546313286
LowerLegTheta=-0.314159274101257
