[%General]
Highest=143
CenterX=24.6500787711698
CenterY=270.15557306026
XWidth=42

[LeftLeg]
ThighAlpha=0.0196349546313286
ThighTheta=-0.157079637050629
LowerLegAlpha=-0.0785398185253143
LowerLegTheta=-0.785398185253143

[RightLeg]
ThighAlpha=0.0981747731566429
ThighTheta=0.392699092626572
LowerLegAlpha=0
LowerLegTheta=-0.0785398185253143
