[%General]
Highest=175
CenterX=34.3986655889082
CenterY=160.652189996027
XWidth=63

[LeftLeg]
ThighAlpha=-0.0981747731566429
ThighTheta=0
LowerLegAlpha=-0.0785398185253143
LowerLegTheta=-0.314159274101257

[RightLeg]
ThighAlpha=0.0196349546313286
ThighTheta=0.431968986988068
LowerLegAlpha=0.0785398185253143
LowerLegTheta=-0.274889349937439
