[%General]
Highest=173
CenterX=34.7675124290494
CenterY=170.610723526463
XWidth=63

[LeftLeg]
ThighAlpha=-0.0981747731566429
ThighTheta=-0.274889349937439
LowerLegAlpha=0
LowerLegTheta=-0.196349546313286

[RightLeg]
ThighAlpha=0.0196349546313286
ThighTheta=0.431968986988068
LowerLegAlpha=-0.0981747731566429
LowerLegTheta=0.353429168462753
