[%General]
Highest=171
CenterX=34.4182721755109
CenterY=102.644189542848
XWidth=61

[LeftLeg]
ThighAlpha=-0.0981747731566429
ThighTheta=0.667588412761688
LowerLegAlpha=-0.0196349546313286
LowerLegTheta=0.353429168462753

[RightLeg]
ThighAlpha=0.0981747731566429
ThighTheta=-0.510508835315704
LowerLegAlpha=0.0785398185253143
LowerLegTheta=-0.314159274101257
