[%General]
Highest=170
CenterX=38.3148861084376
CenterY=250.994128970164
XWidth=56

[LeftLeg]
ThighAlpha=-0.0196349546313286
ThighTheta=0.746128261089325
LowerLegAlpha=0.0981747731566429
LowerLegTheta=-0.117809727787971

[RightLeg]
ThighAlpha=0.0589048638939857
ThighTheta=-0.314159274101257
LowerLegAlpha=0.0785398185253143
LowerLegTheta=-0.0392699092626572
