[%General]
Highest=169
CenterX=35.2818862064097
CenterY=40.3770859805167
XWidth=54

[LeftLeg]
ThighAlpha=0.0785398185253143
ThighTheta=-0.628318548202515
LowerLegAlpha=-0.0981747731566429
LowerLegTheta=-0.392699092626572

[RightLeg]
ThighAlpha=0.0981747731566429
ThighTheta=0.667588412761688
LowerLegAlpha=0.0589048638939857
LowerLegTheta=-0.157079637050629
