[%General]
Highest=171
CenterX=36.9470168045634
CenterY=57.9635901125443
XWidth=55

[LeftLeg]
ThighAlpha=0.0196349546313286
ThighTheta=-0.274889349937439
LowerLegAlpha=0.0785398185253143
LowerLegTheta=-0.785398185253143

[RightLeg]
ThighAlpha=0.0981747731566429
ThighTheta=0.353429168462753
LowerLegAlpha=0.0981747731566429
LowerLegTheta=-0.157079637050629
