[%General]
Highest=163
CenterX=36.6730109588559
CenterY=277.087248676318
XWidth=49

[LeftLeg]
ThighAlpha=-0.0981747731566429
ThighTheta=0.706858336925507
LowerLegAlpha=0.0589048638939857
LowerLegTheta=0.314159274101257

[RightLeg]
ThighAlpha=0.0392699092626572
ThighTheta=-0.314159274101257
LowerLegAlpha=0.0785398185253143
LowerLegTheta=-0.746128261089325
