[%General]
Highest=170
CenterX=36.4124343029609
CenterY=53.9130327314357
XWidth=55

[LeftLeg]
ThighAlpha=0.0392699092626572
ThighTheta=-0.314159274101257
LowerLegAlpha=0.0785398185253143
LowerLegTheta=-0.785398185253143

[RightLeg]
ThighAlpha=0.0981747731566429
ThighTheta=0.431968986988068
LowerLegAlpha=0.0981747731566429
LowerLegTheta=-0.157079637050629
