[%General]
Highest=173
CenterX=35.1318420980138
CenterY=94.1510426710008
XWidth=59

[LeftLeg]
ThighAlpha=-0.0981747731566429
ThighTheta=0.549778699874878
LowerLegAlpha=0.0785398185253143
LowerLegTheta=0.274889349937439

[RightLeg]
ThighAlpha=0.0981747731566429
ThighTheta=-0.431968986988068
LowerLegAlpha=0.0392699092626572
LowerLegTheta=-0.196349546313286
