[%General]
Highest=160
CenterX=35.8393568557392
CenterY=282.964466279589
XWidth=49

[LeftLeg]
ThighAlpha=-0.0981747731566429
ThighTheta=0.746128261089325
LowerLegAlpha=0.0785398185253143
LowerLegTheta=0.117809727787971

[RightLeg]
ThighAlpha=0
ThighTheta=-0.235619455575943
LowerLegAlpha=0.0981747731566429
LowerLegTheta=-0.785398185253143
