[%General]
Highest=168
CenterX=35.173503368476
CenterY=203.053726808158
XWidth=61

[LeftLeg]
ThighAlpha=-0.0981747731566429
ThighTheta=-0.392699092626572
LowerLegAlpha=0.0392699092626572
LowerLegTheta=-0.667588412761688

[RightLeg]
ThighAlpha=0.0589048638939857
ThighTheta=0.667588412761688
LowerLegAlpha=-0.0589048638939857
LowerLegTheta=0.0392699092626572
