[%General]
Highest=170
CenterX=34.0987575876381
CenterY=107.536481499006
XWidth=61

[LeftLeg]
ThighAlpha=-0.0981747731566429
ThighTheta=0.706858336925507
LowerLegAlpha=-0.0589048638939857
LowerLegTheta=0.274889349937439

[RightLeg]
ThighAlpha=0.0981747731566429
ThighTheta=-0.510508835315704
LowerLegAlpha=0.0785398185253143
LowerLegTheta=-0.431968986988068
