[%General]
Highest=157
CenterX=34.7408846431725
CenterY=287.559701372722
XWidth=46

[LeftLeg]
ThighAlpha=-0.0981747731566429
ThighTheta=-0.0785398185253143
LowerLegAlpha=-0.0589048638939857
LowerLegTheta=0.196349546313286

[RightLeg]
ThighAlpha=0.0392699092626572
ThighTheta=0.471238911151886
LowerLegAlpha=-0.0981747731566429
LowerLegTheta=-0.667588412761688
