[%General]
Highest=172
CenterX=33.986113538292
CenterY=207.680947451908
XWidth=57

[LeftLeg]
ThighAlpha=-0.0589048638939857
ThighTheta=0.353429168462753
LowerLegAlpha=0.0589048638939857
LowerLegTheta=-0.746128261089325

[RightLeg]
ThighAlpha=0.0981747731566429
ThighTheta=0.196349546313286
LowerLegAlpha=0.0981747731566429
LowerLegTheta=-0.274889349937439
