[%General]
Highest=174
CenterX=29.1199887358558
CenterY=144.897201884184
XWidth=58

[LeftLeg]
ThighAlpha=-0.0785398185253143
ThighTheta=-0.235619455575943
LowerLegAlpha=-0.0196349546313286
LowerLegTheta=-0.117809727787971

[RightLeg]
ThighAlpha=-0.0196349546313286
ThighTheta=0.471238911151886
LowerLegAlpha=0
LowerLegTheta=0.157079637050629
