[%General]
Highest=165
CenterX=36.1291364003228
CenterY=257.276523200079
XWidth=53

[LeftLeg]
ThighAlpha=-0.0981747731566429
ThighTheta=0.549778699874878
LowerLegAlpha=-0.0785398185253143
LowerLegTheta=0.235619455575943

[RightLeg]
ThighAlpha=0.0981747731566429
ThighTheta=-0.274889349937439
LowerLegAlpha=0.0981747731566429
LowerLegTheta=-0.746128261089325
