[%General]
Highest=158
CenterX=33.5221674876847
CenterY=36.6248730579765
XWidth=46

[LeftLeg]
ThighAlpha=-0.0589048638939857
ThighTheta=0.549778699874878
LowerLegAlpha=-0.0392699092626572
LowerLegTheta=0.314159274101257

[RightLeg]
ThighAlpha=0.0981747731566429
ThighTheta=-0.392699092626572
LowerLegAlpha=0.0589048638939857
LowerLegTheta=-0.471238911151886
