[%General]
Highest=157
CenterX=30.4029818865345
CenterY=149.406499202552
XWidth=53

[LeftLeg]
ThighAlpha=-0.0981747731566429
ThighTheta=-0.235619455575943
LowerLegAlpha=0.0392699092626572
LowerLegTheta=-0.785398185253143

[RightLeg]
ThighAlpha=0.0196349546313286
ThighTheta=0.471238911151886
LowerLegAlpha=0.0981747731566429
LowerLegTheta=-0.0785398185253143
