[%General]
Highest=155
CenterX=31.0847117536594
CenterY=123.955676176266
XWidth=51

[LeftLeg]
ThighAlpha=-0.0589048638939857
ThighTheta=-0.471238911151886
LowerLegAlpha=-0.0589048638939857
LowerLegTheta=-0.549778699874878

[RightLeg]
ThighAlpha=0
ThighTheta=0.549778699874878
LowerLegAlpha=-0.0196349546313286
LowerLegTheta=0.471238911151886
