[%General]
Highest=159
CenterX=27.7921798115148
CenterY=180.47874676823
XWidth=52

[LeftLeg]
ThighAlpha=-0.0589048638939857
ThighTheta=0.549778699874878
LowerLegAlpha=0.0589048638939857
LowerLegTheta=-0.0785398185253143

[RightLeg]
ThighAlpha=0.0589048638939857
ThighTheta=-0.235619455575943
LowerLegAlpha=0
LowerLegTheta=-0.157079637050629
