[%General]
Highest=148
CenterX=19.2904175912851
CenterY=286.85878555578
XWidth=42

[LeftLeg]
ThighAlpha=-0.0196349546313286
ThighTheta=-0.392699092626572
LowerLegAlpha=-0.0981747731566429
LowerLegTheta=-0.549778699874878

[RightLeg]
ThighAlpha=0.0392699092626572
ThighTheta=0.706858336925507
LowerLegAlpha=0.0981747731566429
LowerLegTheta=0.314159274101257
