[%General]
Highest=169
CenterX=38.8615113002343
CenterY=160.036826201605
XWidth=56

[LeftLeg]
ThighAlpha=-0.082109808921814
ThighTheta=-0.176119565963745
LowerLegAlpha=-0.103529758751392
LowerLegTheta=-0.10267972946167

[RightLeg]
ThighAlpha=0.0499798879027367
ThighTheta=0.282199382781982
LowerLegAlpha=0.021419957280159
LowerLegTheta=-0.312119245529175
