[%General]
Highest=163
CenterX=38.4399029030993
CenterY=182.470637995292
XWidth=57

[LeftLeg]
ThighAlpha=-0.0785398185253143
ThighTheta=-0.507958829402924
LowerLegAlpha=-0.0142799615859985
LowerLegTheta=-0.212839469313622

[RightLeg]
ThighAlpha=-0.00356999039649963
ThighTheta=0.454919010400772
LowerLegAlpha=0.00356999784708023
LowerLegTheta=0.46171897649765
