[%General]
Highest=168
CenterX=39.0635737120986
CenterY=152.413201473468
XWidth=55

[LeftLeg]
ThighAlpha=-0.0785398185253143
ThighTheta=-0.0265199020504951
LowerLegAlpha=-0.0678298398852348
LowerLegTheta=-0.0496398508548737

[RightLeg]
ThighAlpha=0.0499798879027367
ThighTheta=0.169319659471512
LowerLegAlpha=0.0285599380731583
LowerLegTheta=-0.478038877248764
