[%General]
Highest=166
CenterX=40.3570010814067
CenterY=231.212571694523
XWidth=54

[LeftLeg]
ThighAlpha=-0.0606898590922356
ThighTheta=0.252279460430145
LowerLegAlpha=0.021419957280159
LowerLegTheta=-0.2454794049263

[RightLeg]
ThighAlpha=0.13922968506813
ThighTheta=-0.116279698908329
LowerLegAlpha=0.0249899476766586
LowerLegTheta=-0.0496398508548737
