[%General]
Highest=170
CenterX=39.7129856349984
CenterY=90.8623490042442
XWidth=54

[LeftLeg]
ThighAlpha=-0.0107099711894989
ThighTheta=0.259079456329346
LowerLegAlpha=0.021419957280159
LowerLegTheta=-0.358359158039093

[RightLeg]
ThighAlpha=0.0856798067688942
ThighTheta=-0.146199628710747
LowerLegAlpha=0.0428399071097374
LowerLegTheta=-0.222359463572502
