[%General]
Highest=153
CenterX=36.5209644400637
CenterY=296.109303207218
XWidth=45

[LeftLeg]
ThighAlpha=-0.117809727787971
ThighTheta=-0.235959425568581
LowerLegAlpha=-0.0321299210190773
LowerLegTheta=0.206039562821388

[RightLeg]
ThighAlpha=0.0321299284696579
ThighTheta=0.431799054145813
LowerLegAlpha=0.0821098163723946
LowerLegTheta=-0.81395810842514
