[%General]
Highest=167
CenterX=37.6521055939661
CenterY=25.3754653580235
XWidth=50

[LeftLeg]
ThighAlpha=0.0142799690365791
ThighTheta=-0.259079366922379
LowerLegAlpha=-0.13922968506813
LowerLegTheta=-0.222359463572502

[RightLeg]
ThighAlpha=0.0678298473358154
ThighTheta=0.312119334936142
LowerLegAlpha=-0.0606898590922356
LowerLegTheta=-0.312119245529175
