[%General]
Highest=162
CenterX=39.6015828827122
CenterY=245.216575084901
XWidth=54

[LeftLeg]
ThighAlpha=-0.117809727787971
ThighTheta=0.401879131793976
LowerLegAlpha=-0.0142799615859985
LowerLegTheta=0.49163892865181

[RightLeg]
ThighAlpha=0.0856798067688942
ThighTheta=-0.401879042387009
LowerLegAlpha=0.0428399071097374
LowerLegTheta=-0.146199628710747
