[%General]
Highest=165
CenterX=38.8815023980475
CenterY=107.887376904958
XWidth=57

[LeftLeg]
ThighAlpha=-0.0999597683548927
ThighTheta=0.424999058246613
LowerLegAlpha=-0.117809727787971
LowerLegTheta=0.408679097890854

[RightLeg]
ThighAlpha=0.121379725635052
ThighTheta=-0.461718916893005
LowerLegAlpha=0.021419957280159
LowerLegTheta=-0.335239201784134
