[%General]
Highest=164
CenterX=39.8023862589918
CenterY=58.6836071481002
XWidth=51

[LeftLeg]
ThighAlpha=0.0678298473358154
ThighTheta=-0.371959120035172
LowerLegAlpha=0.00356999784708023
LowerLegTheta=-0.717398345470428

[RightLeg]
ThighAlpha=0.0856798067688942
ThighTheta=0.401879131793976
LowerLegAlpha=0.00356999784708023
LowerLegTheta=0.0265199784189463
