[%General]
Highest=166
CenterX=41.501999801262
CenterY=223.068837879465
XWidth=52

[LeftLeg]
ThighAlpha=-0.0392699092626572
ThighTheta=0.265879422426224
LowerLegAlpha=0.021419957280159
LowerLegTheta=-0.956757783889771

[RightLeg]
ThighAlpha=0.121379725635052
ThighTheta=0.0564399100840092
LowerLegAlpha=0.0107099786400795
LowerLegTheta=-0.0564398318529129
