[%General]
Highest=164
CenterX=38.595608075385
CenterY=50.3538169893039
XWidth=51

[LeftLeg]
ThighAlpha=-0.024989940226078
ThighTheta=-0.454918920993805
LowerLegAlpha=0.021419957280159
LowerLegTheta=-0.567798674106598

[RightLeg]
ThighAlpha=0.0678298473358154
ThighTheta=0.507958889007568
LowerLegAlpha=-0.0285599306225777
LowerLegTheta=0.070039875805378
