[%General]
Highest=151
CenterX=35.7075105680699
CenterY=302.464628332079
XWidth=43

[LeftLeg]
ThighAlpha=-0.117809727787971
ThighTheta=-0.229159444570541
LowerLegAlpha=-0.0856797993183136
LowerLegTheta=0.0632398948073387

[RightLeg]
ThighAlpha=-0.024989940226078
ThighTheta=0.537878811359406
LowerLegAlpha=0.0321299284696579
LowerLegTheta=-0.507958829402924
