[%General]
Highest=160
CenterX=37.376632823155
CenterY=278.139596908623
XWidth=45

[LeftLeg]
ThighAlpha=-0.157079637050629
ThighTheta=0.378759175539017
LowerLegAlpha=0.0606898665428162
LowerLegTheta=0.0265199784189463

[RightLeg]
ThighAlpha=-0.024989940226078
ThighTheta=-0.305319279432297
LowerLegAlpha=-0.00713998079299927
LowerLegTheta=-0.717398345470428
