[%General]
Highest=165
CenterX=38.2874533699736
CenterY=38.9209579566424
XWidth=50

[LeftLeg]
ThighAlpha=0.0285599380731583
ThighTheta=-0.461718916893005
LowerLegAlpha=-0.0856797993183136
LowerLegTheta=-0.335239201784134

[RightLeg]
ThighAlpha=0.0142799690365791
ThighTheta=0.371959179639816
LowerLegAlpha=0.00356999784708023
LowerLegTheta=0.401879131793976
