[%General]
Highest=163
CenterX=37.8035977846298
CenterY=118.886381902939
XWidth=58

[LeftLeg]
ThighAlpha=-0.117809727787971
ThighTheta=0.521558880805969
LowerLegAlpha=-0.13922968506813
LowerLegTheta=0.229159519076347

[RightLeg]
ThighAlpha=0.121379725635052
ThighTheta=-0.461718916893005
LowerLegAlpha=0.021419957280159
LowerLegTheta=-0.544678747653961
