[%General]
Highest=165
CenterX=38.4828697041311
CenterY=42.2986414586166
XWidth=52

[LeftLeg]
ThighAlpha=0.0285599380731583
ThighTheta=-0.461718916893005
LowerLegAlpha=-0.0856797993183136
LowerLegTheta=-0.395079076290131

[RightLeg]
ThighAlpha=0.0678298473358154
ThighTheta=0.478038966655731
LowerLegAlpha=-0.0464098900556564
LowerLegTheta=0.212839543819427
