[%General]
Highest=168
CenterX=37.643006955718
CenterY=17.9775331492695
XWidth=49

[LeftLeg]
ThighAlpha=-0.0428398996591568
ThighTheta=-0.146199628710747
LowerLegAlpha=-0.082109808921814
LowerLegTheta=-0.132599666714668

[RightLeg]
ThighAlpha=0.0642598569393158
ThighTheta=0.199239581823349
LowerLegAlpha=-0.0464098900556564
LowerLegTheta=-0.544678747653961
