[%General]
Highest=169
CenterX=40.2153373220025
CenterY=81.8846334616313
XWidth=54

[LeftLeg]
ThighAlpha=-0.00356999039649963
ThighTheta=0.169319659471512
LowerLegAlpha=-0.0499798804521561
LowerLegTheta=-0.777238190174103

[RightLeg]
ThighAlpha=0.103529766201973
ThighTheta=-0.0265199020504951
LowerLegAlpha=0.0821098163723946
LowerLegTheta=-0.139399647712708
