[%General]
Highest=159
CenterX=39.096115493377
CenterY=262.539544575086
XWidth=48

[LeftLeg]
ThighAlpha=-0.0785398185253143
ThighTheta=0.544678807258606
LowerLegAlpha=-0.0321299210190773
LowerLegTheta=0.259079456329346

[RightLeg]
ThighAlpha=0.0856798067688942
ThighTheta=-0.424998998641968
LowerLegAlpha=0.00713998824357986
LowerLegTheta=-0.491638839244843
