[%General]
Highest=164
CenterX=37.5001093613298
CenterY=123.09886264217
XWidth=57

[LeftLeg]
ThighAlpha=-0.117809727787971
ThighTheta=0.514758884906769
LowerLegAlpha=-0.0856797993183136
LowerLegTheta=0.116279773414135

[RightLeg]
ThighAlpha=0.0856798067688942
ThighTheta=-0.431798994541168
LowerLegAlpha=0.0606898665428162
LowerLegTheta=-0.574598670005798
