[%General]
Highest=167
CenterX=41.430209653338
CenterY=70.3693838374967
XWidth=53

[LeftLeg]
ThighAlpha=0.0856798067688942
ThighTheta=-0.192439526319504
LowerLegAlpha=0.00356999784708023
LowerLegTheta=-0.784038186073303

[RightLeg]
ThighAlpha=0.121379725635052
ThighTheta=0.206039562821388
LowerLegAlpha=0.0107099786400795
LowerLegTheta=-0.070039801299572
