[%General]
Highest=167
CenterX=38.4633637875646
CenterY=145.158073409127
XWidth=55

[LeftLeg]
ThighAlpha=-0.0999597683548927
ThighTheta=0.169319659471512
LowerLegAlpha=0.00356999784708023
LowerLegTheta=-0.0564398318529129

[RightLeg]
ThighAlpha=0.0499798879027367
ThighTheta=0.00340002961456776
LowerLegAlpha=-0.0142799615859985
LowerLegTheta=-0.920037806034088
