[%General]
Highest=155
CenterX=35.8603563311093
CenterY=290.474023022216
XWidth=44

[LeftLeg]
ThighAlpha=-0.0999597683548927
ThighTheta=0.00340002961456776
LowerLegAlpha=-0.103529758751392
LowerLegTheta=0.139399722218513

[RightLeg]
ThighAlpha=0.13922968506813
ThighTheta=0.116279773414135
LowerLegAlpha=0.0999597758054733
LowerLegTheta=0.00340002961456776
