[%General]
Highest=165
CenterX=41.5293129619031
CenterY=215.484285963122
XWidth=52

[LeftLeg]
ThighAlpha=0.0428399071097374
ThighTheta=-0.0265199020504951
LowerLegAlpha=-0.082109808921814
LowerLegTheta=-1.06963741779327

[RightLeg]
ThighAlpha=0.121379725635052
ThighTheta=0.259079456329346
LowerLegAlpha=0.00713998824357986
LowerLegTheta=-0.146199628710747
