[%General]
Highest=167
CenterX=39.4536878674506
CenterY=100.994347942277
XWidth=57

[LeftLeg]
ThighAlpha=-0.117809727787971
ThighTheta=0.371959179639816
LowerLegAlpha=0.00356999784708023
LowerLegTheta=0.235959500074387

[RightLeg]
ThighAlpha=0.121379725635052
ThighTheta=-0.371959120035172
LowerLegAlpha=-0.0107099711894989
LowerLegTheta=-0.229159444570541
