[%General]
Highest=168
CenterX=40.5563895044874
CenterY=74.467853513401
XWidth=53

[LeftLeg]
ThighAlpha=0.0499798879027367
ThighTheta=0.0333199612796307
LowerLegAlpha=0.00356999784708023
LowerLegTheta=-0.956757783889771

[RightLeg]
ThighAlpha=0.121379725635052
ThighTheta=0.146199703216553
LowerLegAlpha=0.00713998824357986
LowerLegTheta=-0.146199628710747
