[%General]
Highest=164
CenterX=39.9486836830148
CenterY=238.375903900693
XWidth=54

[LeftLeg]
ThighAlpha=-0.0606898590922356
ThighTheta=0.371959179639816
LowerLegAlpha=0.021419957280159
LowerLegTheta=0.109479792416096

[RightLeg]
ThighAlpha=0.0856798067688942
ThighTheta=-0.282199323177338
LowerLegAlpha=0.0285599380731583
LowerLegTheta=-0.0999597311019897
