[%General]
Highest=164
CenterX=41.1032630442954
CenterY=211.969006535789
XWidth=52

[LeftLeg]
ThighAlpha=0.0678298473358154
ThighTheta=-0.192439526319504
LowerLegAlpha=-0.0678298398852348
LowerLegTheta=-0.81395810842514

[RightLeg]
ThighAlpha=0.121379725635052
ThighTheta=0.31891930103302
LowerLegAlpha=-0.00713998079299927
LowerLegTheta=-0.0632398128509521
