[%General]
Highest=167
CenterX=37.9508907977908
CenterY=29.3309977683302
XWidth=51

[LeftLeg]
ThighAlpha=0.0142799690365791
ThighTheta=-0.348839163780212
LowerLegAlpha=-0.103529758751392
LowerLegTheta=-0.222359463572502

[RightLeg]
ThighAlpha=0.0499798879027367
ThighTheta=0.31891930103302
LowerLegAlpha=-0.0285599306225777
LowerLegTheta=-0.0632398128509521
