[%General]
Highest=154
CenterX=36.3602789620804
CenterY=292.670920744275
XWidth=45

[LeftLeg]
ThighAlpha=-0.0785398185253143
ThighTheta=-0.169319570064545
LowerLegAlpha=-0.13922968506813
LowerLegTheta=0.312119334936142

[RightLeg]
ThighAlpha=0.13922968506813
ThighTheta=-0.0931597501039505
LowerLegAlpha=0.046409897506237
LowerLegTheta=0.18291962146759
