[%General]
Highest=165
CenterX=39.9281351431101
CenterY=234.731720271467
XWidth=53

[LeftLeg]
ThighAlpha=-0.0392699092626572
ThighTheta=0.312119334936142
LowerLegAlpha=0.021419957280159
LowerLegTheta=-0.109479710459709

[RightLeg]
ThighAlpha=0.121379725635052
ThighTheta=-0.235959425568581
LowerLegAlpha=-0.0428398996591568
LowerLegTheta=-0.0197199191898108
