[%General]
Highest=166
CenterX=41.2858605419941
CenterY=66.6601250755511
XWidth=54

[LeftLeg]
ThighAlpha=0.0678298473358154
ThighTheta=-0.2522794008255
LowerLegAlpha=0.00356999784708023
LowerLegTheta=-0.784038186073303

[RightLeg]
ThighAlpha=0.13922968506813
ThighTheta=0.288999378681183
LowerLegAlpha=-0.0107099711894989
LowerLegTheta=-0.0863597691059113
