[%General]
Highest=163
CenterX=39.673951634025
CenterY=241.896603905363
XWidth=54

[LeftLeg]
ThighAlpha=-0.0785398185253143
ThighTheta=0.401879131793976
LowerLegAlpha=0.00356999784708023
LowerLegTheta=0.265879422426224

[RightLeg]
ThighAlpha=0.0856798067688942
ThighTheta=-0.348839163780212
LowerLegAlpha=0.046409897506237
LowerLegTheta=-0.132599666714668
