[%General]
Highest=159
CenterX=39.1817743842796
CenterY=258.505686380425
XWidth=49

[LeftLeg]
ThighAlpha=-0.0785398185253143
ThighTheta=0.544678807258606
LowerLegAlpha=-0.0678298398852348
LowerLegTheta=0.31891930103302

[RightLeg]
ThighAlpha=0.0856798067688942
ThighTheta=-0.431798994541168
LowerLegAlpha=0.0606898665428162
LowerLegTheta=-0.454918920993805
