[%General]
Highest=166
CenterX=38.3940920599883
CenterY=141.248198402909
XWidth=55

[LeftLeg]
ThighAlpha=-0.117809727787971
ThighTheta=0.252279460430145
LowerLegAlpha=0.021419957280159
LowerLegTheta=-0.0727597996592522

[RightLeg]
ThighAlpha=0.0821098163723946
ThighTheta=-0.295799285173416
LowerLegAlpha=-0.0464098900556564
LowerLegTheta=-0.620838522911072
