[%General]
Highest=167
CenterX=36.7836211991857
CenterY=13.236198857293
XWidth=48

[LeftLeg]
ThighAlpha=-0.024989940226078
ThighTheta=-0.146199628710747
LowerLegAlpha=-0.121379718184471
LowerLegTheta=0.0401199460029602

[RightLeg]
ThighAlpha=0.13922968506813
ThighTheta=-0.132599666714668
LowerLegAlpha=0.13922968506813
LowerLegTheta=0.0428399443626404
