[%General]
Highest=165
CenterX=38.0163783035011
CenterY=136.93646956569
XWidth=54

[LeftLeg]
ThighAlpha=-0.0785398185253143
ThighTheta=0.342039257287979
LowerLegAlpha=-0.0499798804521561
LowerLegTheta=-0.0496398508548737

[RightLeg]
ThighAlpha=0.0642598569393158
ThighTheta=-0.318919241428375
LowerLegAlpha=-0.0142799615859985
LowerLegTheta=-0.710598349571228
