[%General]
Highest=156
CenterX=35.5761250730567
CenterY=287.617007597896
XWidth=43

[LeftLeg]
ThighAlpha=-0.117809727787971
ThighTheta=-0.0632398128509521
LowerLegAlpha=0.00356999784708023
LowerLegTheta=0.355639219284058

[RightLeg]
ThighAlpha=0.13922968506813
ThighTheta=0.288999378681183
LowerLegAlpha=0.0606898665428162
LowerLegTheta=-0.152999609708786
