[%General]
Highest=164
CenterX=40.9471709365604
CenterY=207.828827373705
XWidth=55

[LeftLeg]
ThighAlpha=0.0321299284696579
ThighTheta=-0.199239507317543
LowerLegAlpha=-0.0142799615859985
LowerLegTheta=-0.920037806034088

[RightLeg]
ThighAlpha=0.121379725635052
ThighTheta=0.371959179639816
LowerLegAlpha=0.00713998824357986
LowerLegTheta=-0.010199936106801
