[%General]
Highest=169
CenterX=40.4612488312738
CenterY=77.9364212973492
XWidth=52

[LeftLeg]
ThighAlpha=0.0321299284696579
ThighTheta=0.146199703216553
LowerLegAlpha=-0.082109808921814
LowerLegTheta=-1.0097975730896

[RightLeg]
ThighAlpha=0.103529766201973
ThighTheta=0.0564399100840092
LowerLegAlpha=0.0249899476766586
LowerLegTheta=-0.116279698908329
