[%General]
Highest=161
CenterX=39.7889380589077
CenterY=30.0737856683256
XWidth=54

[LeftLeg]
ThighAlpha=0
ThighTheta=-0.549778699874878
LowerLegAlpha=-0.0981747731566429
LowerLegTheta=-0.235619455575943

[RightLeg]
ThighAlpha=0.0981747731566429
ThighTheta=0.392699092626572
LowerLegAlpha=0.0981747731566429
LowerLegTheta=0.314159274101257
