[%General]
Highest=149
CenterX=30.2867914100742
CenterY=298.935240012632
XWidth=44

[LeftLeg]
ThighAlpha=-0.0785398185253143
ThighTheta=-0.157079637050629
LowerLegAlpha=-0.0981747731566429
LowerLegTheta=0

[RightLeg]
ThighAlpha=-0.0981747731566429
ThighTheta=0.785398185253143
LowerLegAlpha=-0.0785398185253143
LowerLegTheta=-0.314159274101257
