[%General]
Highest=162
CenterX=39.1454906645921
CenterY=16.0070015559013
XWidth=51

[LeftLeg]
ThighAlpha=0.0589048638939857
ThighTheta=-0.549778699874878
LowerLegAlpha=-0.0981747731566429
LowerLegTheta=0.314159274101257

[RightLeg]
ThighAlpha=0.0392699092626572
ThighTheta=0.235619455575943
LowerLegAlpha=0
LowerLegTheta=0.314159274101257
