[%General]
Highest=162
CenterX=39.3202455810269
CenterY=34.3702901421003
XWidth=54

[LeftLeg]
ThighAlpha=0.0392699092626572
ThighTheta=-0.549778699874878
LowerLegAlpha=-0.0981747731566429
LowerLegTheta=-0.314159274101257

[RightLeg]
ThighAlpha=0.0981747731566429
ThighTheta=0.392699092626572
LowerLegAlpha=0.0981747731566429
LowerLegTheta=0.157079637050629
