[%General]
Highest=159
CenterX=40.1158443277224
CenterY=26.0619270165571
XWidth=53

[LeftLeg]
ThighAlpha=-0.0589048638939857
ThighTheta=-0.706858336925507
LowerLegAlpha=-0.0589048638939857
LowerLegTheta=0

[RightLeg]
ThighAlpha=0.0981747731566429
ThighTheta=0.314159274101257
LowerLegAlpha=0.0981747731566429
LowerLegTheta=0.471238911151886
