[%General]
Highest=166
CenterX=42.4253085563722
CenterY=133.038330328665
XWidth=58

[LeftLeg]
ThighAlpha=-0.0785398185253143
ThighTheta=0.157079637050629
LowerLegAlpha=-0.0981747731566429
LowerLegTheta=-0.0785398185253143

[RightLeg]
ThighAlpha=0.0981747731566429
ThighTheta=0.157079637050629
LowerLegAlpha=0.0196349546313286
LowerLegTheta=-0.785398185253143
