[%General]
Highest=157
CenterX=30.4120867867335
CenterY=192.945014132201
XWidth=53

[LeftLeg]
ThighAlpha=-0.0392699092626572
ThighTheta=0.235619455575943
LowerLegAlpha=0.0785398185253143
LowerLegTheta=-0.785398185253143

[RightLeg]
ThighAlpha=0.0589048638939857
ThighTheta=0.157079637050629
LowerLegAlpha=0.0981747731566429
LowerLegTheta=-0.157079637050629
