[%General]
Highest=156
CenterX=29.7174776229894
CenterY=213.069839827714
XWidth=51

[LeftLeg]
ThighAlpha=-0.0589048638939857
ThighTheta=0.471238911151886
LowerLegAlpha=0.0392699092626572
LowerLegTheta=0.0785398185253143

[RightLeg]
ThighAlpha=0.0392699092626572
ThighTheta=-0.314159274101257
LowerLegAlpha=0.0196349546313286
LowerLegTheta=0
