[%General]
Highest=156
CenterX=34.555470104592
CenterY=62.5855612730018
XWidth=51

[LeftLeg]
ThighAlpha=-0.0392699092626572
ThighTheta=0.628318548202515
LowerLegAlpha=-0.0392699092626572
LowerLegTheta=0.314159274101257

[RightLeg]
ThighAlpha=0.0981747731566429
ThighTheta=-0.471238911151886
LowerLegAlpha=0.0589048638939857
LowerLegTheta=-0.628318548202515
