[%General]
Highest=157
CenterX=34.8606122108541
CenterY=52.4311888345196
XWidth=49

[LeftLeg]
ThighAlpha=-0.0392699092626572
ThighTheta=0.549778699874878
LowerLegAlpha=0
LowerLegTheta=0.471238911151886

[RightLeg]
ThighAlpha=0.0785398185253143
ThighTheta=-0.392699092626572
LowerLegAlpha=0.0196349546313286
LowerLegTheta=-0.471238911151886
