[%General]
Highest=160
CenterX=35.4890944415254
CenterY=23.5266926526473
XWidth=47

[LeftLeg]
ThighAlpha=-0.0785398185253143
ThighTheta=0.157079637050629
LowerLegAlpha=0.0392699092626572
LowerLegTheta=-0.706858336925507

[RightLeg]
ThighAlpha=0.0392699092626572
ThighTheta=0
LowerLegAlpha=0.0196349546313286
LowerLegTheta=0.0785398185253143
