[%General]
Highest=152
CenterX=30.7976615994143
CenterY=293.520089574092
XWidth=41

[LeftLeg]
ThighAlpha=-0.0392699092626572
ThighTheta=-0.157079637050629
LowerLegAlpha=-0.0785398185253143
LowerLegTheta=-0.0785398185253143

[RightLeg]
ThighAlpha=0
ThighTheta=0.628318548202515
LowerLegAlpha=0
LowerLegTheta=-0.314159274101257
