[%General]
Highest=154
CenterX=28.9315845075662
CenterY=157.93136131653
XWidth=54

[LeftLeg]
ThighAlpha=-0.0785398185253143
ThighTheta=-0.549778699874878
LowerLegAlpha=-0.0589048638939857
LowerLegTheta=-0.628318548202515

[RightLeg]
ThighAlpha=-0.0196349546313286
ThighTheta=0.628318548202515
LowerLegAlpha=0.0785398185253143
LowerLegTheta=0.314159274101257
