[%General]
Highest=173
CenterX=42.5196999284282
CenterY=19.8690853825559
XWidth=53

[LeftLeg]
ThighAlpha=-0.0785398185253143
ThighTheta=0.392699092626572
LowerLegAlpha=-0.0981747731566429
LowerLegTheta=0.392699092626572

[RightLeg]
ThighAlpha=0.0392699092626572
ThighTheta=0.314159274101257
LowerLegAlpha=-0.0392699092626572
LowerLegTheta=0.471238911151886
