[%General]
Highest=161
CenterX=40.4504467962191
CenterY=77.3735634303133
XWidth=59

[LeftLeg]
ThighAlpha=-0.0392699092626572
ThighTheta=-0.0785398185253143
LowerLegAlpha=-0.0981747731566429
LowerLegTheta=0

[RightLeg]
ThighAlpha=0.0785398185253143
ThighTheta=0.314159274101257
LowerLegAlpha=0.0981747731566429
LowerLegTheta=-0.706858336925507
