[%General]
Highest=156
CenterX=34.6598502830016
CenterY=189.578812095336
XWidth=61

[LeftLeg]
ThighAlpha=-0.0785398185253143
ThighTheta=0.471238911151886
LowerLegAlpha=-0.0392699092626572
LowerLegTheta=0.549778699874878

[RightLeg]
ThighAlpha=0.0392699092626572
ThighTheta=-0.549778699874878
LowerLegAlpha=-0.0196349546313286
LowerLegTheta=-0.235619455575943
