[%General]
Highest=156
CenterX=39.0052147583268
CenterY=113.588650891555
XWidth=61

[LeftLeg]
ThighAlpha=-0.0589048638939857
ThighTheta=-0.471238911151886
LowerLegAlpha=0
LowerLegTheta=-0.549778699874878

[RightLeg]
ThighAlpha=-0.0392699092626572
ThighTheta=0.549778699874878
LowerLegAlpha=-0.0196349546313286
LowerLegTheta=0.392699092626572
