[%General]
Highest=151
CenterX=32.38499555753
CenterY=279.865633792389
XWidth=54

[LeftLeg]
ThighAlpha=0
ThighTheta=-0.392699092626572
LowerLegAlpha=0
LowerLegTheta=-0.706858336925507

[RightLeg]
ThighAlpha=-0.0785398185253143
ThighTheta=0.628318548202515
LowerLegAlpha=0.0392699092626572
LowerLegTheta=0.157079637050629
