[%General]
Highest=156
CenterX=41.1373973468099
CenterY=40.5416403453359
XWidth=58

[LeftLeg]
ThighAlpha=-0.0785398185253143
ThighTheta=0.471238911151886
LowerLegAlpha=-0.0785398185253143
LowerLegTheta=0.314159274101257

[RightLeg]
ThighAlpha=0.0589048638939857
ThighTheta=-0.549778699874878
LowerLegAlpha=0.0392699092626572
LowerLegTheta=-0.471238911151886
