[%General]
Highest=156
CenterX=35.595409051349
CenterY=183.934861836379
XWidth=62

[LeftLeg]
ThighAlpha=-0.0785398185253143
ThighTheta=0.471238911151886
LowerLegAlpha=0
LowerLegTheta=0.628318548202515

[RightLeg]
ThighAlpha=0.0589048638939857
ThighTheta=-0.549778699874878
LowerLegAlpha=-0.0589048638939857
LowerLegTheta=-0.0785398185253143
