[%General]
Highest=156
CenterX=33.991338672119
CenterY=194.520134037599
XWidth=61

[LeftLeg]
ThighAlpha=-0.0785398185253143
ThighTheta=0.471238911151886
LowerLegAlpha=-0.0785398185253143
LowerLegTheta=0.471238911151886

[RightLeg]
ThighAlpha=0.0392699092626572
ThighTheta=-0.471238911151886
LowerLegAlpha=0
LowerLegTheta=-0.392699092626572
