[%General]
Highest=160
CenterX=38.2430389035208
CenterY=152.755323191425
XWidth=59

[LeftLeg]
ThighAlpha=-0.0196349546313286
ThighTheta=0.235619455575943
LowerLegAlpha=-0.0981747731566429
LowerLegTheta=-0.628318548202515

[RightLeg]
ThighAlpha=-0.0196349546313286
ThighTheta=0
LowerLegAlpha=0.0981747731566429
LowerLegTheta=0.157079637050629
