[%General]
Highest=154
CenterX=29.9027864162209
CenterY=256.148914666003
XWidth=56

[LeftLeg]
ThighAlpha=-0.0785398185253143
ThighTheta=-0.471238911151886
LowerLegAlpha=-0.0392699092626572
LowerLegTheta=-0.157079637050629

[RightLeg]
ThighAlpha=-0.0785398185253143
ThighTheta=0.471238911151886
LowerLegAlpha=-0.0981747731566429
LowerLegTheta=0.628318548202515
