[%General]
Highest=149
CenterX=33.6853437541904
CenterY=290.701664655288
XWidth=51

[LeftLeg]
ThighAlpha=0.0392699092626572
ThighTheta=-0.314159274101257
LowerLegAlpha=-0.0589048638939857
LowerLegTheta=-0.785398185253143

[RightLeg]
ThighAlpha=0.0196349546313286
ThighTheta=0.628318548202515
LowerLegAlpha=0
LowerLegTheta=-0.157079637050629
