[%General]
Highest=152
CenterX=31.4028296444728
CenterY=245.91108783435
XWidth=52

[LeftLeg]
ThighAlpha=-0.0392699092626572
ThighTheta=-0.314159274101257
LowerLegAlpha=-0.0196349546313286
LowerLegTheta=-0.785398185253143

[RightLeg]
ThighAlpha=0.0785398185253143
ThighTheta=0.392699092626572
LowerLegAlpha=0.0196349546313286
LowerLegTheta=0.235619455575943
