[%General]
Highest=156
CenterX=31.3753885536661
CenterY=171.191028219662
XWidth=53

[LeftLeg]
ThighAlpha=-0.0589048638939857
ThighTheta=0.471238911151886
LowerLegAlpha=-0.0981747731566429
LowerLegTheta=0.0785398185253143

[RightLeg]
ThighAlpha=0.0589048638939857
ThighTheta=-0.314159274101257
LowerLegAlpha=0.0785398185253143
LowerLegTheta=-0.785398185253143
