[%General]
Highest=155
CenterX=32.4395870953831
CenterY=145.637158720319
XWidth=55

[LeftLeg]
ThighAlpha=-0.0785398185253143
ThighTheta=0.471238911151886
LowerLegAlpha=-0.0981747731566429
LowerLegTheta=0.471238911151886

[RightLeg]
ThighAlpha=0.0981747731566429
ThighTheta=-0.471238911151886
LowerLegAlpha=0.0981747731566429
LowerLegTheta=-0.235619455575943
