[%General]
Highest=152
CenterX=31.1509487115751
CenterY=251.192078879775
XWidth=50

[LeftLeg]
ThighAlpha=0.0196349546313286
ThighTheta=-0.235619455575943
LowerLegAlpha=-0.0981747731566429
LowerLegTheta=-0.785398185253143

[RightLeg]
ThighAlpha=0.0392699092626572
ThighTheta=0.314159274101257
LowerLegAlpha=0.0392699092626572
LowerLegTheta=0.157079637050629
