[%General]
Highest=153
CenterX=31.1538854964198
CenterY=226.663246644555
XWidth=52

[LeftLeg]
ThighAlpha=-0.0785398185253143
ThighTheta=-0.392699092626572
LowerLegAlpha=-0.0785398185253143
LowerLegTheta=-0.392699092626572

[RightLeg]
ThighAlpha=0.0392699092626572
ThighTheta=0.471238911151886
LowerLegAlpha=0
LowerLegTheta=0.549778699874878
