[%General]
Highest=149
CenterX=32.4078221356702
CenterY=291.837318330989
XWidth=48

[LeftLeg]
ThighAlpha=-0.0981747731566429
ThighTheta=0.785398185253143
LowerLegAlpha=0.0196349546313286
LowerLegTheta=0.157079637050629

[RightLeg]
ThighAlpha=0.0785398185253143
ThighTheta=-0.314159274101257
LowerLegAlpha=0.0981747731566429
LowerLegTheta=-0.314159274101257
