[%General]
Highest=155
CenterX=32.887077302877
CenterY=137.412191582003
XWidth=58

[LeftLeg]
ThighAlpha=-0.0785398185253143
ThighTheta=0.471238911151886
LowerLegAlpha=-0.0981747731566429
LowerLegTheta=0.471238911151886

[RightLeg]
ThighAlpha=0.0981747731566429
ThighTheta=-0.392699092626572
LowerLegAlpha=0.0981747731566429
LowerLegTheta=-0.314159274101257
