[%General]
Highest=153
CenterX=33.3611526311734
CenterY=233.987549117806
XWidth=51

[LeftLeg]
ThighAlpha=-0.0392699092626572
ThighTheta=-0.314159274101257
LowerLegAlpha=-0.0196349546313286
LowerLegTheta=-0.785398185253143

[RightLeg]
ThighAlpha=0.0785398185253143
ThighTheta=0.392699092626572
LowerLegAlpha=0.0589048638939857
LowerLegTheta=0.235619455575943
