[%General]
Highest=158
CenterX=32.5382105490238
CenterY=174.863836155755
XWidth=54

[LeftLeg]
ThighAlpha=-0.0785398185253143
ThighTheta=0.235619455575943
LowerLegAlpha=-0.0981747731566429
LowerLegTheta=0

[RightLeg]
ThighAlpha=0.0981747731566429
ThighTheta=-0.314159274101257
LowerLegAlpha=0.0981747731566429
LowerLegTheta=0.706858336925507
