[%General]
Highest=153
CenterX=33.6356204077409
CenterY=243.282816634881
XWidth=50

[LeftLeg]
ThighAlpha=0.0392699092626572
ThighTheta=-0.235619455575943
LowerLegAlpha=-0.0785398185253143
LowerLegTheta=-0.785398185253143

[RightLeg]
ThighAlpha=0.0785398185253143
ThighTheta=0.314159274101257
LowerLegAlpha=0.0392699092626572
LowerLegTheta=0.0785398185253143
