[%General]
Highest=148
CenterX=34.0723891273247
CenterY=291.977377205532
XWidth=45

[LeftLeg]
ThighAlpha=-0.0785398185253143
ThighTheta=0.785398185253143
LowerLegAlpha=0
LowerLegTheta=0.0785398185253143

[RightLeg]
ThighAlpha=0.0981747731566429
ThighTheta=-0.392699092626572
LowerLegAlpha=0.0392699092626572
LowerLegTheta=-0.471238911151886
