[%General]
Highest=158
CenterX=33.0562852800695
CenterY=98.067371363439
XWidth=53

[LeftLeg]
ThighAlpha=0.0196349546313286
ThighTheta=-0.157079637050629
LowerLegAlpha=0.0196349546313286
LowerLegTheta=-0.785398185253143

[RightLeg]
ThighAlpha=0.0981747731566429
ThighTheta=0.235619455575943
LowerLegAlpha=0.0785398185253143
LowerLegTheta=0.0785398185253143
