[%General]
Highest=159
CenterX=32.1792865329918
CenterY=101.414934412543
XWidth=55

[LeftLeg]
ThighAlpha=0
ThighTheta=0
LowerLegAlpha=0
LowerLegTheta=-0.785398185253143

[RightLeg]
ThighAlpha=0.0981747731566429
ThighTheta=0.235619455575943
LowerLegAlpha=0.0981747731566429
LowerLegTheta=-0.0785398185253143
