[%General]
Highest=160
CenterX=40.6747214223113
CenterY=11.2605066566504
XWidth=50

[LeftLeg]
ThighAlpha=0.0392699092626572
ThighTheta=0
LowerLegAlpha=-0.0981747731566429
LowerLegTheta=-0.235619455575943

[RightLeg]
ThighAlpha=-0.0392699092626572
ThighTheta=-0.157079637050629
LowerLegAlpha=0.0981747731566429
LowerLegTheta=0.0785398185253143
