[%General]
Highest=159
CenterX=41.1206178365372
CenterY=152.274663010013
XWidth=58

[LeftLeg]
ThighAlpha=0.0196349546313286
ThighTheta=0.0785398185253143
LowerLegAlpha=-0.0196349546313286
LowerLegTheta=-0.785398185253143

[RightLeg]
ThighAlpha=0.0196349546313286
ThighTheta=0.157079637050629
LowerLegAlpha=0.0589048638939857
LowerLegTheta=0.157079637050629
