[%General]
Highest=157
CenterX=33.8536895097283
CenterY=248.686380334709
XWidth=60

[LeftLeg]
ThighAlpha=-0.0785398185253143
ThighTheta=-0.235619455575943
LowerLegAlpha=-0.0981747731566429
LowerLegTheta=0

[RightLeg]
ThighAlpha=-0.0785398185253143
ThighTheta=0.471238911151886
LowerLegAlpha=0.0589048638939857
LowerLegTheta=-0.0785398185253143
