[%General]
Highest=153
CenterX=33.0993514710535
CenterY=261.359807023094
XWidth=56

[LeftLeg]
ThighAlpha=-0.0785398185253143
ThighTheta=-0.471238911151886
LowerLegAlpha=-0.0392699092626572
LowerLegTheta=-0.0785398185253143

[RightLeg]
ThighAlpha=-0.0785398185253143
ThighTheta=0.471238911151886
LowerLegAlpha=-0.0785398185253143
LowerLegTheta=0.628318548202515
