[%General]
Highest=159
CenterX=40.7623242395384
CenterY=147.651896252311
XWidth=60

[LeftLeg]
ThighAlpha=-0.0392699092626572
ThighTheta=-0.157079637050629
LowerLegAlpha=0
LowerLegTheta=-0.785398185253143

[RightLeg]
ThighAlpha=0
ThighTheta=0.314159274101257
LowerLegAlpha=0.0785398185253143
LowerLegTheta=0.0785398185253143
