[%General]
Highest=145
CenterX=34.1351769911504
CenterY=299.987449718423
XWidth=46

[LeftLeg]
ThighAlpha=-0.0196349546313286
ThighTheta=-0.235619455575943
LowerLegAlpha=-0.0981747731566429
LowerLegTheta=-0.785398185253143

[RightLeg]
ThighAlpha=0
ThighTheta=0.706858336925507
LowerLegAlpha=-0.0785398185253143
LowerLegTheta=-0.392699092626572
