[%General]
Highest=160
CenterX=40.3208244596216
CenterY=172.785537685736
XWidth=61

[LeftLeg]
ThighAlpha=-0.0785398185253143
ThighTheta=0.471238911151886
LowerLegAlpha=0.0589048638939857
LowerLegTheta=0.157079637050629

[RightLeg]
ThighAlpha=0.0392699092626572
ThighTheta=-0.314159274101257
LowerLegAlpha=0
LowerLegTheta=0.0785398185253143
