[%General]
Highest=161
CenterX=39.3620805369127
CenterY=71.9535123042506
XWidth=61

[LeftLeg]
ThighAlpha=-0.0392699092626572
ThighTheta=0.157079637050629
LowerLegAlpha=-0.0785398185253143
LowerLegTheta=0.0785398185253143

[RightLeg]
ThighAlpha=0.0981747731566429
ThighTheta=0
LowerLegAlpha=0.0981747731566429
LowerLegTheta=-0.706858336925507
