[%General]
Highest=160
CenterX=39.816171648084
CenterY=67.9288039913801
XWidth=62

[LeftLeg]
ThighAlpha=-0.0606898590922356
ThighTheta=0.259079456329346
LowerLegAlpha=-0.0321299210190773
LowerLegTheta=0.0333199612796307

[RightLeg]
ThighAlpha=0.121379725635052
ThighTheta=-0.0197199191898108
LowerLegAlpha=0.0606898665428162
LowerLegTheta=-0.926837861537933
