[%General]
Highest=159
CenterX=40.02473061524
CenterY=176.914595053877
XWidth=62

[LeftLeg]
ThighAlpha=-0.0999597683548927
ThighTheta=0.484838932752609
LowerLegAlpha=0.021419957280159
LowerLegTheta=0.378759175539017

[RightLeg]
ThighAlpha=0.0856798067688942
ThighTheta=-0.371959120035172
LowerLegAlpha=-0.0856797993183136
LowerLegTheta=0.0333199612796307
