[%General]
Highest=155
CenterX=39.4312974498071
CenterY=118.567584881486
XWidth=61

[LeftLeg]
ThighAlpha=-0.0392699092626572
ThighTheta=-0.567798674106598
LowerLegAlpha=0.021419957280159
LowerLegTheta=-0.408679038286209

[RightLeg]
ThighAlpha=0.0249899476766586
ThighTheta=0.567798733711243
LowerLegAlpha=-0.0856797993183136
LowerLegTheta=0.551478803157806
