[%General]
Highest=159
CenterX=40.7623242395384
CenterY=147.651896252311
XWidth=60

[LeftLeg]
ThighAlpha=-0.00713998079299927
ThighTheta=0.0333199612796307
LowerLegAlpha=-0.0142799615859985
LowerLegTheta=-1.09955739974976

[RightLeg]
ThighAlpha=0.0285599380731583
ThighTheta=0.342039257287979
LowerLegAlpha=0.021419957280159
LowerLegTheta=0.0265199784189463
