[%General]
Highest=156
CenterX=33.0839078773654
CenterY=257.233517513406
XWidth=55

[LeftLeg]
ThighAlpha=-0.117809727787971
ThighTheta=-0.461718916893005
LowerLegAlpha=-0.0499798804521561
LowerLegTheta=0.0401199460029602

[RightLeg]
ThighAlpha=-0.0785398185253143
ThighTheta=0.484838932752609
LowerLegAlpha=-0.0999597683548927
LowerLegTheta=0.49163892865181
