[%General]
Highest=158
CenterX=34.8161575112108
CenterY=235.126513452915
XWidth=59

[LeftLeg]
ThighAlpha=-0.117809727787971
ThighTheta=-0.0333198830485344
LowerLegAlpha=-0.0678298398852348
LowerLegTheta=0.235959500074387

[RightLeg]
ThighAlpha=0.0142799690365791
ThighTheta=0.31891930103302
LowerLegAlpha=0.13922968506813
LowerLegTheta=-0.81395810842514
