[%General]
Highest=158
CenterX=40.7000455701413
CenterY=139.009202228527
XWidth=60

[LeftLeg]
ThighAlpha=-0.00713998079299927
ThighTheta=-0.282199323177338
LowerLegAlpha=0.00356999784708023
LowerLegTheta=-0.926837861537933

[RightLeg]
ThighAlpha=0.0499798879027367
ThighTheta=0.478038966655731
LowerLegAlpha=-0.0107099711894989
LowerLegTheta=0.070039875805378
