[%General]
Highest=159
CenterX=34.7346008038081
CenterY=239.797166718924
XWidth=60

[LeftLeg]
ThighAlpha=-0.117809727787971
ThighTheta=-0.0863597691059113
LowerLegAlpha=-0.13922968506813
LowerLegTheta=0.169319659471512

[RightLeg]
ThighAlpha=0.0142799690365791
ThighTheta=0.484838932752609
LowerLegAlpha=0.0606898665428162
LowerLegTheta=-0.754118263721466
