[%General]
Highest=160
CenterX=40.3208244596216
CenterY=172.785537685736
XWidth=61

[LeftLeg]
ThighAlpha=-0.0606898590922356
ThighTheta=0.484838932752609
LowerLegAlpha=0.021419957280159
LowerLegTheta=0.123079754412174

[RightLeg]
ThighAlpha=0.046409897506237
ThighTheta=-0.288999319076538
LowerLegAlpha=-0.0142799615859985
LowerLegTheta=0.0564399100840092
