[%General]
Highest=160
CenterX=40.5764442262422
CenterY=160.850183164017
XWidth=60

[LeftLeg]
ThighAlpha=0.0249899476766586
ThighTheta=0.259079456329346
LowerLegAlpha=-0.117809727787971
LowerLegTheta=-0.514758765697479

[RightLeg]
ThighAlpha=0.0142799690365791
ThighTheta=-0.0333198830485344
LowerLegAlpha=0.0606898665428162
LowerLegTheta=0.070039875805378
