[%General]
Highest=150
CenterX=33.5072034202774
CenterY=273.77441258892
XWidth=55

[LeftLeg]
ThighAlpha=-0.117809727787971
ThighTheta=-0.491638839244843
LowerLegAlpha=-0.0142799615859985
LowerLegTheta=-0.365159124135971

[RightLeg]
ThighAlpha=-0.117809727787971
ThighTheta=0.627638638019562
LowerLegAlpha=0.00713998824357986
LowerLegTheta=0.551478803157806
