[%General]
Highest=156
CenterX=37.7361712294114
CenterY=205.744561245714
XWidth=58

[LeftLeg]
ThighAlpha=-0.0785398185253143
ThighTheta=0.514758884906769
LowerLegAlpha=-0.0642598494887352
LowerLegTheta=0.342039257287979

[RightLeg]
ThighAlpha=0.0499798879027367
ThighTheta=-0.431798994541168
LowerLegAlpha=0.00356999784708023
LowerLegTheta=-0.454918920993805
