[%General]
Highest=157
CenterX=35.3633894310228
CenterY=230.415875023354
XWidth=58

[LeftLeg]
ThighAlpha=-0.117809727787971
ThighTheta=0.169319659471512
LowerLegAlpha=0.00356999784708023
LowerLegTheta=0.152999684214592

[RightLeg]
ThighAlpha=0.046409897506237
ThighTheta=0.176119640469551
LowerLegAlpha=0.021419957280159
LowerLegTheta=-0.956757783889771
