[%General]
Highest=161
CenterX=40.9390475684153
CenterY=13.8388867475644
XWidth=52

[LeftLeg]
ThighAlpha=-0.0214199498295784
ThighTheta=0.229159519076347
LowerLegAlpha=0.00356999784708023
LowerLegTheta=-0.288999319076538

[RightLeg]
ThighAlpha=-0.0392699092626572
ThighTheta=-0.229159444570541
LowerLegAlpha=0.0107099786400795
LowerLegTheta=-0.0265199020504951
