[%General]
Highest=159
CenterX=41.1206178365372
CenterY=152.274663010013
XWidth=58

[LeftLeg]
ThighAlpha=-0.0285599306225777
ThighTheta=0.0863598436117172
LowerLegAlpha=-0.0285599306225777
LowerLegTheta=-1.06963741779327

[RightLeg]
ThighAlpha=0.0499798879027367
ThighTheta=0.199239581823349
LowerLegAlpha=0.021419957280159
LowerLegTheta=0.0931598246097565
