[%General]
Highest=158
CenterX=41.8351142715899
CenterY=25.6749565856688
XWidth=53

[LeftLeg]
ThighAlpha=-0.0428398996591568
ThighTheta=0.454919010400772
LowerLegAlpha=0.021419957280159
LowerLegTheta=0.212839543819427

[RightLeg]
ThighAlpha=0.103529766201973
ThighTheta=-0.454918920993805
LowerLegAlpha=-0.121379718184471
LowerLegTheta=-0.146199628710747
