[%General]
Highest=156
CenterX=36.6838587450743
CenterY=216.467444680206
XWidth=59

[LeftLeg]
ThighAlpha=-0.0785398185253143
ThighTheta=0.46171897649765
LowerLegAlpha=-0.0856797993183136
LowerLegTheta=0.109479792416096

[RightLeg]
ThighAlpha=0.0321299284696579
ThighTheta=-0.2522794008255
LowerLegAlpha=0.00713998824357986
LowerLegTheta=-0.754118263721466
