[%General]
Highest=161
CenterX=39.1557577156183
CenterY=76.3580459839918
XWidth=60

[LeftLeg]
ThighAlpha=-0.0785398185253143
ThighTheta=0.00340002961456776
LowerLegAlpha=0.00356999784708023
LowerLegTheta=0.109479792416096

[RightLeg]
ThighAlpha=0.13922968506813
ThighTheta=0.0931598246097565
LowerLegAlpha=-0.024989940226078
LowerLegTheta=-0.67115843296051
