[%General]
Highest=157
CenterX=34.211700899368
CenterY=244.81277345649
XWidth=61

[LeftLeg]
ThighAlpha=-0.117809727787971
ThighTheta=-0.146199628710747
LowerLegAlpha=-0.0856797993183136
LowerLegTheta=0.0632398948073387

[RightLeg]
ThighAlpha=-0.024989940226078
ThighTheta=0.514758884906769
LowerLegAlpha=0.021419957280159
LowerLegTheta=-0.454918920993805
