[%General]
Highest=156
CenterX=37.2378716051571
CenterY=211.165123388419
XWidth=59

[LeftLeg]
ThighAlpha=-0.157079637050629
ThighTheta=0.484838932752609
LowerLegAlpha=0.021419957280159
LowerLegTheta=0.229159519076347

[RightLeg]
ThighAlpha=0.0499798879027367
ThighTheta=-0.401879042387009
LowerLegAlpha=0.00713998824357986
LowerLegTheta=-0.544678747653961
