[%General]
Highest=156
CenterX=38.6179720075426
CenterY=195.87303800494
XWidth=59

[LeftLeg]
ThighAlpha=-0.117809727787971
ThighTheta=0.537878811359406
LowerLegAlpha=-0.0107099711894989
LowerLegTheta=0.49163892865181

[RightLeg]
ThighAlpha=0.0499798879027367
ThighTheta=-0.484838873147964
LowerLegAlpha=0.0249899476766586
LowerLegTheta=-0.259079366922379
