[%General]
Highest=156
CenterX=38.908426137126
CenterY=191.618113511338
XWidth=59

[LeftLeg]
ThighAlpha=-0.0785398185253143
ThighTheta=0.514758884906769
LowerLegAlpha=-0.0285599306225777
LowerLegTheta=0.574598729610443

[RightLeg]
ThighAlpha=0.0321299284696579
ThighTheta=-0.491638839244843
LowerLegAlpha=-0.0142799615859985
LowerLegTheta=-0.162519589066505
