[%General]
Highest=152
CenterX=33.3163251968761
CenterY=265.435153416332
XWidth=55

[LeftLeg]
ThighAlpha=-0.157079637050629
ThighTheta=-0.484838873147964
LowerLegAlpha=0.021419957280159
LowerLegTheta=-0.176119565963745

[RightLeg]
ThighAlpha=-0.0606898590922356
ThighTheta=0.507958889007568
LowerLegAlpha=-0.13922968506813
LowerLegTheta=0.694278478622437
