[%General]
Highest=155
CenterX=38.3529651241688
CenterY=200.567051160266
XWidth=59

[LeftLeg]
ThighAlpha=-0.117809727787971
ThighTheta=0.544678807258606
LowerLegAlpha=-0.0285599306225777
LowerLegTheta=0.401879131793976

[RightLeg]
ThighAlpha=0.046409897506237
ThighTheta=-0.461718916893005
LowerLegAlpha=0.021419957280159
LowerLegTheta=-0.365159124135971
