[%General]
Highest=157
CenterX=39.0228165300936
CenterY=109.099311019609
XWidth=61

[LeftLeg]
ThighAlpha=-0.0428398996591568
ThighTheta=-0.491638839244843
LowerLegAlpha=0.00713998824357986
LowerLegTheta=-0.335239201784134

[RightLeg]
ThighAlpha=-0.00356999039649963
ThighTheta=0.484838932752609
LowerLegAlpha=-0.0678298398852348
LowerLegTheta=0.581398725509644
