[%General]
Highest=158
CenterX=40.9280248898416
CenterY=143.486661903061
XWidth=60

[LeftLeg]
ThighAlpha=-0.024989940226078
ThighTheta=-0.139399647712708
LowerLegAlpha=0.00356999784708023
LowerLegTheta=-1.06963741779327

[RightLeg]
ThighAlpha=0.0499798879027367
ThighTheta=0.401879131793976
LowerLegAlpha=0.00356999784708023
LowerLegTheta=0.0863598436117172
