[%General]
CenterX=29.5684261421503
CenterY=99.5644449473803
Highest=161
XWidth=54

[LeftLeg]
LowerLegAlpha=-0.103529758751392
LowerLegTheta=0.0102000124752522
ThighAlpha=-0.0606898590922356
ThighTheta=-0.010199936106801

[RightLeg]
LowerLegAlpha=0.021419957280159
LowerLegTheta=-1.03971755504608
ThighAlpha=0.0856798067688942
ThighTheta=0.288999378681183
