[%General]
CenterX=30.2576305477716
CenterY=201.615013429764
Highest=155
XWidth=60

[LeftLeg]
LowerLegAlpha=-0.0678298398852348
LowerLegTheta=0.229159519076347
ThighAlpha=-0.0392699092626572
ThighTheta=0.567798733711243

[RightLeg]
LowerLegAlpha=0.0606898665428162
LowerLegTheta=-0.484838873147964
ThighAlpha=0.103529766201973
ThighTheta=-0.371959120035172
