[%General]
CenterX=28.2671976346177
CenterY=299.851098118083
Highest=149
XWidth=47

[LeftLeg]
LowerLegAlpha=0.00356999784708023
LowerLegTheta=-0.926837861537933
ThighAlpha=-0.0785398185253143
ThighTheta=0.0632398948073387

[RightLeg]
LowerLegAlpha=-0.0785398185253143
LowerLegTheta=-0.222359463572502
ThighAlpha=0.13922968506813
ThighTheta=0.252279460430145
