[%General]
CenterX=26.486719301624
CenterY=227.481199050003
Highest=157
XWidth=52

[LeftLeg]
LowerLegAlpha=0.0392699092626572
LowerLegTheta=0.0785398185253143
ThighAlpha=-0.117809727787971
ThighTheta=0.235619455575943

[RightLeg]
LowerLegAlpha=0.0392699092626572
LowerLegTheta=0.117809727787971
ThighAlpha=0.353429168462753
ThighTheta=0.235619455575943
