[%General]
CenterX=29.9115319148936
CenterY=139.254957446809
Highest=157
XWidth=57

[LeftLeg]
LowerLegAlpha=-0.0678298398852348
LowerLegTheta=-0.534705400466919
ThighAlpha=-0.00713998079299927
ThighTheta=-0.391905754804611

[RightLeg]
LowerLegAlpha=-0.0856797993183136
LowerLegTheta=0.31891930103302
ThighAlpha=0.0856798067688942
ThighTheta=0.46489229798317
