[%General]
CenterX=29.4023845918679
CenterY=210.060140629777
Highest=156
XWidth=58

[LeftLeg]
LowerLegAlpha=0.0392699092626572
LowerLegTheta=0.157079637050629
ThighAlpha=-0.117809727787971
ThighTheta=0.510508835315704

[RightLeg]
LowerLegAlpha=0.0392699092626572
LowerLegTheta=-0.746128261089325
ThighAlpha=0.0785398185253143
ThighTheta=-0.274889349937439
