[%General]
CenterX=28.3703803107974
CenterY=302.888107571325
Highest=148
XWidth=47

[LeftLeg]
LowerLegAlpha=0.392699092626572
LowerLegTheta=-0.314159274101257
ThighAlpha=-0.235619455575943
ThighTheta=0.314159274101257

[RightLeg]
LowerLegAlpha=-0.196349546313286
LowerLegTheta=-0.196349546313286
ThighAlpha=0.196349546313286
ThighTheta=0.157079637050629
