[%General]
CenterX=25.8896064279219
CenterY=235.443220407271
Highest=160
XWidth=53

[LeftLeg]
LowerLegAlpha=-0.157079637050629
LowerLegTheta=0.18291962146759
ThighAlpha=-0.00713998079299927
ThighTheta=-0.0632398128509521

[RightLeg]
LowerLegAlpha=-0.117809727787971
LowerLegTheta=-0.627638518810272
ThighAlpha=0.0856798067688942
ThighTheta=0.0863598436117172
