[%General]
CenterX=30.8361450727956
CenterY=84.8860327472243
Highest=159
XWidth=57

[LeftLeg]
LowerLegAlpha=-0.121379718184471
LowerLegTheta=0.179292947053909
ThighAlpha=0.0107099786400795
ThighTheta=0.252279460430145

[RightLeg]
LowerLegAlpha=0.0249899476766586
LowerLegTheta=-0.744144916534424
ThighAlpha=0.13922968506813
ThighTheta=-0.2522794008255
