[%General]
CenterX=33.5717836986985
CenterY=36.3413156985449
Highest=161
XWidth=55

[LeftLeg]
LowerLegAlpha=-0.117809727787971
LowerLegTheta=-0.471238911151886
ThighAlpha=0.0785398185253143
ThighTheta=0.235619455575943

[RightLeg]
LowerLegAlpha=0.196349546313286
LowerLegTheta=-0.157079637050629
ThighAlpha=0.0785398185253143
ThighTheta=-0.0785398185253143
