[%General]
CenterX=29.8645712027949
CenterY=114.669969638995
Highest=160
XWidth=57

[LeftLeg]
LowerLegAlpha=-0.0392699092626572
LowerLegTheta=-0.157079637050629
ThighAlpha=-0.0785398185253143
ThighTheta=-0.235619455575943

[RightLeg]
LowerLegAlpha=0.0785398185253143
LowerLegTheta=0
ThighAlpha=-0.0392699092626572
ThighTheta=0.392699092626572
