[%General]
CenterX=29.1697052662145
CenterY=312.338249019974
Highest=140
XWidth=43

[LeftLeg]
LowerLegAlpha=-0.0785398185253143
LowerLegTheta=-0.785398185253143
ThighAlpha=-0.0981747731566429
ThighTheta=0.589048624038696

[RightLeg]
LowerLegAlpha=0.0981747731566429
LowerLegTheta=-0.117809727787971
ThighAlpha=0.0392699092626572
ThighTheta=-0.117809727787971
