[%General]
CenterX=33.5717836986985
CenterY=36.3413156985449
Highest=161
XWidth=55

[LeftLeg]
LowerLegAlpha=-0.0589048638939857
LowerLegTheta=-0.431968986988068
ThighAlpha=0.0589048638939857
ThighTheta=0.235619455575943

[RightLeg]
LowerLegAlpha=0.0981747731566429
LowerLegTheta=0
ThighAlpha=0.0785398185253143
ThighTheta=-0.117809727787971
