[%General]
CenterX=30.7523982687846
CenterY=193.495448866679
Highest=156
XWidth=61

[LeftLeg]
LowerLegAlpha=0.0392699092626572
LowerLegTheta=0.431968986988068
ThighAlpha=-0.117809727787971
ThighTheta=0.510508835315704

[RightLeg]
LowerLegAlpha=0
LowerLegTheta=-0.196349546313286
ThighAlpha=0.117809727787971
ThighTheta=-0.431968986988068
