[%General]
CenterX=29.8114459992824
CenterY=135.107579307288
Highest=157
XWidth=57

[LeftLeg]
LowerLegAlpha=0
LowerLegTheta=-0.549778699874878
ThighAlpha=-0.0785398185253143
ThighTheta=-0.353429168462753

[RightLeg]
LowerLegAlpha=0.0392699092626572
LowerLegTheta=0.353429168462753
ThighAlpha=-0.0196349546313286
ThighTheta=0.510508835315704
