[%General]
CenterX=29.8516653229606
CenterY=118.386359115039
Highest=160
XWidth=58

[LeftLeg]
LowerLegAlpha=0
LowerLegTheta=-0.0392699092626572
ThighAlpha=-0.117809727787971
ThighTheta=-0.392699092626572

[RightLeg]
LowerLegAlpha=-0.0785398185253143
LowerLegTheta=0.196349546313286
ThighAlpha=0.0392699092626572
ThighTheta=0.392699092626572
