[%General]
CenterX=30.3395291201983
CenterY=88.6291106662854
Highest=160
XWidth=56

[LeftLeg]
LowerLegAlpha=-0.157079637050629
LowerLegTheta=0.0333199352025986
ThighAlpha=0.046409897506237
ThighTheta=0.249106109142303

[RightLeg]
LowerLegAlpha=0.0821098163723946
LowerLegTheta=-0.464892268180847
ThighAlpha=0.0285599380731583
ThighTheta=-0.391905754804611
