[%General]
CenterX=26.0617630271898
CenterY=238.932371549662
Highest=158
XWidth=54

[LeftLeg]
LowerLegAlpha=-0.353429168462753
LowerLegTheta=0.0785398185253143
ThighAlpha=-0.157079637050629
ThighTheta=-0.117809727787971

[RightLeg]
LowerLegAlpha=0.392699092626572
LowerLegTheta=-0.157079637050629
ThighAlpha=-0.0392699092626572
ThighTheta=0.117809727787971
