[%General]
CenterX=30.8718060875039
CenterY=182.396274524447
Highest=159
XWidth=62

[LeftLeg]
LowerLegAlpha=0.0981747731566429
LowerLegTheta=0.235619455575943
ThighAlpha=-0.0981747731566429
ThighTheta=0.431968986988068

[RightLeg]
LowerLegAlpha=0.0196349546313286
LowerLegTheta=-0.0392699092626572
ThighAlpha=0.0981747731566429
ThighTheta=-0.314159274101257
