[%General]
CenterX=27.407080211716
CenterY=223.444194430949
Highest=158
XWidth=54

[LeftLeg]
LowerLegAlpha=-0.0321299210190773
LowerLegTheta=0.315745949745178
ThighAlpha=-0.0606898590922356
ThighTheta=0.18246628344059

[RightLeg]
LowerLegAlpha=0.00356999784708023
LowerLegTheta=-0.817131459712982
ThighAlpha=0.0285599380731583
ThighTheta=-0.109479740262032
