[%General]
CenterX=30.8536677590118
CenterY=178.89244601294
Highest=159
XWidth=60

[LeftLeg]
LowerLegAlpha=0.00356999784708023
LowerLegTheta=0.106306441128254
ThighAlpha=-0.024989940226078
ThighTheta=0.391905784606934

[RightLeg]
LowerLegAlpha=0.021419957280159
LowerLegTheta=-0.030146561563015
ThighAlpha=0.0856798067688942
ThighTheta=-0.2522794008255
