[%General]
CenterX=31.0112470659828
CenterY=185.856320090411
Highest=158
XWidth=62

[LeftLeg]
LowerLegAlpha=0.00356999784708023
LowerLegTheta=0.342039257287979
ThighAlpha=-0.0392699092626572
ThighTheta=0.454919010400772

[RightLeg]
LowerLegAlpha=-0.0142799615859985
LowerLegTheta=-0.0564398318529129
ThighAlpha=0.121379725635052
ThighTheta=-0.371959120035172
