[%General]
CenterX=30.2576305477716
CenterY=201.615013429764
Highest=155
XWidth=60

[LeftLeg]
LowerLegAlpha=-0.0856797993183136
LowerLegTheta=0.249106109142303
ThighAlpha=-0.0214199498295784
ThighTheta=0.537878811359406

[RightLeg]
LowerLegAlpha=-0.0107099711894989
LowerLegTheta=-0.325265914201736
ThighAlpha=0.13922968506813
ThighTheta=-0.461718916893005
