[%General]
CenterX=29.8645712027949
CenterY=114.669969638995
Highest=160
XWidth=57

[LeftLeg]
LowerLegAlpha=-0.0642598494887352
LowerLegTheta=-0.112653076648712
ThighAlpha=-0.082109808921814
ThighTheta=-0.249106079339981

[RightLeg]
LowerLegAlpha=0.021419957280159
LowerLegTheta=-0.112653076648712
ThighAlpha=-0.0392699092626572
ThighTheta=0.46489229798317
