[%General]
CenterX=25.8896064279219
CenterY=235.443220407271
Highest=160
XWidth=53

[LeftLeg]
LowerLegAlpha=-0.196349546313286
LowerLegTheta=0.117809727787971
ThighAlpha=0
ThighTheta=-0.0392699092626572

[RightLeg]
LowerLegAlpha=0.0785398185253143
LowerLegTheta=-0.117809727787971
ThighAlpha=0.235619455575943
ThighTheta=0.157079637050629
