[%General]
CenterX=30.7523982687846
CenterY=193.495448866679
Highest=156
XWidth=61

[LeftLeg]
LowerLegAlpha=0.00356999784708023
LowerLegTheta=0.388732463121414
ThighAlpha=-0.0999597683548927
ThighTheta=0.534705460071564

[RightLeg]
LowerLegAlpha=-0.0142799615859985
LowerLegTheta=-0.10313306748867
ThighAlpha=0.121379725635052
ThighTheta=-0.464892268180847
