[%General]
CenterX=27.407080211716
CenterY=223.444194430949
Highest=158
XWidth=54

[LeftLeg]
LowerLegAlpha=0.0785398185253143
LowerLegTheta=0.0785398185253143
ThighAlpha=-0.117809727787971
ThighTheta=0.314159274101257

[RightLeg]
LowerLegAlpha=0.0392699092626572
LowerLegTheta=-0.785398185253143
ThighAlpha=0
ThighTheta=-0.157079637050629
