[%General]
CenterX=30.8968110117969
CenterY=175.538399395138
Highest=162
XWidth=62

[LeftLeg]
LowerLegAlpha=-0.0678298398852348
LowerLegTheta=-0.255452752113342
ThighAlpha=-0.0107099711894989
ThighTheta=0.395079135894775

[RightLeg]
LowerLegAlpha=0.00713998824357986
LowerLegTheta=0.0364932715892792
ThighAlpha=0.103529766201973
ThighTheta=-0.176119565963745
