[%General]
CenterX=30.6965490171774
CenterY=164.71407765486
Highest=160
XWidth=61

[LeftLeg]
LowerLegAlpha=0.0428399071097374
LowerLegTheta=-0.342039197683334
ThighAlpha=-0.0785398185253143
ThighTheta=-0.0564398318529129

[RightLeg]
LowerLegAlpha=0.121379725635052
LowerLegTheta=-0.146199628710747
ThighAlpha=0.0142799690365791
ThighTheta=0.176119640469551
