[%General]
CenterX=31.283559479755
CenterY=80.7470622605986
Highest=159
XWidth=58

[LeftLeg]
LowerLegAlpha=0.0196349546313286
LowerLegTheta=0.0392699092626572
ThighAlpha=-0.0981747731566429
ThighTheta=0.431968986988068

[RightLeg]
LowerLegAlpha=0.0981747731566429
LowerLegTheta=-0.785398185253143
ThighAlpha=0.0981747731566429
ThighTheta=-0.196349546313286
