[%General]
CenterX=29.5684261421503
CenterY=99.5644449473803
Highest=161
XWidth=54

[LeftLeg]
LowerLegAlpha=-0.103529758751392
LowerLegTheta=0.030146598815918
ThighAlpha=-0.0606898590922356
ThighTheta=-0.030146561563015

[RightLeg]
LowerLegAlpha=-0.0142799615859985
LowerLegTheta=-1.02974426746368
ThighAlpha=0.103529766201973
ThighTheta=0.249106109142303
