[%General]
CenterX=33.4705748499588
CenterY=32.384977861213
Highest=161
XWidth=53

[LeftLeg]
LowerLegAlpha=0.021419957280159
LowerLegTheta=-0.498438835144043
ThighAlpha=-0.0107099711894989
ThighTheta=0.0632398948073387

[RightLeg]
LowerLegAlpha=0.0606898665428162
LowerLegTheta=-0.0931597501039505
ThighAlpha=0.0856798067688942
ThighTheta=0.00340002961456776
