[%General]
CenterX=26.4242672119973
CenterY=279.069665985003
Highest=153
XWidth=48

[LeftLeg]
LowerLegAlpha=0
LowerLegTheta=-0.549778699874878
ThighAlpha=-0.0589048638939857
ThighTheta=-0.353429168462753

[RightLeg]
LowerLegAlpha=0
LowerLegTheta=0.196349546313286
ThighAlpha=0
ThighTheta=0.471238911151886
