[%General]
CenterX=26.0783030842308
CenterY=246.663011475903
Highest=158
XWidth=55

[LeftLeg]
LowerLegAlpha=-0.0392699092626572
LowerLegTheta=0
ThighAlpha=-0.117809727787971
ThighTheta=-0.196349546313286

[RightLeg]
LowerLegAlpha=0.0785398185253143
LowerLegTheta=-0.392699092626572
ThighAlpha=0
ThighTheta=0.471238911151886
