[%General]
CenterX=31.283559479755
CenterY=80.7470622605986
Highest=159
XWidth=58

[LeftLeg]
LowerLegAlpha=-0.0499798804521561
LowerLegTheta=0.106306441128254
ThighAlpha=-0.0606898590922356
ThighTheta=0.391905784606934

[RightLeg]
LowerLegAlpha=0.0428399071097374
LowerLegTheta=-0.820304751396179
ThighAlpha=0.13922968506813
ThighTheta=-0.249106079339981
