[%General]
CenterX=30.6407926263302
CenterY=161.274904483347
Highest=160
XWidth=60

[LeftLeg]
LowerLegAlpha=-0.157079637050629
LowerLegTheta=-1.03971755504608
ThighAlpha=-0.0785398185253143
ThighTheta=0.109479792416096

[RightLeg]
LowerLegAlpha=0.00356999784708023
LowerLegTheta=0.00340002961456776
ThighAlpha=0.0642598569393158
ThighTheta=0.199239581823349
