[%General]
CenterX=25.6425584489641
CenterY=270.277025008825
Highest=154
XWidth=51

[LeftLeg]
LowerLegAlpha=-0.0196349546313286
LowerLegTheta=-0.235619455575943
ThighAlpha=-0.0785398185253143
ThighTheta=-0.471238911151886

[RightLeg]
LowerLegAlpha=0
LowerLegTheta=0.471238911151886
ThighAlpha=-0.0392699092626572
ThighTheta=0.471238911151886
