[%General]
CenterX=33.4705748499588
CenterY=32.384977861213
Highest=161
XWidth=53

[LeftLeg]
LowerLegAlpha=-0.0142799615859985
LowerLegTheta=-0.52835875749588
ThighAlpha=0.0249899476766586
ThighTheta=0.103133104741573

[RightLeg]
LowerLegAlpha=0.00713998824357986
LowerLegTheta=-0.24275940656662
ThighAlpha=0.13922968506813
ThighTheta=0.103133104741573
