[%General]
CenterX=25.6425584489641
CenterY=270.277025008825
Highest=154
XWidth=51

[LeftLeg]
LowerLegAlpha=0
LowerLegTheta=-0.314159274101257
ThighAlpha=-0.0981747731566429
ThighTheta=-0.431968986988068

[RightLeg]
LowerLegAlpha=0.0196349546313286
LowerLegTheta=0.431968986988068
ThighAlpha=-0.0392699092626572
ThighTheta=0.471238911151886
