[%General]
CenterX=30.6965490171774
CenterY=164.71407765486
Highest=160
XWidth=61

[LeftLeg]
LowerLegAlpha=0.0428399071097374
LowerLegTheta=-0.322092592716217
ThighAlpha=-0.0785398185253143
ThighTheta=-0.0364932343363762

[RightLeg]
LowerLegAlpha=0.121379725635052
LowerLegTheta=-0.176119565963745
ThighAlpha=0.0142799690365791
ThighTheta=0.176119610667229
