[%General]
CenterX=25.4345858639792
CenterY=266.617766802376
Highest=153
XWidth=52

[LeftLeg]
LowerLegAlpha=-0.0392699092626572
LowerLegTheta=-0.196349546313286
ThighAlpha=-0.0785398185253143
ThighTheta=-0.471238911151886

[RightLeg]
LowerLegAlpha=-0.0589048638939857
LowerLegTheta=0.549778699874878
ThighAlpha=-0.0196349546313286
ThighTheta=0.471238911151886
