[%General]
CenterX=33.5089795121149
CenterY=46.8044347584732
Highest=160
XWidth=56

[LeftLeg]
LowerLegAlpha=-0.0142799615859985
LowerLegTheta=0.0428399443626404
ThighAlpha=-0.00356999039649963
ThighTheta=0.388732463121414

[RightLeg]
LowerLegAlpha=0.0821098163723946
LowerLegTheta=-0.112653076648712
ThighAlpha=0.0678298473358154
ThighTheta=-0.318919241428375
