[%General]
CenterX=28.0106161452278
CenterY=219.326545473127
Highest=156
XWidth=56

[LeftLeg]
LowerLegAlpha=0.0392699092626572
LowerLegTheta=0.157079637050629
ThighAlpha=-0.0981747731566429
ThighTheta=0.353429168462753

[RightLeg]
LowerLegAlpha=0.0196349546313286
LowerLegTheta=-0.667588412761688
ThighAlpha=0.0589048638939857
ThighTheta=-0.314159274101257
