[%General]
CenterX=25.5427447540831
CenterY=253.49030551901
Highest=156
XWidth=54

[LeftLeg]
LowerLegAlpha=-0.0464098900556564
LowerLegTheta=-0.112653076648712
ThighAlpha=-0.0999597683548927
ThighTheta=-0.318919241428375

[RightLeg]
LowerLegAlpha=-0.0142799615859985
LowerLegTheta=0.103133104741573
ThighAlpha=-0.0428398996591568
ThighTheta=0.46489229798317
