[%General]
CenterX=30.7523982687846
CenterY=193.495448866679
Highest=156
XWidth=61

[LeftLeg]
LowerLegAlpha=0.0196349546313286
LowerLegTheta=0.471238911151886
ThighAlpha=-0.0981747731566429
ThighTheta=0.510508835315704

[RightLeg]
LowerLegAlpha=0.0392699092626572
LowerLegTheta=-0.274889349937439
ThighAlpha=0.0981747731566429
ThighTheta=-0.392699092626572
