[%General]
CenterX=29.1998664465508
CenterY=310.326723674204
Highest=143
XWidth=45

[LeftLeg]
LowerLegAlpha=-0.0785398185253143
LowerLegTheta=-0.746128261089325
ThighAlpha=-0.0981747731566429
ThighTheta=0.510508835315704

[RightLeg]
LowerLegAlpha=0.0785398185253143
LowerLegTheta=-0.196349546313286
ThighAlpha=0.0981747731566429
ThighTheta=0
