[%General]
CenterX=32.4632466823404
CenterY=68.1555038051411
Highest=157
XWidth=60

[LeftLeg]
LowerLegAlpha=0
LowerLegTheta=0.196349546313286
ThighAlpha=-0.157079637050629
ThighTheta=0.510508835315704

[RightLeg]
LowerLegAlpha=0.0392699092626572
LowerLegTheta=-0.706858336925507
ThighAlpha=0.196349546313286
ThighTheta=-0.314159274101257
