[%General]
CenterX=33.4705748499588
CenterY=32.384977861213
Highest=161
XWidth=53

[LeftLeg]
LowerLegAlpha=-0.0392699092626572
LowerLegTheta=-0.510508835315704
ThighAlpha=0.0392699092626572
ThighTheta=0.117809727787971

[RightLeg]
LowerLegAlpha=0.157079637050629
LowerLegTheta=-0.117809727787971
ThighAlpha=0.0785398185253143
ThighTheta=0
