[%General]
CenterX=32.4632466823404
CenterY=68.1555038051411
Highest=157
XWidth=60

[LeftLeg]
LowerLegAlpha=-0.0785398185253143
LowerLegTheta=0.235619455575943
ThighAlpha=-0.0785398185253143
ThighTheta=0.471238911151886

[RightLeg]
LowerLegAlpha=0.0981747731566429
LowerLegTheta=-0.706858336925507
ThighAlpha=0.0981747731566429
ThighTheta=-0.314159274101257
