[%General]
CenterX=30.8170926190963
CenterY=172.113105704355
Highest=160
XWidth=62

[LeftLeg]
LowerLegAlpha=0.0785398185253143
LowerLegTheta=-0.235619455575943
ThighAlpha=-0.117809727787971
ThighTheta=0.235619455575943

[RightLeg]
LowerLegAlpha=0.117809727787971
LowerLegTheta=0
ThighAlpha=0.0785398185253143
ThighTheta=-0.0785398185253143
