[%General]
CenterX=30.7975649974024
CenterY=157.847778455422
Highest=160
XWidth=60

[LeftLeg]
LowerLegAlpha=0.00356999784708023
LowerLegTheta=-0.747318267822266
ThighAlpha=-0.0606898590922356
ThighTheta=-0.106306403875351

[RightLeg]
LowerLegAlpha=0.00713998824357986
LowerLegTheta=0.0333199352025986
ThighAlpha=0.0678298473358154
ThighTheta=0.249106109142303
