[%General]
CenterX=27.801418727199
CenterY=296.126901770031
Highest=150
XWidth=47

[LeftLeg]
LowerLegAlpha=0
LowerLegTheta=-0.785398185253143
ThighAlpha=-0.0392699092626572
ThighTheta=-0.0785398185253143

[RightLeg]
LowerLegAlpha=0
LowerLegTheta=-0.196349546313286
ThighAlpha=0.0589048638939857
ThighTheta=0.314159274101257
