[%General]
CenterX=32.1293478851061
CenterY=72.3012651354727
Highest=158
XWidth=59

[LeftLeg]
LowerLegAlpha=0.0785398185253143
LowerLegTheta=0.157079637050629
ThighAlpha=-0.157079637050629
ThighTheta=0.471238911151886

[RightLeg]
LowerLegAlpha=0.0785398185253143
LowerLegTheta=-0.628318548202515
ThighAlpha=0.157079637050629
ThighTheta=-0.392699092626572
