[%General]
CenterX=30.8170926190963
CenterY=172.113105704355
Highest=160
XWidth=62

[LeftLeg]
LowerLegAlpha=0.00356999784708023
LowerLegTheta=-0.265879362821579
ThighAlpha=-0.0606898590922356
ThighTheta=0.288999378681183

[RightLeg]
LowerLegAlpha=0.046409897506237
LowerLegTheta=0.0265199784189463
ThighAlpha=0.103529766201973
ThighTheta=-0.0863597691059113
