[%General]
CenterX=30.6759000929985
CenterY=151.453500730703
Highest=159
XWidth=59

[LeftLeg]
LowerLegAlpha=0.021419957280159
LowerLegTheta=-0.750491619110107
ThighAlpha=-0.0785398185253143
ThighTheta=-0.249106079339981

[RightLeg]
LowerLegAlpha=-0.0321299210190773
LowerLegTheta=-0.109479740262032
ThighAlpha=0.103529766201973
ThighTheta=0.46489229798317
