[%General]
CenterX=25.8111219303979
CenterY=249.954354466513
Highest=158
XWidth=54

[LeftLeg]
LowerLegAlpha=-0.0499798804521561
LowerLegTheta=0.00340002961456776
ThighAlpha=-0.082109808921814
ThighTheta=-0.282199323177338

[RightLeg]
LowerLegAlpha=0.00713998824357986
LowerLegTheta=-0.0496398508548737
ThighAlpha=-0.0392699092626572
ThighTheta=0.424999058246613
