[%General]
CenterX=29.8114459992824
CenterY=135.107579307288
Highest=157
XWidth=57

[LeftLeg]
LowerLegAlpha=-0.0285599306225777
LowerLegTheta=-0.607691943645477
ThighAlpha=-0.0606898590922356
ThighTheta=-0.322092592716217

[RightLeg]
LowerLegAlpha=-0.0178499519824982
LowerLegTheta=0.322092622518539
ThighAlpha=-0.0214199498295784
ThighTheta=0.531532108783722
