[%General]
CenterX=25.4315753188556
CenterY=256.777132553761
Highest=157
XWidth=54

[LeftLeg]
LowerLegAlpha=-0.0785398185253143
LowerLegTheta=-0.157079637050629
ThighAlpha=-0.0785398185253143
ThighTheta=-0.353429168462753

[RightLeg]
LowerLegAlpha=-0.0589048638939857
LowerLegTheta=0.431968986988068
ThighAlpha=-0.0392699092626572
ThighTheta=0.392699092626572
