[%General]
CenterX=30.9452735761389
CenterY=154.708386981202
Highest=159
XWidth=60

[LeftLeg]
LowerLegAlpha=-0.0142799615859985
LowerLegTheta=-0.680678427219391
ThighAlpha=-0.0464098900556564
ThighTheta=-0.2459327429533

[RightLeg]
LowerLegAlpha=0.0107099786400795
LowerLegTheta=0.0364932715892792
ThighAlpha=0.0678298473358154
ThighTheta=0.31891930103302
