[%General]
CenterX=26.8768206525556
CenterY=284.006854221386
Highest=154
XWidth=47

[LeftLeg]
LowerLegAlpha=-0.0392699092626572
LowerLegTheta=-0.628318548202515
ThighAlpha=0
ThighTheta=-0.314159274101257

[RightLeg]
LowerLegAlpha=0.0196349546313286
LowerLegTheta=0
ThighAlpha=0
ThighTheta=0.471238911151886
