[%General]
CenterX=34.271632879606
CenterY=20.2931768458944
Highest=159
XWidth=50

[LeftLeg]
LowerLegAlpha=-0.0785398185253143
LowerLegTheta=0
ThighAlpha=-0.235619455575943
ThighTheta=0.235619455575943

[RightLeg]
LowerLegAlpha=0.0785398185253143
LowerLegTheta=0
ThighAlpha=0.0785398185253143
ThighTheta=0.157079637050629
