[%General]
CenterX=28.3703803107974
CenterY=302.888107571325
Highest=148
XWidth=47

[LeftLeg]
LowerLegAlpha=0.0606898665428162
LowerLegTheta=-0.2522794008255
ThighAlpha=-0.0999597683548927
ThighTheta=-0.0333198979496956

[RightLeg]
LowerLegAlpha=-0.0214199498295784
LowerLegTheta=-0.176119565963745
ThighAlpha=0.13922968506813
ThighTheta=0.176119610667229
