[%General]
CenterX=29.8114459992824
CenterY=135.107579307288
Highest=157
XWidth=57

[LeftLeg]
LowerLegAlpha=0
LowerLegTheta=-0.628318548202515
ThighAlpha=-0.0785398185253143
ThighTheta=-0.314159274101257

[RightLeg]
LowerLegAlpha=0.0785398185253143
LowerLegTheta=0.392699092626572
ThighAlpha=-0.0392699092626572
ThighTheta=0.471238911151886
