[%General]
CenterX=31.0112470659828
CenterY=185.856320090411
Highest=158
XWidth=62

[LeftLeg]
LowerLegAlpha=0
LowerLegTheta=0.392699092626572
ThighAlpha=-0.0785398185253143
ThighTheta=0.471238911151886

[RightLeg]
LowerLegAlpha=0.0392699092626572
LowerLegTheta=-0.157079637050629
ThighAlpha=0.0981747731566429
ThighTheta=-0.314159274101257
