[%General]
CenterX=25.5427447540831
CenterY=253.49030551901
Highest=156
XWidth=54

[LeftLeg]
LowerLegAlpha=-0.0196349546313286
LowerLegTheta=-0.117809727787971
ThighAlpha=-0.0981747731566429
ThighTheta=-0.314159274101257

[RightLeg]
LowerLegAlpha=-0.0196349546313286
LowerLegTheta=0.157079637050629
ThighAlpha=-0.0392699092626572
ThighTheta=0.431968986988068
