[%General]
CenterX=27.318500971645
CenterY=292.257875998241
Highest=152
XWidth=46

[LeftLeg]
LowerLegAlpha=-0.0392699092626572
LowerLegTheta=-0.785398185253143
ThighAlpha=0
ThighTheta=-0.157079637050629

[RightLeg]
LowerLegAlpha=-0.0785398185253143
LowerLegTheta=-0.235619455575943
ThighAlpha=0.0785398185253143
ThighTheta=0.471238911151886
