[%General]
CenterX=34.271632879606
CenterY=20.2931768458944
Highest=159
XWidth=50

[LeftLeg]
LowerLegAlpha=-0.157079637050629
LowerLegTheta=0.0333199352025986
ThighAlpha=-0.13922968506813
ThighTheta=0.179292947053909

[RightLeg]
LowerLegAlpha=0.0999597758054733
LowerLegTheta=-0.030146561563015
ThighAlpha=0.0499798879027367
ThighTheta=0.245932787656784
