[%General]
CenterX=28.5981308411215
CenterY=305.801384664088
Highest=146
XWidth=46

[LeftLeg]
LowerLegAlpha=0
LowerLegTheta=-0.471238911151886
ThighAlpha=-0.196349546313286
ThighTheta=0.392699092626572

[RightLeg]
LowerLegAlpha=0.196349546313286
LowerLegTheta=-0.157079637050629
ThighAlpha=0.117809727787971
ThighTheta=0.0785398185253143
