[%General]
CenterX=28.0106161452278
CenterY=219.326545473127
Highest=156
XWidth=56

[LeftLeg]
LowerLegAlpha=-0.0321299210190773
LowerLegTheta=0.109479777514935
ThighAlpha=-0.0428398996591568
ThighTheta=0.391905784606934

[RightLeg]
LowerLegAlpha=0.00713998824357986
LowerLegTheta=-0.744144916534424
ThighAlpha=0.0678298473358154
ThighTheta=-0.2522794008255
