[%General]
CenterX=29.7872255698192
CenterY=124.591123919308
Highest=158
XWidth=58

[LeftLeg]
LowerLegAlpha=0.0196349546313286
LowerLegTheta=-0.274889349937439
ThighAlpha=-0.0981747731566429
ThighTheta=-0.353429168462753

[RightLeg]
LowerLegAlpha=0
LowerLegTheta=0.431968986988068
ThighAlpha=-0.0785398185253143
ThighTheta=0.471238911151886
