[%General]
CenterX=29.0355482202085
CenterY=308.259660704934
Highest=146
XWidth=45

[LeftLeg]
LowerLegAlpha=-0.0981747731566429
LowerLegTheta=-0.510508835315704
ThighAlpha=-0.0981747731566429
ThighTheta=0.392699092626572

[RightLeg]
LowerLegAlpha=0.0981747731566429
LowerLegTheta=-0.117809727787971
ThighAlpha=0.0981747731566429
ThighTheta=0
