[%General]
CenterX=30.3294011563146
CenterY=147.393168196043
Highest=159
XWidth=58

[LeftLeg]
LowerLegAlpha=-0.0107099711894989
LowerLegTheta=-0.574598670005798
ThighAlpha=-0.0285599306225777
ThighTheta=-0.371959120035172

[RightLeg]
LowerLegAlpha=0.00356999784708023
LowerLegTheta=0.0401199460029602
ThighAlpha=0.0499798879027367
ThighTheta=0.454919010400772
