[%General]
CenterX=28.0883534136546
CenterY=2.64658634538153
Highest=118
XWidth=19

[LeftLeg]
LowerLegAlpha=-0.392699092626572
LowerLegTheta=-0.785398185253143
ThighAlpha=-0.392699092626572
ThighTheta=-0.785398185253143

[RightLeg]
LowerLegAlpha=-0.392699092626572
LowerLegTheta=-0.785398185253143
ThighAlpha=-0.392699092626572
ThighTheta=-0.785398185253143
