[%General]
CenterX=33.1300730674159
CenterY=57.0058802391297
Highest=158
XWidth=58

[LeftLeg]
LowerLegAlpha=0.0785398185253143
LowerLegTheta=0.235619455575943
ThighAlpha=-0.157079637050629
ThighTheta=0.549778699874878

[RightLeg]
LowerLegAlpha=0
LowerLegTheta=-0.314159274101257
ThighAlpha=0.157079637050629
ThighTheta=-0.392699092626572
