[%General]
CenterX=34.0648969056388
CenterY=22.8573002642399
Highest=159
XWidth=52

[LeftLeg]
LowerLegAlpha=-0.392699092626572
LowerLegTheta=0.117809727787971
ThighAlpha=0.0392699092626572
ThighTheta=0.0392699092626572

[RightLeg]
LowerLegAlpha=-0.235619455575943
LowerLegTheta=0.431968986988068
ThighAlpha=0.274889349937439
ThighTheta=-0.117809727787971
