[%General]
CenterX=25.4068521353534
CenterY=263.179406640976
Highest=154
XWidth=52

[LeftLeg]
LowerLegAlpha=-0.0589048638939857
LowerLegTheta=-0.157079637050629
ThighAlpha=-0.0785398185253143
ThighTheta=-0.471238911151886

[RightLeg]
LowerLegAlpha=-0.0785398185253143
LowerLegTheta=0.549778699874878
ThighAlpha=-0.0196349546313286
ThighTheta=0.471238911151886
