[%General]
CenterX=28.5981308411215
CenterY=305.801384664088
Highest=146
XWidth=46

[LeftLeg]
LowerLegAlpha=0.392699092626572
LowerLegTheta=-0.510508835315704
ThighAlpha=-0.157079637050629
ThighTheta=0.392699092626572

[RightLeg]
LowerLegAlpha=0.235619455575943
LowerLegTheta=-0.0785398185253143
ThighAlpha=0.117809727787971
ThighTheta=0.0392699092626572
