[%General]
CenterX=27.801418727199
CenterY=296.126901770031
Highest=150
XWidth=47

[LeftLeg]
LowerLegAlpha=0.00356999784708023
LowerLegTheta=-0.81395810842514
ThighAlpha=-0.0428398996591568
ThighTheta=-0.0795597806572914

[RightLeg]
LowerLegAlpha=-0.0142799615859985
LowerLegTheta=-0.146199628710747
ThighAlpha=0.0678298473358154
ThighTheta=0.288999378681183
