[%General]
CenterX=29.702436440678
CenterY=121.388877118644
Highest=160
XWidth=58

[LeftLeg]
LowerLegAlpha=-0.0392699092626572
LowerLegTheta=-0.0785398185253143
ThighAlpha=-0.0785398185253143
ThighTheta=-0.392699092626572

[RightLeg]
LowerLegAlpha=-0.117809727787971
LowerLegTheta=0.392699092626572
ThighAlpha=0.0392699092626572
ThighTheta=0.392699092626572
