[%General]
CenterX=30.5029051883246
CenterY=197.586665755235
Highest=156
XWidth=60

[LeftLeg]
LowerLegAlpha=0.0249899476766586
LowerLegTheta=0.322092622518539
ThighAlpha=-0.0392699092626572
ThighTheta=0.534705460071564

[RightLeg]
LowerLegAlpha=0.00356999784708023
LowerLegTheta=-0.2459327429533
ThighAlpha=0.121379725635052
ThighTheta=-0.461718916893005
