[%General]
CenterX=32.9348213797254
CenterY=60.6432408775097
Highest=157
XWidth=58

[LeftLeg]
LowerLegAlpha=-0.0196349546313286
LowerLegTheta=0.314159274101257
ThighAlpha=-0.0981747731566429
ThighTheta=0.510508835315704

[RightLeg]
LowerLegAlpha=0.0981747731566429
LowerLegTheta=-0.353429168462753
ThighAlpha=0.0981747731566429
ThighTheta=-0.431968986988068
