[%General]
CenterX=29.7053292216817
CenterY=92.1835150277971
Highest=160
XWidth=55

[LeftLeg]
LowerLegAlpha=-0.157079637050629
LowerLegTheta=-0.106306403875351
ThighAlpha=-0.0214199498295784
ThighTheta=0.249106109142303

[RightLeg]
LowerLegAlpha=-0.0107099711894989
LowerLegTheta=-0.81395810842514
ThighAlpha=0.103529766201973
ThighTheta=-0.0396665707230568
