[%General]
CenterX=32.1293478851061
CenterY=72.3012651354727
Highest=158
XWidth=59

[LeftLeg]
LowerLegAlpha=-0.0999597683548927
LowerLegTheta=0.176119610667229
ThighAlpha=-0.0606898590922356
ThighTheta=0.46489229798317

[RightLeg]
LowerLegAlpha=0.021419957280159
LowerLegTheta=-0.534705400466919
ThighAlpha=0.13922968506813
ThighTheta=-0.391905754804611
