[%General]
CenterX=30.9548649484992
CenterY=189.573758896601
Highest=157
XWidth=61

[LeftLeg]
LowerLegAlpha=0.0392699092626572
LowerLegTheta=0.392699092626572
ThighAlpha=-0.117809727787971
ThighTheta=0.510508835315704

[RightLeg]
LowerLegAlpha=0.0785398185253143
LowerLegTheta=-0.157079637050629
ThighAlpha=0.0785398185253143
ThighTheta=-0.392699092626572
