[%General]
CenterX=37.556999161777
CenterY=4.14850516904163
Highest=154
XWidth=40

[LeftLeg]
LowerLegAlpha=0.0785398185253143
LowerLegTheta=0.117809727787971
ThighAlpha=-0.353429168462753
ThighTheta=-0.0785398185253143

[RightLeg]
LowerLegAlpha=-0.235619455575943
LowerLegTheta=0.274889349937439
ThighAlpha=0.196349546313286
ThighTheta=-0.157079637050629
