[%General]
CenterX=29.9244685662596
CenterY=107.345639666362
Highest=161
XWidth=55

[LeftLeg]
LowerLegAlpha=-0.196349546313286
LowerLegTheta=-0.157079637050629
ThighAlpha=-0.0392699092626572
ThighTheta=-0.0785398185253143

[RightLeg]
LowerLegAlpha=0.0392699092626572
LowerLegTheta=-0.314159274101257
ThighAlpha=0.0392699092626572
ThighTheta=0.314159274101257
