[%General]
CenterX=33.3006225689273
CenterY=53.6620661573246
Highest=159
XWidth=58

[LeftLeg]
LowerLegAlpha=0.0785398185253143
LowerLegTheta=0.274889349937439
ThighAlpha=-0.117809727787971
ThighTheta=0.471238911151886

[RightLeg]
LowerLegAlpha=0
LowerLegTheta=-0.274889349937439
ThighAlpha=0.157079637050629
ThighTheta=-0.353429168462753
