[%General]
CenterX=26.8768206525556
CenterY=284.006854221386
Highest=154
XWidth=47

[LeftLeg]
LowerLegAlpha=-0.0785398185253143
LowerLegTheta=-0.667588412761688
ThighAlpha=0.0196349546313286
ThighTheta=-0.274889349937439

[RightLeg]
LowerLegAlpha=0.0196349546313286
LowerLegTheta=0.0392699092626572
ThighAlpha=0
ThighTheta=0.471238911151886
