[%General]
CenterX=33.3971355115381
CenterY=50.3697813121272
Highest=160
XWidth=57

[LeftLeg]
LowerLegAlpha=0.021419957280159
LowerLegTheta=0.103133104741573
ThighAlpha=-0.0606898590922356
ThighTheta=0.46489229798317

[RightLeg]
LowerLegAlpha=0.0249899476766586
LowerLegTheta=-0.0999597311019897
ThighAlpha=0.121379725635052
ThighTheta=-0.395079076290131
