[%General]
CenterX=30.3395291201983
CenterY=88.6291106662854
Highest=160
XWidth=56

[LeftLeg]
LowerLegAlpha=-0.0981747731566429
LowerLegTheta=0.0785398185253143
ThighAlpha=0.0196349546313286
ThighTheta=0.235619455575943

[RightLeg]
LowerLegAlpha=0.0785398185253143
LowerLegTheta=-0.471238911151886
ThighAlpha=0.0392699092626572
ThighTheta=-0.392699092626572
