[%General]
CenterX=29.9098408327498
CenterY=205.63568384945
Highest=156
XWidth=59

[LeftLeg]
LowerLegAlpha=-0.0142799615859985
LowerLegTheta=0.179292947053909
ThighAlpha=-0.0999597683548927
ThighTheta=0.534705460071564

[RightLeg]
LowerLegAlpha=0.0428399071097374
LowerLegTheta=-0.537878751754761
ThighAlpha=0.103529766201973
ThighTheta=-0.391905754804611
