[%General]
CenterX=30.8361450727956
CenterY=84.8860327472243
Highest=159
XWidth=57

[LeftLeg]
LowerLegAlpha=-0.0392699092626572
LowerLegTheta=0.0785398185253143
ThighAlpha=-0.0785398185253143
ThighTheta=0.314159274101257

[RightLeg]
LowerLegAlpha=0.0785398185253143
LowerLegTheta=-0.706858336925507
ThighAlpha=0.117809727787971
ThighTheta=-0.314159274101257
