[%General]
CenterX=29.1998664465508
CenterY=310.326723674204
Highest=143
XWidth=45

[LeftLeg]
LowerLegAlpha=-0.0785398185253143
LowerLegTheta=-0.706858336925507
ThighAlpha=-0.0981747731566429
ThighTheta=0.549778699874878

[RightLeg]
LowerLegAlpha=0.0981747731566429
LowerLegTheta=-0.157079637050629
ThighAlpha=0.0981747731566429
ThighTheta=0
