[%General]
CenterX=34.0648969056388
CenterY=22.8573002642399
Highest=159
XWidth=52

[LeftLeg]
LowerLegAlpha=-0.157079637050629
LowerLegTheta=0.0785398185253143
ThighAlpha=-0.157079637050629
ThighTheta=0.0785398185253143

[RightLeg]
LowerLegAlpha=0.196349546313286
LowerLegTheta=-0.157079637050629
ThighAlpha=0
ThighTheta=0.235619455575943
