[%General]
CenterX=34.271632879606
CenterY=20.2931768458944
Highest=159
XWidth=50

[LeftLeg]
LowerLegAlpha=-0.157079637050629
LowerLegTheta=-0.0364932343363762
ThighAlpha=-0.157079637050629
ThighTheta=0.179292947053909

[RightLeg]
LowerLegAlpha=0.0821098163723946
LowerLegTheta=0.109479777514935
ThighAlpha=0.0499798879027367
ThighTheta=0.176119610667229
