[%General]
CenterX=25.7751394246124
CenterY=231.744097486672
Highest=159
XWidth=52

[LeftLeg]
LowerLegAlpha=-0.0589048638939857
LowerLegTheta=0
ThighAlpha=-0.0785398185253143
ThighTheta=0.157079637050629

[RightLeg]
LowerLegAlpha=-0.0785398185253143
LowerLegTheta=-0.785398185253143
ThighAlpha=0.0392699092626572
ThighTheta=0.157079637050629
