[%General]
CenterX=29.0355482202085
CenterY=308.259660704934
Highest=146
XWidth=45

[LeftLeg]
LowerLegAlpha=0.392699092626572
LowerLegTheta=-0.0785398185253143
ThighAlpha=-0.314159274101257
ThighTheta=0

[RightLeg]
LowerLegAlpha=0.117809727787971
LowerLegTheta=-0.157079637050629
ThighAlpha=0.117809727787971
ThighTheta=0.0392699092626572
