[%General]
CenterX=29.1998664465508
CenterY=310.326723674204
Highest=143
XWidth=45

[LeftLeg]
LowerLegAlpha=0.392699092626572
LowerLegTheta=-0.0785398185253143
ThighAlpha=-0.392699092626572
ThighTheta=-0.0785398185253143

[RightLeg]
LowerLegAlpha=-0.196349546313286
LowerLegTheta=-0.274889349937439
ThighAlpha=0.196349546313286
ThighTheta=0.0785398185253143
