[%General]
CenterX=33.5089795121149
CenterY=46.8044347584732
Highest=160
XWidth=56

[LeftLeg]
LowerLegAlpha=0.021419957280159
LowerLegTheta=0.0428399443626404
ThighAlpha=-0.0214199498295784
ThighTheta=0.378759175539017

[RightLeg]
LowerLegAlpha=0.0999597758054733
LowerLegTheta=-0.2522794008255
ThighAlpha=0.0499798879027367
ThighTheta=-0.229159444570541
