[%General]
CenterX=28.2671976346177
CenterY=299.851098118083
Highest=149
XWidth=47

[LeftLeg]
LowerLegAlpha=0.021419957280159
LowerLegTheta=-0.956757783889771
ThighAlpha=-0.0606898590922356
ThighTheta=0.103133104741573

[RightLeg]
LowerLegAlpha=-0.0785398185253143
LowerLegTheta=-0.2522794008255
ThighAlpha=0.121379725635052
ThighTheta=0.252279460430145
