[%General]
CenterX=33.5717836986985
CenterY=36.3413156985449
Highest=161
XWidth=55

[LeftLeg]
LowerLegAlpha=-0.0464098900556564
LowerLegTheta=-0.464892268180847
ThighAlpha=0.0642598569393158
ThighTheta=0.249106109142303

[RightLeg]
LowerLegAlpha=0.0999597758054733
LowerLegTheta=-0.0333198979496956
ThighAlpha=0.0856798067688942
ThighTheta=-0.106306403875351
