[%General]
CenterX=34.271632879606
CenterY=20.2931768458944
Highest=159
XWidth=50

[LeftLeg]
LowerLegAlpha=-0.13922968506813
LowerLegTheta=0.0333199612796307
ThighAlpha=-0.157079637050629
ThighTheta=0.169319659471512

[RightLeg]
LowerLegAlpha=0.121379725635052
LowerLegTheta=-0.0265199020504951
ThighAlpha=0.0499798879027367
ThighTheta=0.229159519076347
