[%General]
CenterX=28.0106161452278
CenterY=219.326545473127
Highest=156
XWidth=56

[LeftLeg]
LowerLegAlpha=0.196349546313286
LowerLegTheta=0.196349546313286
ThighAlpha=-0.196349546313286
ThighTheta=0.353429168462753

[RightLeg]
LowerLegAlpha=0.0392699092626572
LowerLegTheta=-0.746128261089325
ThighAlpha=0.0392699092626572
ThighTheta=-0.235619455575943
