[%General]
CenterX=25.7751394246124
CenterY=231.744097486672
Highest=159
XWidth=52

[LeftLeg]
LowerLegAlpha=0
LowerLegTheta=0
ThighAlpha=-0.117809727787971
ThighTheta=0.157079637050629

[RightLeg]
LowerLegAlpha=0.157079637050629
LowerLegTheta=0
ThighAlpha=0.196349546313286
ThighTheta=0.157079637050629
