[%General]
CenterX=31.7586787452207
CenterY=76.4104535974974
Highest=158
XWidth=59

[LeftLeg]
LowerLegAlpha=-0.0856797993183136
LowerLegTheta=0.106306441128254
ThighAlpha=-0.0606898590922356
ThighTheta=0.46171897649765

[RightLeg]
LowerLegAlpha=0.0249899476766586
LowerLegTheta=-0.674331784248352
ThighAlpha=0.13922968506813
ThighTheta=-0.322092592716217
