[%General]
CenterX=30.7523982687846
CenterY=193.495448866679
Highest=156
XWidth=61

[LeftLeg]
LowerLegAlpha=0.0785398185253143
LowerLegTheta=0.392699092626572
ThighAlpha=-0.157079637050629
ThighTheta=0.549778699874878

[RightLeg]
LowerLegAlpha=0
LowerLegTheta=-0.235619455575943
ThighAlpha=0.117809727787971
ThighTheta=-0.392699092626572
