[%General]
CenterX=34.0648969056388
CenterY=22.8573002642399
Highest=159
XWidth=52

[LeftLeg]
LowerLegAlpha=-0.0999597683548927
LowerLegTheta=-0.959931075572968
ThighAlpha=0.0999597758054733
ThighTheta=0.106306441128254

[RightLeg]
LowerLegAlpha=0.0821098163723946
LowerLegTheta=-0.0333198979496956
ThighAlpha=0.0821098163723946
ThighTheta=0.179292947053909
