[%General]
CenterX=33.6866884840762
CenterY=25.5759796113412
Highest=160
XWidth=52

[LeftLeg]
LowerLegAlpha=-0.0499798804521561
LowerLegTheta=-0.38555908203125
ThighAlpha=0.0821098163723946
ThighTheta=-0.2522794008255

[RightLeg]
LowerLegAlpha=0.0821098163723946
LowerLegTheta=0.245932787656784
ThighAlpha=0.0856798067688942
ThighTheta=-0.0364932343363762
