[%General]
CenterX=32.9348213797254
CenterY=60.6432408775097
Highest=157
XWidth=58

[LeftLeg]
LowerLegAlpha=-0.0321299210190773
LowerLegTheta=0.388732463121414
ThighAlpha=-0.0785398185253143
ThighTheta=0.46489229798317

[RightLeg]
LowerLegAlpha=0.0428399071097374
LowerLegTheta=-0.315745919942856
ThighAlpha=0.13922968506813
ThighTheta=-0.464892268180847
