[%General]
CenterX=29.7472651511156
CenterY=103.327538372277
Highest=161
XWidth=54

[LeftLeg]
LowerLegAlpha=-0.0785398185253143
LowerLegTheta=-0.117809727787971
ThighAlpha=-0.0589048638939857
ThighTheta=0

[RightLeg]
LowerLegAlpha=0.0589048638939857
LowerLegTheta=-0.471238911151886
ThighAlpha=0.0589048638939857
ThighTheta=0.235619455575943
