[%General]
CenterX=29.8974824459816
CenterY=110.887769048588
Highest=162
XWidth=57

[LeftLeg]
LowerLegAlpha=-0.103529758751392
LowerLegTheta=-0.109479740262032
ThighAlpha=-0.0642598494887352
ThighTheta=-0.176119565963745

[RightLeg]
LowerLegAlpha=0.00713998824357986
LowerLegTheta=-0.2522794008255
ThighAlpha=0.0285599380731583
ThighTheta=0.391905784606934
