[%General]
CenterX=28.3703803107974
CenterY=302.888107571325
Highest=148
XWidth=47

[LeftLeg]
LowerLegAlpha=0.0606898665428162
LowerLegTheta=-0.222359463572502
ThighAlpha=-0.117809727787971
ThighTheta=-0.0333198830485344

[RightLeg]
LowerLegAlpha=-0.0214199498295784
LowerLegTheta=-0.206039488315582
ThighAlpha=0.13922968506813
ThighTheta=0.176119640469551
