[%General]
CenterX=33.796947551968
CenterY=40.037078035305
Highest=161
XWidth=54

[LeftLeg]
LowerLegAlpha=0.0981747731566429
LowerLegTheta=-0.392699092626572
ThighAlpha=0
ThighTheta=0.314159274101257

[RightLeg]
LowerLegAlpha=0.0589048638939857
LowerLegTheta=-0.0785398185253143
ThighAlpha=0.0981747731566429
ThighTheta=-0.157079637050629
