[%General]
CenterX=34.271632879606
CenterY=20.2931768458944
Highest=159
XWidth=50

[LeftLeg]
LowerLegAlpha=-0.0981747731566429
LowerLegTheta=0.0392699092626572
ThighAlpha=-0.0981747731566429
ThighTheta=0.157079637050629

[RightLeg]
LowerLegAlpha=0.0392699092626572
LowerLegTheta=0.117809727787971
ThighAlpha=0.0981747731566429
ThighTheta=0.157079637050629
