[%General]
CenterX=26.0617630271898
CenterY=238.932371549662
Highest=158
XWidth=54

[LeftLeg]
LowerLegAlpha=-0.0589048638939857
LowerLegTheta=0.0785398185253143
ThighAlpha=-0.0981747731566429
ThighTheta=-0.0785398185253143

[RightLeg]
LowerLegAlpha=0.0981747731566429
LowerLegTheta=-0.746128261089325
ThighAlpha=0.0589048638939857
ThighTheta=0.392699092626572
