[%General]
CenterX=32.8547539100468
CenterY=64.2356631616153
Highest=157
XWidth=59

[LeftLeg]
LowerLegAlpha=-0.0589048638939857
LowerLegTheta=0.235619455575943
ThighAlpha=-0.0785398185253143
ThighTheta=0.549778699874878

[RightLeg]
LowerLegAlpha=0.0981747731566429
LowerLegTheta=-0.628318548202515
ThighAlpha=0.0981747731566429
ThighTheta=-0.314159274101257
