[%General]
CenterX=32.8547539100468
CenterY=64.2356631616153
Highest=157
XWidth=59

[LeftLeg]
LowerLegAlpha=-0.0856797993183136
LowerLegTheta=0.249106109142303
ThighAlpha=-0.0606898590922356
ThighTheta=0.534705460071564

[RightLeg]
LowerLegAlpha=0.0428399071097374
LowerLegTheta=-0.604518592357635
ThighAlpha=0.13922968506813
ThighTheta=-0.322092592716217
