[%General]
CenterX=30.7975649974024
CenterY=157.847778455422
Highest=160
XWidth=60

[LeftLeg]
LowerLegAlpha=0.00356999784708023
LowerLegTheta=-0.627638518810272
ThighAlpha=-0.0606898590922356
ThighTheta=-0.176119565963745

[RightLeg]
LowerLegAlpha=0.00713998824357986
LowerLegTheta=0.00340002961456776
ThighAlpha=0.0678298473358154
ThighTheta=0.259079456329346
