[%General]
CenterX=29.9244685662596
CenterY=107.345639666362
Highest=161
XWidth=55

[LeftLeg]
LowerLegAlpha=-0.157079637050629
LowerLegTheta=-0.109479740262032
ThighAlpha=-0.0464098900556564
ThighTheta=-0.106306403875351

[RightLeg]
LowerLegAlpha=0.0606898665428162
LowerLegTheta=-0.398252427577972
ThighAlpha=0.0321299284696579
ThighTheta=0.322092622518539
