[%General]
CenterX=30.7056416704456
CenterY=168.417054870759
Highest=161
XWidth=61

[LeftLeg]
LowerLegAlpha=-0.0142799615859985
LowerLegTheta=-0.179292917251587
ThighAlpha=-0.0999597683548927
ThighTheta=0.0364932715892792

[RightLeg]
LowerLegAlpha=0.0606898665428162
LowerLegTheta=-0.10313306748867
ThighAlpha=0.103529766201973
ThighTheta=0.0333199352025986
