[%General]
CenterX=29.8516653229606
CenterY=118.386359115039
Highest=160
XWidth=58

[LeftLeg]
LowerLegAlpha=-0.0678298398852348
LowerLegTheta=-0.255452752113342
ThighAlpha=-0.0464098900556564
ThighTheta=-0.249106079339981

[RightLeg]
LowerLegAlpha=-0.0285599306225777
LowerLegTheta=0.179292947053909
ThighAlpha=0.0142799690365791
ThighTheta=0.391905784606934
