[%General]
CenterX=33.6866884840762
CenterY=25.5759796113412
Highest=160
XWidth=52

[LeftLeg]
LowerLegAlpha=0.0196349546313286
LowerLegTheta=-0.314159274101257
ThighAlpha=0.0392699092626572
ThighTheta=-0.274889349937439

[RightLeg]
LowerLegAlpha=0.0785398185253143
LowerLegTheta=0.235619455575943
ThighAlpha=0.0981747731566429
ThighTheta=-0.0392699092626572
