[%General]
CenterX=30.3395291201983
CenterY=88.6291106662854
Highest=160
XWidth=56

[LeftLeg]
LowerLegAlpha=-0.196349546313286
LowerLegTheta=0
ThighAlpha=0.0392699092626572
ThighTheta=0.274889349937439

[RightLeg]
LowerLegAlpha=0.0392699092626572
LowerLegTheta=0.0392699092626572
ThighAlpha=0.353429168462753
ThighTheta=0.235619455575943
