[%General]
CenterX=30.1348634112573
CenterY=143.238308749135
Highest=157
XWidth=58

[LeftLeg]
LowerLegAlpha=-0.0392699092626572
LowerLegTheta=-0.549778699874878
ThighAlpha=-0.0392699092626572
ThighTheta=-0.392699092626572

[RightLeg]
LowerLegAlpha=-0.0785398185253143
LowerLegTheta=0.235619455575943
ThighAlpha=0.0785398185253143
ThighTheta=0.471238911151886
