[%General]
CenterX=33.3971355115381
CenterY=50.3697813121272
Highest=160
XWidth=57

[LeftLeg]
LowerLegAlpha=0.0785398185253143
LowerLegTheta=0.117809727787971
ThighAlpha=-0.0785398185253143
ThighTheta=0.471238911151886

[RightLeg]
LowerLegAlpha=0.0392699092626572
LowerLegTheta=-0.117809727787971
ThighAlpha=0.117809727787971
ThighTheta=-0.392699092626572
