[%General]
CenterX=34.271632879606
CenterY=20.2931768458944
Highest=159
XWidth=50

[LeftLeg]
LowerLegAlpha=-0.196349546313286
LowerLegTheta=0.157079637050629
ThighAlpha=-0.157079637050629
ThighTheta=0.157079637050629

[RightLeg]
LowerLegAlpha=0.117809727787971
LowerLegTheta=0
ThighAlpha=0.0392699092626572
ThighTheta=0.235619455575943
