[%General]
CenterX=33.796947551968
CenterY=40.037078035305
Highest=161
XWidth=54

[LeftLeg]
LowerLegAlpha=-0.0321299210190773
LowerLegTheta=-0.398252427577972
ThighAlpha=-0.00356999039649963
ThighTheta=0.322092622518539

[RightLeg]
LowerLegAlpha=0.0999597758054733
LowerLegTheta=-0.106306403875351
ThighAlpha=0.0678298473358154
ThighTheta=-0.176119565963745
