[%General]
CenterX=25.9764519261012
CenterY=274.530556429226
Highest=154
XWidth=48

[LeftLeg]
LowerLegAlpha=-0.0142799615859985
LowerLegTheta=-0.358359158039093
ThighAlpha=-0.0606898590922356
ThighTheta=-0.431798994541168

[RightLeg]
LowerLegAlpha=0.046409897506237
LowerLegTheta=0.408679097890854
ThighAlpha=-0.0428398996591568
ThighTheta=0.424999058246613
