[%General]
CenterX=29.0355482202085
CenterY=308.259660704934
Highest=146
XWidth=45

[LeftLeg]
LowerLegAlpha=0.0392699092626572
LowerLegTheta=-0.471238911151886
ThighAlpha=-0.196349546313286
ThighTheta=0.392699092626572

[RightLeg]
LowerLegAlpha=0.196349546313286
LowerLegTheta=-0.0785398185253143
ThighAlpha=0.117809727787971
ThighTheta=0
