[%General]
CenterX=30.6407926263302
CenterY=161.274904483347
Highest=160
XWidth=60

[LeftLeg]
LowerLegAlpha=0.0981747731566429
LowerLegTheta=-0.785398185253143
ThighAlpha=-0.0981747731566429
ThighTheta=0.117809727787971

[RightLeg]
LowerLegAlpha=0.0392699092626572
LowerLegTheta=0
ThighAlpha=0.0589048638939857
ThighTheta=0.196349546313286
