[%General]
CenterX=29.8645712027949
CenterY=114.669969638995
Highest=160
XWidth=57

[LeftLeg]
LowerLegAlpha=-0.0392699092626572
LowerLegTheta=-0.0785398185253143
ThighAlpha=-0.0785398185253143
ThighTheta=-0.274889349937439

[RightLeg]
LowerLegAlpha=0.0392699092626572
LowerLegTheta=-0.0392699092626572
ThighAlpha=-0.0196349546313286
ThighTheta=0.431968986988068
