[%General]
CenterX=34.0648969056388
CenterY=22.8573002642399
Highest=159
XWidth=52

[LeftLeg]
LowerLegAlpha=0.0428399071097374
LowerLegTheta=-1.09955739974976
ThighAlpha=-0.0428398996591568
ThighTheta=0.206039562821388

[RightLeg]
LowerLegAlpha=0.0642598569393158
LowerLegTheta=0.0265199784189463
ThighAlpha=0.0821098163723946
ThighTheta=0.169319659471512
