[%General]
CenterX=25.9764519261012
CenterY=274.530556429226
Highest=154
XWidth=48

[LeftLeg]
LowerLegAlpha=0
LowerLegTheta=-0.353429168462753
ThighAlpha=-0.0785398185253143
ThighTheta=-0.431968986988068

[RightLeg]
LowerLegAlpha=0.0392699092626572
LowerLegTheta=0.392699092626572
ThighAlpha=-0.0392699092626572
ThighTheta=0.431968986988068
