[%General]
CenterX=25.3036689061516
CenterY=259.974700818812
Highest=154
XWidth=53

[LeftLeg]
LowerLegAlpha=-0.0856797993183136
LowerLegTheta=-0.255452752113342
ThighAlpha=-0.0606898590922356
ThighTheta=-0.388732433319092

[RightLeg]
LowerLegAlpha=-0.0499798804521561
LowerLegTheta=0.601345300674438
ThighAlpha=-0.0606898590922356
ThighTheta=0.395079135894775
