[%General]
CenterX=29.7472651511156
CenterY=103.327538372277
Highest=161
XWidth=54

[LeftLeg]
LowerLegAlpha=-0.157079637050629
LowerLegTheta=-0.157079637050629
ThighAlpha=-0.0785398185253143
ThighTheta=0

[RightLeg]
LowerLegAlpha=0.196349546313286
LowerLegTheta=-0.785398185253143
ThighAlpha=0.0392699092626572
ThighTheta=0.314159274101257
