[%General]
CenterX=25.5427447540831
CenterY=253.49030551901
Highest=156
XWidth=54

[LeftLeg]
LowerLegAlpha=-0.0785398185253143
LowerLegTheta=-0.0785398185253143
ThighAlpha=-0.0785398185253143
ThighTheta=-0.314159274101257

[RightLeg]
LowerLegAlpha=-0.0196349546313286
LowerLegTheta=0.0785398185253143
ThighAlpha=-0.0392699092626572
ThighTheta=0.471238911151886
