[%General]
CenterX=32.8547539100468
CenterY=64.2356631616153
Highest=157
XWidth=59

[LeftLeg]
LowerLegAlpha=-0.0499798804521561
LowerLegTheta=0.199239581823349
ThighAlpha=-0.0785398185253143
ThighTheta=0.544678807258606

[RightLeg]
LowerLegAlpha=0.0606898665428162
LowerLegTheta=-0.604518592357635
ThighAlpha=0.13922968506813
ThighTheta=-0.312119245529175
