[%General]
CenterX=30.5029051883246
CenterY=197.586665755235
Highest=156
XWidth=60

[LeftLeg]
LowerLegAlpha=-0.0392699092626572
LowerLegTheta=0.314159274101257
ThighAlpha=-0.0785398185253143
ThighTheta=0.549778699874878

[RightLeg]
LowerLegAlpha=0.0392699092626572
LowerLegTheta=-0.314159274101257
ThighAlpha=0.0981747731566429
ThighTheta=-0.392699092626572
