[%General]
CenterX=29.1697052662145
CenterY=312.338249019974
Highest=140
XWidth=43

[LeftLeg]
LowerLegAlpha=-0.0589048638939857
LowerLegTheta=-0.785398185253143
ThighAlpha=-0.0981747731566429
ThighTheta=0.549778699874878

[RightLeg]
LowerLegAlpha=0.0981747731566429
LowerLegTheta=-0.157079637050629
ThighAlpha=0.0392699092626572
ThighTheta=-0.0785398185253143
