[%General]
CenterX=33.3971355115381
CenterY=50.3697813121272
Highest=160
XWidth=57

[LeftLeg]
LowerLegAlpha=0.021419957280159
LowerLegTheta=0.152999684214592
ThighAlpha=-0.0606898590922356
ThighTheta=0.424999058246613

[RightLeg]
LowerLegAlpha=0.00713998824357986
LowerLegTheta=-0.070039801299572
ThighAlpha=0.121379725635052
ThighTheta=-0.395079076290131
