[%General]
CenterX=33.1300730674159
CenterY=57.0058802391297
Highest=158
XWidth=58

[LeftLeg]
LowerLegAlpha=-0.0285599306225777
LowerLegTheta=0.388732463121414
ThighAlpha=-0.0606898590922356
ThighTheta=0.46489229798317

[RightLeg]
LowerLegAlpha=0.0606898665428162
LowerLegTheta=-0.325265914201736
ThighAlpha=0.13922968506813
ThighTheta=-0.388732433319092
