[%General]
CenterX=30.2576305477716
CenterY=201.615013429764
Highest=155
XWidth=60

[LeftLeg]
LowerLegAlpha=0
LowerLegTheta=0.235619455575943
ThighAlpha=-0.117809727787971
ThighTheta=0.549778699874878

[RightLeg]
LowerLegAlpha=0.0392699092626572
LowerLegTheta=-0.314159274101257
ThighAlpha=0.117809727787971
ThighTheta=-0.471238911151886
