[%General]
CenterX=31.283559479755
CenterY=80.7470622605986
Highest=159
XWidth=58

[LeftLeg]
LowerLegAlpha=0.0392699092626572
LowerLegTheta=0.0785398185253143
ThighAlpha=-0.117809727787971
ThighTheta=0.392699092626572

[RightLeg]
LowerLegAlpha=0
LowerLegTheta=-0.706858336925507
ThighAlpha=0.196349546313286
ThighTheta=-0.314159274101257
