[%General]
CenterX=25.7751394246124
CenterY=231.744097486672
Highest=159
XWidth=52

[LeftLeg]
LowerLegAlpha=-0.0196349546313286
LowerLegTheta=-0.0392699092626572
ThighAlpha=-0.0981747731566429
ThighTheta=0.196349546313286

[RightLeg]
LowerLegAlpha=-0.0981747731566429
LowerLegTheta=-0.785398185253143
ThighAlpha=0.0392699092626572
ThighTheta=0.117809727787971
