[%General]
CenterX=32.9348213797254
CenterY=60.6432408775097
Highest=157
XWidth=58

[LeftLeg]
LowerLegAlpha=0
LowerLegTheta=0.392699092626572
ThighAlpha=-0.0785398185253143
ThighTheta=0.471238911151886

[RightLeg]
LowerLegAlpha=0.0785398185253143
LowerLegTheta=-0.471238911151886
ThighAlpha=0.157079637050629
ThighTheta=-0.392699092626572
