[%General]
CenterX=33.7136900070829
CenterY=43.4070091080496
Highest=161
XWidth=56

[LeftLeg]
LowerLegAlpha=0.0785398185253143
LowerLegTheta=-0.0785398185253143
ThighAlpha=-0.0392699092626572
ThighTheta=0.314159274101257

[RightLeg]
LowerLegAlpha=0.0589048638939857
LowerLegTheta=-0.0785398185253143
ThighAlpha=0.0981747731566429
ThighTheta=-0.235619455575943
