[%General]
CenterX=30.7975649974024
CenterY=157.847778455422
Highest=160
XWidth=60

[LeftLeg]
LowerLegAlpha=-0.0785398185253143
LowerLegTheta=0.0392699092626572
ThighAlpha=-0.392699092626572
ThighTheta=0.235619455575943

[RightLeg]
LowerLegAlpha=0.0785398185253143
LowerLegTheta=0
ThighAlpha=0.0392699092626572
ThighTheta=0.235619455575943
