[%General]
CenterX=29.9098408327498
CenterY=205.63568384945
Highest=156
XWidth=59

[LeftLeg]
LowerLegAlpha=0
LowerLegTheta=0.235619455575943
ThighAlpha=-0.117809727787971
ThighTheta=0.549778699874878

[RightLeg]
LowerLegAlpha=-0.0392699092626572
LowerLegTheta=-0.392699092626572
ThighAlpha=0.157079637050629
ThighTheta=-0.471238911151886
