[%General]
CenterX=29.4023845918679
CenterY=210.060140629777
Highest=156
XWidth=58

[LeftLeg]
LowerLegAlpha=-0.0321299210190773
LowerLegTheta=0.106306441128254
ThighAlpha=-0.0606898590922356
ThighTheta=0.534705460071564

[RightLeg]
LowerLegAlpha=0.0249899476766586
LowerLegTheta=-0.750491619110107
ThighAlpha=0.0678298473358154
ThighTheta=-0.249106079339981
