[%General]
CenterX=32.9348213797254
CenterY=60.6432408775097
Highest=157
XWidth=58

[LeftLeg]
LowerLegAlpha=0.0392699092626572
LowerLegTheta=0.314159274101257
ThighAlpha=-0.117809727787971
ThighTheta=0.549778699874878

[RightLeg]
LowerLegAlpha=0.0785398185253143
LowerLegTheta=-0.314159274101257
ThighAlpha=0.117809727787971
ThighTheta=-0.471238911151886
