[%General]
CenterX=26.486719301624
CenterY=227.481199050003
Highest=157
XWidth=52

[LeftLeg]
LowerLegAlpha=0.00356999784708023
LowerLegTheta=0.116279773414135
ThighAlpha=-0.0785398185253143
ThighTheta=0.229159519076347

[RightLeg]
LowerLegAlpha=0.00713998824357986
LowerLegTheta=-0.890117883682251
ThighAlpha=-0.00356999039649963
ThighTheta=0.00340002961456776
