[%General]
CenterX=30.5029051883246
CenterY=197.586665755235
Highest=156
XWidth=60

[LeftLeg]
LowerLegAlpha=-0.0999597683548927
LowerLegTheta=0.342039257287979
ThighAlpha=-0.0392699092626572
ThighTheta=0.544678807258606

[RightLeg]
LowerLegAlpha=0.021419957280159
LowerLegTheta=-0.265879362821579
ThighAlpha=0.103529766201973
ThighTheta=-0.431798994541168
