[%General]
CenterX=29.7053292216817
CenterY=92.1835150277971
Highest=160
XWidth=55

[LeftLeg]
LowerLegAlpha=-0.0785398185253143
LowerLegTheta=-0.0785398185253143
ThighAlpha=-0.0785398185253143
ThighTheta=0.235619455575943

[RightLeg]
LowerLegAlpha=0.0785398185253143
LowerLegTheta=0.0785398185253143
ThighAlpha=0.314159274101257
ThighTheta=0.157079637050629
