[%General]
CenterX=33.6866884840762
CenterY=25.5759796113412
Highest=160
XWidth=52

[LeftLeg]
LowerLegAlpha=-0.157079637050629
LowerLegTheta=-0.471238911151886
ThighAlpha=0.157079637050629
ThighTheta=-0.157079637050629

[RightLeg]
LowerLegAlpha=-0.0785398185253143
LowerLegTheta=0.392699092626572
ThighAlpha=0.196349546313286
ThighTheta=-0.157079637050629
