[%General]
CenterX=25.8896064279219
CenterY=235.443220407271
Highest=160
XWidth=53

[LeftLeg]
LowerLegAlpha=-0.196349546313286
LowerLegTheta=0.235619455575943
ThighAlpha=0
ThighTheta=-0.0785398185253143

[RightLeg]
LowerLegAlpha=0.157079637050629
LowerLegTheta=-0.0785398185253143
ThighAlpha=0.196349546313286
ThighTheta=0.157079637050629
