[%General]
CenterX=29.7472651511156
CenterY=103.327538372277
Highest=161
XWidth=54

[LeftLeg]
LowerLegAlpha=-0.392699092626572
LowerLegTheta=-0.117809727787971
ThighAlpha=-0.0392699092626572
ThighTheta=0

[RightLeg]
LowerLegAlpha=0.392699092626572
LowerLegTheta=-0.785398185253143
ThighAlpha=0
ThighTheta=0.314159274101257
