[%General]
CenterX=30.3294011563146
CenterY=147.393168196043
Highest=159
XWidth=58

[LeftLeg]
LowerLegAlpha=-0.0107099711894989
LowerLegTheta=-0.534705400466919
ThighAlpha=-0.0285599306225777
ThighTheta=-0.391905754804611

[RightLeg]
LowerLegAlpha=-0.0142799615859985
LowerLegTheta=0.030146598815918
ThighAlpha=0.0678298473358154
ThighTheta=0.46489229798317
