[%General]
CenterX=25.4068521353534
CenterY=263.179406640976
Highest=154
XWidth=52

[LeftLeg]
LowerLegAlpha=-0.0392699092626572
LowerLegTheta=-0.235619455575943
ThighAlpha=-0.0981747731566429
ThighTheta=-0.431968986988068

[RightLeg]
LowerLegAlpha=-0.0589048638939857
LowerLegTheta=0.589048624038696
ThighAlpha=-0.0589048638939857
ThighTheta=0.431968986988068
