[%General]
CenterX=32.8547539100468
CenterY=64.2356631616153
Highest=157
XWidth=59

[LeftLeg]
LowerLegAlpha=0
LowerLegTheta=0.235619455575943
ThighAlpha=-0.117809727787971
ThighTheta=0.549778699874878

[RightLeg]
LowerLegAlpha=0.0392699092626572
LowerLegTheta=-0.628318548202515
ThighAlpha=0.196349546313286
ThighTheta=-0.314159274101257
