[%General]
CenterX=25.7751394246124
CenterY=231.744097486672
Highest=159
XWidth=52

[LeftLeg]
LowerLegAlpha=-0.0678298398852348
LowerLegTheta=-0.0364932343363762
ThighAlpha=-0.0785398185253143
ThighTheta=0.179292947053909

[RightLeg]
LowerLegAlpha=0.0249899476766586
LowerLegTheta=-0.959931075572968
ThighAlpha=0.00713998824357986
ThighTheta=0.176119610667229
