[%General]
CenterX=25.4068521353534
CenterY=263.179406640976
Highest=154
XWidth=52

[LeftLeg]
LowerLegAlpha=0.0392699092626572
LowerLegTheta=-0.117809727787971
ThighAlpha=-0.117809727787971
ThighTheta=-0.471238911151886

[RightLeg]
LowerLegAlpha=-0.0785398185253143
LowerLegTheta=0.628318548202515
ThighAlpha=-0.0392699092626572
ThighTheta=0.431968986988068
