[%General]
CenterX=30.1348634112573
CenterY=143.238308749135
Highest=157
XWidth=58

[LeftLeg]
LowerLegAlpha=-0.0142799615859985
LowerLegTheta=-0.534705400466919
ThighAlpha=-0.0606898590922356
ThighTheta=-0.391905754804611

[RightLeg]
LowerLegAlpha=-0.0142799615859985
LowerLegTheta=0.112653113901615
ThighAlpha=0.0321299284696579
ThighTheta=0.534705460071564
