[%General]
CenterX=29.6942845740212
CenterY=127.890984708452
Highest=157
XWidth=58

[LeftLeg]
LowerLegAlpha=-0.0321299210190773
LowerLegTheta=-0.305319279432297
ThighAlpha=-0.0785398185253143
ThighTheta=-0.408679038286209

[RightLeg]
LowerLegAlpha=-0.0999597683548927
LowerLegTheta=0.484838932752609
ThighAlpha=0.0499798879027367
ThighTheta=0.46171897649765
