[%General]
CenterX=28.5981308411215
CenterY=305.801384664088
Highest=146
XWidth=46

[LeftLeg]
LowerLegAlpha=-0.103529758751392
LowerLegTheta=-0.458545595407486
ThighAlpha=-0.0785398185253143
ThighTheta=0.315745949745178

[RightLeg]
LowerLegAlpha=0.0999597758054733
LowerLegTheta=-0.106306403875351
ThighAlpha=0.13922968506813
ThighTheta=0.0364932715892792
