[%General]
CenterX=29.5684261421503
CenterY=99.5644449473803
Highest=161
XWidth=54

[LeftLeg]
LowerLegAlpha=-0.157079637050629
LowerLegTheta=0
ThighAlpha=0
ThighTheta=0

[RightLeg]
LowerLegAlpha=-0.0785398185253143
LowerLegTheta=0
ThighAlpha=0.392699092626572
ThighTheta=0
