[%General]
CenterX=30.8718060875039
CenterY=182.396274524447
Highest=159
XWidth=62

[LeftLeg]
LowerLegAlpha=0.021419957280159
LowerLegTheta=0.179292947053909
ThighAlpha=-0.0785398185253143
ThighTheta=0.46171897649765

[RightLeg]
LowerLegAlpha=0.0107099786400795
LowerLegTheta=-0.0364932343363762
ThighAlpha=0.103529766201973
ThighTheta=-0.318919241428375
