[%General]
CenterX=29.8516653229606
CenterY=118.386359115039
Highest=160
XWidth=58

[LeftLeg]
LowerLegAlpha=-0.103529758751392
LowerLegTheta=-0.215559482574463
ThighAlpha=-0.0285599306225777
ThighTheta=-0.288999319076538

[RightLeg]
LowerLegAlpha=-0.0107099711894989
LowerLegTheta=0.199239581823349
ThighAlpha=-0.00356999039649963
ThighTheta=0.401879131793976
