[%General]
CenterX=30.2576305477716
CenterY=201.615013429764
Highest=155
XWidth=60

[LeftLeg]
LowerLegAlpha=0.0196349546313286
LowerLegTheta=0.274889349937439
ThighAlpha=-0.0981747731566429
ThighTheta=0.549778699874878

[RightLeg]
LowerLegAlpha=0.0589048638939857
LowerLegTheta=-0.471238911151886
ThighAlpha=0.0981747731566429
ThighTheta=-0.392699092626572
