[%General]
CenterX=26.0783030842308
CenterY=246.663011475903
Highest=158
XWidth=55

[LeftLeg]
LowerLegAlpha=-0.0785398185253143
LowerLegTheta=0.0785398185253143
ThighAlpha=-0.0785398185253143
ThighTheta=-0.235619455575943

[RightLeg]
LowerLegAlpha=0.0785398185253143
LowerLegTheta=-0.392699092626572
ThighAlpha=0
ThighTheta=0.471238911151886
