[%General]
CenterX=29.9098408327498
CenterY=205.63568384945
Highest=156
XWidth=59

[LeftLeg]
LowerLegAlpha=0.117809727787971
LowerLegTheta=0.314159274101257
ThighAlpha=-0.196349546313286
ThighTheta=0.471238911151886

[RightLeg]
LowerLegAlpha=0
LowerLegTheta=-0.471238911151886
ThighAlpha=0.117809727787971
ThighTheta=-0.431968986988068
