[%General]
CenterX=28.8455209783257
CenterY=214.839580433486
Highest=157
XWidth=57

[LeftLeg]
LowerLegAlpha=0.021419957280159
LowerLegTheta=0.112653113901615
ThighAlpha=-0.0785398185253143
ThighTheta=0.46171897649765

[RightLeg]
LowerLegAlpha=0.00713998824357986
LowerLegTheta=-0.674331784248352
ThighAlpha=0.0856798067688942
ThighTheta=-0.322092592716217
