[%General]
CenterX=33.7136900070829
CenterY=43.4070091080496
Highest=161
XWidth=56

[LeftLeg]
LowerLegAlpha=0.157079637050629
LowerLegTheta=-0.157079637050629
ThighAlpha=-0.0785398185253143
ThighTheta=0.392699092626572

[RightLeg]
LowerLegAlpha=0
LowerLegTheta=-0.157079637050629
ThighAlpha=0.157079637050629
ThighTheta=-0.235619455575943
