[%General]
CenterX=25.4068521353534
CenterY=263.179406640976
Highest=154
XWidth=52

[LeftLeg]
LowerLegAlpha=0
LowerLegTheta=-0.0785398185253143
ThighAlpha=-0.117809727787971
ThighTheta=-0.471238911151886

[RightLeg]
LowerLegAlpha=-0.0785398185253143
LowerLegTheta=0.549778699874878
ThighAlpha=-0.0392699092626572
ThighTheta=0.471238911151886
