[%General]
CenterX=30.6759000929985
CenterY=151.453500730703
Highest=159
XWidth=59

[LeftLeg]
LowerLegAlpha=0.00356999784708023
LowerLegTheta=-0.770438194274902
ThighAlpha=-0.0606898590922356
ThighTheta=-0.229159444570541

[RightLeg]
LowerLegAlpha=-0.0142799615859985
LowerLegTheta=-0.0795597806572914
ThighAlpha=0.0678298473358154
ThighTheta=0.454919010400772
