[%General]
CenterX=29.1697052662145
CenterY=312.338249019974
Highest=140
XWidth=43

[LeftLeg]
LowerLegAlpha=-0.0678298398852348
LowerLegTheta=-1.09955739974976
ThighAlpha=-0.13922968506813
ThighTheta=0.674331784248352

[RightLeg]
LowerLegAlpha=0.0999597758054733
LowerLegTheta=-0.109479740262032
ThighAlpha=0.0142799690365791
ThighTheta=-0.106306403875351
