[%General]
CenterX=29.5411466887036
CenterY=95.808738767953
Highest=161
XWidth=55

[LeftLeg]
LowerLegAlpha=-0.103529758751392
LowerLegTheta=-0.0333198979496956
ThighAlpha=-0.0642598494887352
ThighTheta=0.106306441128254

[RightLeg]
LowerLegAlpha=-0.0606898590922356
LowerLegTheta=-0.67115843296051
ThighAlpha=0.121379725635052
ThighTheta=-0.0396665707230568
