[%General]
CenterX=29.6942845740212
CenterY=127.890984708452
Highest=157
XWidth=58

[LeftLeg]
LowerLegAlpha=-0.0321299210190773
LowerLegTheta=-0.325265914201736
ThighAlpha=-0.0785398185253143
ThighTheta=-0.388732433319092

[RightLeg]
LowerLegAlpha=-0.082109808921814
LowerLegTheta=0.46489229798317
ThighAlpha=0.0321299284696579
ThighTheta=0.46171897649765
