[%General]
CenterX=25.8896064279219
CenterY=235.443220407271
Highest=160
XWidth=53

[LeftLeg]
LowerLegAlpha=-0.157079637050629
LowerLegTheta=0.112653113901615
ThighAlpha=0.00713998824357986
ThighTheta=-0.0364932343363762

[RightLeg]
LowerLegAlpha=-0.0107099711894989
LowerLegTheta=-0.398252427577972
ThighAlpha=0.13922968506813
ThighTheta=0.245932787656784
