[%General]
CenterX=29.9098408327498
CenterY=205.63568384945
Highest=156
XWidth=59

[LeftLeg]
LowerLegAlpha=0.0196349546313286
LowerLegTheta=0.196349546313286
ThighAlpha=-0.0981747731566429
ThighTheta=0.549778699874878

[RightLeg]
LowerLegAlpha=0.0392699092626572
LowerLegTheta=-0.510508835315704
ThighAlpha=0.0981747731566429
ThighTheta=-0.392699092626572
