[%General]
CenterX=31.0112470659828
CenterY=185.856320090411
Highest=158
XWidth=62

[LeftLeg]
LowerLegAlpha=0.0785398185253143
LowerLegTheta=0.353429168462753
ThighAlpha=-0.0981747731566429
ThighTheta=0.471238911151886

[RightLeg]
LowerLegAlpha=0.0392699092626572
LowerLegTheta=-0.117809727787971
ThighAlpha=0.0981747731566429
ThighTheta=-0.353429168462753
