[%General]
CenterX=25.6425584489641
CenterY=270.277025008825
Highest=154
XWidth=51

[LeftLeg]
LowerLegAlpha=-0.0142799615859985
LowerLegTheta=-0.541052103042603
ThighAlpha=-0.0642598494887352
ThighTheta=-0.388732433319092

[RightLeg]
LowerLegAlpha=-0.0321299210190773
LowerLegTheta=0.458545625209808
ThighAlpha=-0.00356999039649963
ThighTheta=0.46489229798317
