[%General]
CenterX=30.6965490171774
CenterY=164.71407765486
Highest=160
XWidth=61

[LeftLeg]
LowerLegAlpha=0.0392699092626572
LowerLegTheta=-0.314159274101257
ThighAlpha=-0.0785398185253143
ThighTheta=-0.0785398185253143

[RightLeg]
LowerLegAlpha=0.117809727787971
LowerLegTheta=-0.157079637050629
ThighAlpha=0.0392699092626572
ThighTheta=0.157079637050629
