[%General]
CenterX=27.318500971645
CenterY=292.257875998241
Highest=152
XWidth=46

[LeftLeg]
LowerLegAlpha=-0.13922968506813
LowerLegTheta=-0.956757783889771
ThighAlpha=0.0107099786400795
ThighTheta=-0.109479740262032

[RightLeg]
LowerLegAlpha=-0.103529758751392
LowerLegTheta=-0.249106079339981
ThighAlpha=0.0856798067688942
ThighTheta=0.46489229798317
