[%General]
CenterX=30.6759000929985
CenterY=151.453500730703
Highest=159
XWidth=59

[LeftLeg]
LowerLegAlpha=0.0392699092626572
LowerLegTheta=-0.746128261089325
ThighAlpha=-0.0785398185253143
ThighTheta=-0.235619455575943

[RightLeg]
LowerLegAlpha=0
LowerLegTheta=-0.117809727787971
ThighAlpha=0.0785398185253143
ThighTheta=0.471238911151886
