[%General]
CenterX=30.7056416704456
CenterY=168.417054870759
Highest=161
XWidth=61

[LeftLeg]
LowerLegAlpha=0.235619455575943
LowerLegTheta=0.117809727787971
ThighAlpha=-0.274889349937439
ThighTheta=-0.196349546313286

[RightLeg]
LowerLegAlpha=0.353429168462753
LowerLegTheta=-0.117809727787971
ThighAlpha=0.117809727787971
ThighTheta=0.0392699092626572
