[%General]
CenterX=26.1680933655342
CenterY=242.949865338172
Highest=158
XWidth=55

[LeftLeg]
LowerLegAlpha=-0.0785398185253143
LowerLegTheta=0
ThighAlpha=-0.0785398185253143
ThighTheta=-0.157079637050629

[RightLeg]
LowerLegAlpha=0.0785398185253143
LowerLegTheta=-0.628318548202515
ThighAlpha=0.0392699092626572
ThighTheta=0.392699092626572
