[%General]
CenterX=33.7136900070829
CenterY=43.4070091080496
Highest=161
XWidth=56

[LeftLeg]
LowerLegAlpha=0.0785398185253143
LowerLegTheta=-0.117809727787971
ThighAlpha=-0.0392699092626572
ThighTheta=0.353429168462753

[RightLeg]
LowerLegAlpha=0.0589048638939857
LowerLegTheta=-0.157079637050629
ThighAlpha=0.0981747731566429
ThighTheta=-0.196349546313286
