[%General]
CenterX=26.486719301624
CenterY=227.481199050003
Highest=157
XWidth=52

[LeftLeg]
LowerLegAlpha=0.0785398185253143
LowerLegTheta=0.0785398185253143
ThighAlpha=-0.157079637050629
ThighTheta=0.235619455575943

[RightLeg]
LowerLegAlpha=0.196349546313286
LowerLegTheta=0.235619455575943
ThighAlpha=0.196349546313286
ThighTheta=0.157079637050629
