[%General]
CenterX=33.796947551968
CenterY=40.037078035305
Highest=161
XWidth=54

[LeftLeg]
LowerLegAlpha=0.0392699092626572
LowerLegTheta=-0.314159274101257
ThighAlpha=0
ThighTheta=0.314159274101257

[RightLeg]
LowerLegAlpha=0.117809727787971
LowerLegTheta=-0.0785398185253143
ThighAlpha=0.0785398185253143
ThighTheta=-0.157079637050629
