[%General]
CenterX=30.7523982687846
CenterY=193.495448866679
Highest=156
XWidth=61

[LeftLeg]
LowerLegAlpha=0.021419957280159
LowerLegTheta=0.438599050045013
ThighAlpha=-0.0999597683548927
ThighTheta=0.514758884906769

[RightLeg]
LowerLegAlpha=0.021419957280159
LowerLegTheta=-0.182919546961784
ThighAlpha=0.121379725635052
ThighTheta=-0.424998998641968
