[%General]
CenterX=28.2671976346177
CenterY=299.851098118083
Highest=149
XWidth=47

[LeftLeg]
LowerLegAlpha=0.0981747731566429
LowerLegTheta=-0.785398185253143
ThighAlpha=-0.0981747731566429
ThighTheta=0.0392699092626572

[RightLeg]
LowerLegAlpha=-0.0392699092626572
LowerLegTheta=-0.196349546313286
ThighAlpha=0.0981747731566429
ThighTheta=0.235619455575943
