[%General]
CenterX=30.3294011563146
CenterY=147.393168196043
Highest=159
XWidth=58

[LeftLeg]
LowerLegAlpha=-0.0392699092626572
LowerLegTheta=-0.589048624038696
ThighAlpha=-0.0196349546313286
ThighTheta=-0.353429168462753

[RightLeg]
LowerLegAlpha=0
LowerLegTheta=0.0392699092626572
ThighAlpha=0.0589048638939857
ThighTheta=0.471238911151886
