[%General]
CenterX=33.4705748499588
CenterY=32.384977861213
Highest=161
XWidth=53

[LeftLeg]
LowerLegAlpha=0
LowerLegTheta=-0.471238911151886
ThighAlpha=0.0392699092626572
ThighTheta=0.0785398185253143

[RightLeg]
LowerLegAlpha=0.157079637050629
LowerLegTheta=-0.0785398185253143
ThighAlpha=0.0785398185253143
ThighTheta=0
