[%General]
CenterX=25.4345858639792
CenterY=266.617766802376
Highest=153
XWidth=52

[LeftLeg]
LowerLegAlpha=0.0392699092626572
LowerLegTheta=-0.157079637050629
ThighAlpha=-0.117809727787971
ThighTheta=-0.471238911151886

[RightLeg]
LowerLegAlpha=-0.0392699092626572
LowerLegTheta=0.549778699874878
ThighAlpha=-0.0392699092626572
ThighTheta=0.471238911151886
