[%General]
CenterX=33.6375730045425
CenterY=14.0141142115509
Highest=157
XWidth=48

[LeftLeg]
LowerLegAlpha=0.0392699092626572
LowerLegTheta=0.157079637050629
ThighAlpha=-0.353429168462753
ThighTheta=0.196349546313286

[RightLeg]
LowerLegAlpha=0
LowerLegTheta=0.196349546313286
ThighAlpha=0.117809727787971
ThighTheta=0.196349546313286
