[%General]
Highest=161
CenterX=33.493181198718
CenterY=28.6732426666165
XWidth=53

[LeftLeg]
ThighAlpha=0.0981699973344803
ThighTheta=0.0364900007843971
LowerLegAlpha=-0.0981699973344803
LowerLegTheta=-0.610870003700256

[RightLeg]
ThighAlpha=0.0981699973344803
ThighTheta=0.0146797243505716
LowerLegAlpha=0.0464100018143654
LowerLegTheta=0
