[%General]
CenterX=30.3294011563146
CenterY=147.393168196043
Highest=159
XWidth=58

[LeftLeg]
LowerLegAlpha=0
LowerLegTheta=-0.471238911151886
ThighAlpha=-0.0392699092626572
ThighTheta=-0.431968986988068

[RightLeg]
LowerLegAlpha=0.0392699092626572
LowerLegTheta=0.0392699092626572
ThighAlpha=0.0392699092626572
ThighTheta=0.471238911151886
