[%General]
CenterX=30.7056416704456
CenterY=168.417054870759
Highest=161
XWidth=61

[LeftLeg]
LowerLegAlpha=0.0785398185253143
LowerLegTheta=-0.235619455575943
ThighAlpha=-0.157079637050629
ThighTheta=0.0785398185253143

[RightLeg]
LowerLegAlpha=0
LowerLegTheta=0
ThighAlpha=0.117809727787971
ThighTheta=0
