[%General]
CenterX=29.1998664465508
CenterY=310.326723674204
Highest=143
XWidth=45

[LeftLeg]
LowerLegAlpha=-0.157079637050629
LowerLegTheta=-0.628318548202515
ThighAlpha=-0.196349546313286
ThighTheta=0.392699092626572

[RightLeg]
LowerLegAlpha=-0.0785398185253143
LowerLegTheta=-0.314159274101257
ThighAlpha=0.196349546313286
ThighTheta=0.0785398185253143
