[%General]
CenterX=29.9115319148936
CenterY=139.254957446809
Highest=157
XWidth=57

[LeftLeg]
LowerLegAlpha=-0.0589048638939857
LowerLegTheta=-0.510508835315704
ThighAlpha=0
ThighTheta=-0.431968986988068

[RightLeg]
LowerLegAlpha=-0.0785398185253143
LowerLegTheta=0.314159274101257
ThighAlpha=0.0785398185253143
ThighTheta=0.471238911151886
