[%General]
CenterX=29.780247327956
CenterY=131.60611082558
Highest=157
XWidth=57

[LeftLeg]
LowerLegAlpha=0.00356999784708023
LowerLegTheta=-0.461718916893005
ThighAlpha=-0.0785398185253143
ThighTheta=-0.391905754804611

[RightLeg]
LowerLegAlpha=-0.0107099711894989
LowerLegTheta=0.458545625209808
ThighAlpha=-0.0214199498295784
ThighTheta=0.46489229798317
