[%General]
CenterX=27.318500971645
CenterY=292.257875998241
Highest=152
XWidth=46

[LeftLeg]
LowerLegAlpha=0.392699092626572
LowerLegTheta=-0.0785398185253143
ThighAlpha=-0.274889349937439
ThighTheta=0.353429168462753

[RightLeg]
LowerLegAlpha=0.274889349937439
LowerLegTheta=-0.196349546313286
ThighAlpha=0.0785398185253143
ThighTheta=0.431968986988068
