[%General]
CenterX=26.4242672119973
CenterY=279.069665985003
Highest=153
XWidth=48

[LeftLeg]
LowerLegAlpha=-0.0785398185253143
LowerLegTheta=-0.628318548202515
ThighAlpha=0
ThighTheta=-0.314159274101257

[RightLeg]
LowerLegAlpha=0
LowerLegTheta=0.157079637050629
ThighAlpha=0
ThighTheta=0.471238911151886
