[%General]
CenterX=27.407080211716
CenterY=223.444194430949
Highest=158
XWidth=54

[LeftLeg]
LowerLegAlpha=0.0392699092626572
LowerLegTheta=-0.0785398185253143
ThighAlpha=-0.0785398185253143
ThighTheta=0.392699092626572

[RightLeg]
LowerLegAlpha=0
LowerLegTheta=-0.785398185253143
ThighAlpha=0.0196349546313286
ThighTheta=-0.157079637050629
