[%General]
CenterX=33.6866884840762
CenterY=25.5759796113412
Highest=160
XWidth=52

[LeftLeg]
LowerLegAlpha=0.00356999784708023
LowerLegTheta=-0.325719207525253
ThighAlpha=0.046409897506237
ThighTheta=-0.282199323177338

[RightLeg]
LowerLegAlpha=0.0606898665428162
LowerLegTheta=0.229159519076347
ThighAlpha=0.0856798067688942
ThighTheta=-0.0265199020504951
