[%General]
CenterX=29.9098408327498
CenterY=205.63568384945
Highest=156
XWidth=59

[LeftLeg]
LowerLegAlpha=0
LowerLegTheta=0.157079637050629
ThighAlpha=-0.0785398185253143
ThighTheta=0.549778699874878

[RightLeg]
LowerLegAlpha=0.0392699092626572
LowerLegTheta=-0.549778699874878
ThighAlpha=0.0981747731566429
ThighTheta=-0.392699092626572
