[%General]
CenterX=26.1680933655342
CenterY=242.949865338172
Highest=158
XWidth=55

[LeftLeg]
LowerLegAlpha=-0.0678298398852348
LowerLegTheta=0.0333199612796307
ThighAlpha=-0.0785398185253143
ThighTheta=-0.146199628710747

[RightLeg]
LowerLegAlpha=-0.0142799615859985
LowerLegTheta=-0.371959120035172
ThighAlpha=0.0321299284696579
ThighTheta=0.401879131793976
