[%General]
CenterX=28.8455209783257
CenterY=214.839580433486
Highest=157
XWidth=57

[LeftLeg]
LowerLegAlpha=0.0785398185253143
LowerLegTheta=0.117809727787971
ThighAlpha=-0.117809727787971
ThighTheta=0.471238911151886

[RightLeg]
LowerLegAlpha=0.0392699092626572
LowerLegTheta=-0.706858336925507
ThighAlpha=0.0785398185253143
ThighTheta=-0.314159274101257
