[%General]
CenterX=30.9548649484992
CenterY=189.573758896601
Highest=157
XWidth=61

[LeftLeg]
LowerLegAlpha=-0.0856797993183136
LowerLegTheta=0.46171897649765
ThighAlpha=-0.00356999039649963
ThighTheta=0.46489229798317

[RightLeg]
LowerLegAlpha=0.00356999784708023
LowerLegTheta=-0.106306403875351
ThighAlpha=0.0856798067688942
ThighTheta=-0.391905754804611
