[%General]
CenterX=29.6942845740212
CenterY=127.890984708452
Highest=157
XWidth=58

[LeftLeg]
LowerLegAlpha=-0.0392699092626572
LowerLegTheta=-0.314159274101257
ThighAlpha=-0.0785398185253143
ThighTheta=-0.392699092626572

[RightLeg]
LowerLegAlpha=-0.0392699092626572
LowerLegTheta=0.471238911151886
ThighAlpha=0
ThighTheta=0.471238911151886
