[%General]
CenterX=30.6407926263302
CenterY=161.274904483347
Highest=160
XWidth=60

[LeftLeg]
LowerLegAlpha=-0.13922968506813
LowerLegTheta=-1.02974426746368
ThighAlpha=-0.0606898590922356
ThighTheta=0.109479777514935

[RightLeg]
LowerLegAlpha=0.0249899476766586
LowerLegTheta=-0.0364932343363762
ThighAlpha=0.0678298473358154
ThighTheta=0.179292947053909
