[%General]
CenterX=29.9098408327498
CenterY=205.63568384945
Highest=156
XWidth=59

[LeftLeg]
LowerLegAlpha=0.021419957280159
LowerLegTheta=0.199239581823349
ThighAlpha=-0.117809727787971
ThighTheta=0.544678807258606

[RightLeg]
LowerLegAlpha=0.00713998824357986
LowerLegTheta=-0.448118954896927
ThighAlpha=0.13922968506813
ThighTheta=-0.431798994541168
