[%General]
CenterX=29.4023845918679
CenterY=210.060140629777
Highest=156
XWidth=58

[LeftLeg]
LowerLegAlpha=0.0392699092626572
LowerLegTheta=0.235619455575943
ThighAlpha=-0.117809727787971
ThighTheta=0.471238911151886

[RightLeg]
LowerLegAlpha=0.117809727787971
LowerLegTheta=-0.785398185253143
ThighAlpha=0.0392699092626572
ThighTheta=-0.235619455575943
