[%General]
CenterX=31.0112470659828
CenterY=185.856320090411
Highest=158
XWidth=62

[LeftLeg]
LowerLegAlpha=-0.0321299210190773
LowerLegTheta=0.322092622518539
ThighAlpha=-0.0214199498295784
ThighTheta=0.46489229798317

[RightLeg]
LowerLegAlpha=-0.0142799615859985
LowerLegTheta=-0.0364932343363762
ThighAlpha=0.121379725635052
ThighTheta=-0.391905754804611
