[%General]
CenterX=33.3006225689273
CenterY=53.6620661573246
Highest=159
XWidth=58

[LeftLeg]
LowerLegAlpha=-0.0142799615859985
LowerLegTheta=0.388732463121414
ThighAlpha=-0.0392699092626572
ThighTheta=0.391905784606934

[RightLeg]
LowerLegAlpha=0.0285599380731583
LowerLegTheta=-0.24275940656662
ThighAlpha=0.13922968506813
ThighTheta=-0.395079076290131
