[%General]
CenterX=25.3036689061516
CenterY=259.974700818812
Highest=154
XWidth=53

[LeftLeg]
LowerLegAlpha=-0.0499798804521561
LowerLegTheta=-0.275399327278137
ThighAlpha=-0.0785398185253143
ThighTheta=-0.37875908613205

[RightLeg]
LowerLegAlpha=-0.0678298398852348
LowerLegTheta=0.551478803157806
ThighAlpha=-0.0428398996591568
ThighTheta=0.424999058246613
