[%General]
CenterX=26.4242672119973
CenterY=279.069665985003
Highest=153
XWidth=48

[LeftLeg]
LowerLegAlpha=-0.0142799615859985
LowerLegTheta=-0.537878751754761
ThighAlpha=-0.0285599306225777
ThighTheta=-0.391905754804611

[RightLeg]
LowerLegAlpha=0.00713998824357986
LowerLegTheta=0.179292947053909
ThighAlpha=-0.00356999039649963
ThighTheta=0.46489229798317
