[%General]
CenterX=33.5089795121149
CenterY=46.8044347584732
Highest=160
XWidth=56

[LeftLeg]
LowerLegAlpha=0.0589048638939857
LowerLegTheta=0
ThighAlpha=-0.0196349546313286
ThighTheta=0.392699092626572

[RightLeg]
LowerLegAlpha=0.0785398185253143
LowerLegTheta=-0.117809727787971
ThighAlpha=0.0785398185253143
ThighTheta=-0.314159274101257
