[%General]
CenterX=28.3703803107974
CenterY=302.888107571325
Highest=148
XWidth=47

[LeftLeg]
LowerLegAlpha=-0.0785398185253143
LowerLegTheta=-0.471238911151886
ThighAlpha=-0.196349546313286
ThighTheta=0.392699092626572

[RightLeg]
LowerLegAlpha=-0.117809727787971
LowerLegTheta=-0.157079637050629
ThighAlpha=0.196349546313286
ThighTheta=0.157079637050629
