[%General]
CenterX=28.2671976346177
CenterY=299.851098118083
Highest=149
XWidth=47

[LeftLeg]
LowerLegAlpha=0.392699092626572
LowerLegTheta=-0.196349546313286
ThighAlpha=-0.274889349937439
ThighTheta=0.235619455575943

[RightLeg]
LowerLegAlpha=-0.157079637050629
LowerLegTheta=-0.196349546313286
ThighAlpha=0.196349546313286
ThighTheta=0.235619455575943
