[%General]
CenterX=33.5089795121149
CenterY=46.8044347584732
Highest=160
XWidth=56

[LeftLeg]
LowerLegAlpha=0.0392699092626572
LowerLegTheta=0
ThighAlpha=0
ThighTheta=0.392699092626572

[RightLeg]
LowerLegAlpha=0.157079637050629
LowerLegTheta=-0.235619455575943
ThighAlpha=0.0392699092626572
ThighTheta=-0.235619455575943
