[%General]
CenterX=28.0844481605351
CenterY=341.004459308807
Highest=116
XWidth=36

[LeftLeg]
LowerLegAlpha=0.117809727787971
LowerLegTheta=-0.785398185253143
ThighAlpha=-0.392699092626572
ThighTheta=-0.235619455575943

[RightLeg]
LowerLegAlpha=0.392699092626572
LowerLegTheta=-0.785398185253143
ThighAlpha=-0.235619455575943
ThighTheta=-0.274889349937439
