[%General]
CenterX=30.8536677590118
CenterY=178.89244601294
Highest=159
XWidth=60

[LeftLeg]
LowerLegAlpha=0.021419957280159
LowerLegTheta=0.116279773414135
ThighAlpha=-0.0428398996591568
ThighTheta=0.401879131793976

[RightLeg]
LowerLegAlpha=-0.0142799615859985
LowerLegTheta=-0.010199936106801
ThighAlpha=0.103529766201973
ThighTheta=-0.2522794008255
