[%General]
CenterX=30.8170926190963
CenterY=172.113105704355
Highest=160
XWidth=62

[LeftLeg]
LowerLegAlpha=0.00356999784708023
LowerLegTheta=-0.176119565963745
ThighAlpha=-0.0606898590922356
ThighTheta=0.249106109142303

[RightLeg]
LowerLegAlpha=0.0642598569393158
LowerLegTheta=0.0364932715892792
ThighAlpha=0.103529766201973
ThighTheta=-0.106306403875351
