[%General]
CenterX=30.3294011563146
CenterY=147.393168196043
Highest=159
XWidth=58

[LeftLeg]
LowerLegAlpha=-0.0392699092626572
LowerLegTheta=-0.549778699874878
ThighAlpha=0
ThighTheta=-0.392699092626572

[RightLeg]
LowerLegAlpha=-0.0392699092626572
LowerLegTheta=0.0785398185253143
ThighAlpha=0.0785398185253143
ThighTheta=0.471238911151886
