[%General]
CenterX=30.7056416704456
CenterY=168.417054870759
Highest=161
XWidth=61

[LeftLeg]
LowerLegAlpha=0.021419957280159
LowerLegTheta=-0.259079366922379
ThighAlpha=-0.117809727787971
ThighTheta=0.0863598436117172

[RightLeg]
LowerLegAlpha=0.0642598569393158
LowerLegTheta=-0.123079679906368
ThighAlpha=0.103529766201973
ThighTheta=0.0632398948073387
