[%General]
CenterX=29.9244685662596
CenterY=107.345639666362
Highest=161
XWidth=55

[LeftLeg]
LowerLegAlpha=-0.157079637050629
LowerLegTheta=-0.139399647712708
ThighAlpha=-0.0464098900556564
ThighTheta=-0.0863597691059113

[RightLeg]
LowerLegAlpha=0.0606898665428162
LowerLegTheta=-0.418199002742767
ThighAlpha=0.0321299284696579
ThighTheta=0.342039257287979
