[%General]
CenterX=27.801418727199
CenterY=296.126901770031
Highest=150
XWidth=47

[LeftLeg]
LowerLegAlpha=0.392699092626572
LowerLegTheta=-0.117809727787971
ThighAlpha=-0.274889349937439
ThighTheta=0.274889349937439

[RightLeg]
LowerLegAlpha=0.157079637050629
LowerLegTheta=-0.117809727787971
ThighAlpha=0.0785398185253143
ThighTheta=0.274889349937439
