[%General]
CenterX=30.8170926190963
CenterY=172.113105704355
Highest=160
XWidth=62

[LeftLeg]
LowerLegAlpha=0.0785398185253143
LowerLegTheta=-0.235619455575943
ThighAlpha=-0.117809727787971
ThighTheta=0.274889349937439

[RightLeg]
LowerLegAlpha=0.0392699092626572
LowerLegTheta=-0.0392699092626572
ThighAlpha=0.117809727787971
ThighTheta=-0.0392699092626572
