[%General]
Highest=162
CenterX=35.4146810402312
CenterY=107.080951322516
XWidth=60

[LeftLeg]
ThighAlpha=-0.0785398185253143
ThighTheta=0.353429168462753
LowerLegAlpha=0.0785398185253143
LowerLegTheta=-0.353429168462753

[RightLeg]
ThighAlpha=0.0981747731566429
ThighTheta=-0.117809727787971
LowerLegAlpha=0.0981747731566429
LowerLegTheta=-0.0785398185253143
