[%General]
Highest=155
CenterX=33.9988186876
CenterY=254.18062647664
XWidth=56

[LeftLeg]
ThighAlpha=-0.0981747731566429
ThighTheta=0.431968986988068
LowerLegAlpha=0.0196349546313286
LowerLegTheta=0.510508835315704

[RightLeg]
ThighAlpha=0.0589048638939857
ThighTheta=-0.274889349937439
LowerLegAlpha=0.0981747731566429
LowerLegTheta=-0.274889349937439
