[%General]
Highest=155
CenterX=32.5133119909227
CenterY=283.623779227621
XWidth=48

[LeftLeg]
ThighAlpha=-0.0785398185253143
ThighTheta=0.274889349937439
LowerLegAlpha=-0.0392699092626572
LowerLegTheta=0.274889349937439

[RightLeg]
ThighAlpha=0
ThighTheta=-0.157079637050629
LowerLegAlpha=0
LowerLegTheta=-0.746128261089325
