[%General]
Highest=154
CenterX=33.426838831801
CenterY=271.206922660898
XWidth=50

[LeftLeg]
ThighAlpha=-0.0981747731566429
ThighTheta=0.431968986988068
LowerLegAlpha=-0.0785398185253143
LowerLegTheta=0.392699092626572

[RightLeg]
ThighAlpha=0.0589048638939857
ThighTheta=-0.471238911151886
LowerLegAlpha=0.0785398185253143
LowerLegTheta=-0.353429168462753
