[%General]
Highest=154
CenterX=33.5862028115622
CenterY=263.611778023482
XWidth=53

[LeftLeg]
ThighAlpha=-0.0785398185253143
ThighTheta=0.471238911151886
LowerLegAlpha=-0.0981747731566429
LowerLegTheta=0.471238911151886

[RightLeg]
ThighAlpha=0.0589048638939857
ThighTheta=-0.392699092626572
LowerLegAlpha=0.0981747731566429
LowerLegTheta=-0.353429168462753
