[%General]
Highest=154
CenterX=32.1138289150041
CenterY=287.838343809784
XWidth=48

[LeftLeg]
ThighAlpha=-0.0981747731566429
ThighTheta=0.274889349937439
LowerLegAlpha=-0.0785398185253143
LowerLegTheta=0.117809727787971

[RightLeg]
ThighAlpha=-0.0392699092626572
ThighTheta=-0.0392699092626572
LowerLegAlpha=0.0589048638939857
LowerLegTheta=-0.785398185253143
