[%General]
Highest=156
CenterX=32.0418318292991
CenterY=199.750743984867
XWidth=58

[LeftLeg]
ThighAlpha=-0.0981747731566429
ThighTheta=-0.471238911151886
LowerLegAlpha=-0.0589048638939857
LowerLegTheta=-0.314159274101257

[RightLeg]
ThighAlpha=0.0392699092626572
ThighTheta=0.471238911151886
LowerLegAlpha=0.0196349546313286
LowerLegTheta=0.353429168462753
