[%General]
Highest=152
CenterX=31.2279665516326
CenterY=294.877462171489
XWidth=44

[LeftLeg]
ThighAlpha=-0.0785398185253143
ThighTheta=0
LowerLegAlpha=-0.0981747731566429
LowerLegTheta=0.196349546313286

[RightLeg]
ThighAlpha=0.0981747731566429
ThighTheta=0
LowerLegAlpha=0.0981747731566429
LowerLegTheta=0.196349546313286
