[%General]
Highest=158
CenterX=35.6286061406968
CenterY=61.7191712936813
XWidth=54

[LeftLeg]
ThighAlpha=-0.0196349546313286
ThighTheta=-0.431968986988068
LowerLegAlpha=-0.0392699092626572
LowerLegTheta=-0.314159274101257

[RightLeg]
ThighAlpha=0.0981747731566429
ThighTheta=0.471238911151886
LowerLegAlpha=-0.0196349546313286
LowerLegTheta=0.353429168462753
