[%General]
Highest=157
CenterX=36.029553957143
CenterY=146.329574324397
XWidth=58

[LeftLeg]
ThighAlpha=-0.0606898590922356
ThighTheta=-0.431798994541168
LowerLegAlpha=0.00713998824357986
LowerLegTheta=-0.507958829402924

[RightLeg]
ThighAlpha=0.0856798067688942
ThighTheta=0.484838932752609
LowerLegAlpha=-0.0142799615859985
LowerLegTheta=0.252279460430145
