[%General]
Highest=161
CenterX=35.9372358060506
CenterY=123.775248653129
XWidth=59

[LeftLeg]
ThighAlpha=-0.082109808921814
ThighTheta=-0.348839163780212
LowerLegAlpha=-0.0321299210190773
LowerLegTheta=-0.132599666714668

[RightLeg]
ThighAlpha=-0.0214199498295784
ThighTheta=0.401879131793976
LowerLegAlpha=0.0428399071097374
LowerLegTheta=0.305319339036942
