[%General]
Highest=161
CenterX=35.9269487702485
CenterY=94.1881589881396
XWidth=57

[LeftLeg]
ThighAlpha=-0.0464098900556564
ThighTheta=0.312119334936142
LowerLegAlpha=-0.0856797993183136
LowerLegTheta=-0.162519589066505

[RightLeg]
ThighAlpha=0.0856798067688942
ThighTheta=-0.0632398128509521
LowerLegAlpha=0.00356999784708023
LowerLegTheta=-0.890117883682251
