[%General]
Highest=158
CenterX=35.7823381082676
CenterY=133.95407478942
XWidth=56

[LeftLeg]
ThighAlpha=-0.0785398185253143
ThighTheta=-0.408679038286209
LowerLegAlpha=0.00356999784708023
LowerLegTheta=-0.418199002742767

[RightLeg]
ThighAlpha=-0.00356999039649963
ThighTheta=0.484838932752609
LowerLegAlpha=0.00356999784708023
LowerLegTheta=0.49163892865181
