[%General]
Highest=158
CenterX=39.2820779277604
CenterY=63.0259139337986
XWidth=59

[LeftLeg]
ThighAlpha=-0.0999597683548927
ThighTheta=0.424999058246613
LowerLegAlpha=0.021419957280159
LowerLegTheta=0.408679097890854

[RightLeg]
ThighAlpha=0.121379725635052
ThighTheta=-0.401879042387009
LowerLegAlpha=0.021419957280159
LowerLegTheta=-0.348839163780212
