[%General]
Highest=140
CenterX=34.4364891135303
CenterY=312.9375
XWidth=48

[LeftLeg]
ThighAlpha=-0.157079637050629
ThighTheta=0.581398725509644
LowerLegAlpha=-0.157079637050629
LowerLegTheta=-0.724198341369629

[RightLeg]
ThighAlpha=0.13922968506813
ThighTheta=0.199239581823349
LowerLegAlpha=0.13922968506813
LowerLegTheta=-0.454918920993805
