[%General]
Highest=160
CenterX=32.1780067848685
CenterY=245.889086603085
XWidth=52

[LeftLeg]
ThighAlpha=-0.117809727787971
ThighTheta=-0.109479710459709
LowerLegAlpha=-0.103529758751392
LowerLegTheta=0.116279773414135

[RightLeg]
ThighAlpha=0.0499798879027367
ThighTheta=0.424999058246613
LowerLegAlpha=0.0428399071097374
LowerLegTheta=-0.597718596458435
