[%General]
Highest=160
CenterX=35.8857579358343
CenterY=127.221078764217
XWidth=58

[LeftLeg]
ThighAlpha=-0.0785398185253143
ThighTheta=-0.371959120035172
LowerLegAlpha=-0.0321299210190773
LowerLegTheta=-0.206039488315582

[RightLeg]
ThighAlpha=0.103529766201973
ThighTheta=0.395079135894775
LowerLegAlpha=-0.13922968506813
LowerLegTheta=0.498438894748688
