[%General]
Highest=159
CenterX=32.4009665069208
CenterY=249.541966747878
XWidth=52

[LeftLeg]
ThighAlpha=-0.117809727787971
ThighTheta=-0.109479710459709
LowerLegAlpha=-0.0856797993183136
LowerLegTheta=-0.0333198830485344

[RightLeg]
ThighAlpha=-0.00356999039649963
ThighTheta=0.424999058246613
LowerLegAlpha=0.0678298473358154
LowerLegTheta=-0.335239201784134
