[%General]
Highest=160
CenterX=36.8978159972239
CenterY=183.404571874729
XWidth=62

[LeftLeg]
ThighAlpha=-0.0642598494887352
ThighTheta=0.378759175539017
LowerLegAlpha=0.00356999784708023
LowerLegTheta=-0.0564398318529129

[RightLeg]
ThighAlpha=0.0856798067688942
ThighTheta=-0.139399647712708
LowerLegAlpha=0.0606898665428162
LowerLegTheta=-0.070039801299572
