[%General]
Highest=157
CenterX=38.8136822264109
CenterY=70.4453376205788
XWidth=59

[LeftLeg]
ThighAlpha=-0.0785398185253143
ThighTheta=0.484838932752609
LowerLegAlpha=-0.0856797993183136
LowerLegTheta=0.229159519076347

[RightLeg]
ThighAlpha=0.13922968506813
ThighTheta=-0.52155876159668
LowerLegAlpha=0.0606898665428162
LowerLegTheta=-0.365159124135971
