[%General]
Highest=145
CenterX=34.2382803943045
CenterY=301.758844468784
XWidth=49

[LeftLeg]
ThighAlpha=-0.0999597683548927
ThighTheta=0.0265199784189463
LowerLegAlpha=0.021419957280159
LowerLegTheta=-1.09955739974976

[RightLeg]
ThighAlpha=0.13922968506813
ThighTheta=0.371959179639816
LowerLegAlpha=-0.117809727787971
LowerLegTheta=-0.342039197683334
