[%General]
Highest=161
CenterX=36.6736083087314
CenterY=179.913896735552
XWidth=61

[LeftLeg]
ThighAlpha=-0.0999597683548927
ThighTheta=0.31891930103302
LowerLegAlpha=0.021419957280159
LowerLegTheta=-0.206039488315582

[RightLeg]
ThighAlpha=0.0856798067688942
ThighTheta=-0.116279698908329
LowerLegAlpha=0.0606898665428162
LowerLegTheta=0.0632398948073387
