[%General]
Highest=154
CenterX=31.6002996504079
CenterY=268.692969313579
XWidth=51

[LeftLeg]
ThighAlpha=-0.117809727787971
ThighTheta=-0.401879042387009
LowerLegAlpha=-0.0356999114155769
LowerLegTheta=-0.192439526319504

[RightLeg]
ThighAlpha=-0.0392699092626572
ThighTheta=0.484838932752609
LowerLegAlpha=-0.0464098900556564
LowerLegTheta=0.544678807258606
