[%General]
Highest=153
CenterX=31.7165534423373
CenterY=265.523041945189
XWidth=51

[LeftLeg]
ThighAlpha=-0.117809727787971
ThighTheta=-0.408679038286209
LowerLegAlpha=-0.0499798804521561
LowerLegTheta=-0.215559482574463

[RightLeg]
ThighAlpha=-0.0606898590922356
ThighTheta=0.431799054145813
LowerLegAlpha=-0.0464098900556564
LowerLegTheta=0.634438574314117
