[%General]
Highest=157
CenterX=35.8846403812825
CenterY=138.032246533796
XWidth=57

[LeftLeg]
ThighAlpha=-0.0428398996591568
ThighTheta=-0.461718916893005
LowerLegAlpha=-0.0642598494887352
LowerLegTheta=-0.418199002742767

[RightLeg]
ThighAlpha=0.0678298473358154
ThighTheta=0.514758884906769
LowerLegAlpha=-0.0321299210190773
LowerLegTheta=0.342039257287979
