[%General]
Highest=159
CenterX=38.1700992123684
CenterY=78.5986786665318
XWidth=59

[LeftLeg]
ThighAlpha=-0.117809727787971
ThighTheta=0.46171897649765
LowerLegAlpha=-0.0142799615859985
LowerLegTheta=0.109479792416096

[RightLeg]
ThighAlpha=0.13922968506813
ThighTheta=-0.342039197683334
LowerLegAlpha=0.021419957280159
LowerLegTheta=-0.724198341369629
