[%General]
Highest=160
CenterX=39.5520938132174
CenterY=59.3537143413494
XWidth=58

[LeftLeg]
ThighAlpha=-0.0392699092626572
ThighTheta=0.401879131793976
LowerLegAlpha=0.00356999784708023
LowerLegTheta=0.34883925318718

[RightLeg]
ThighAlpha=0.13922968506813
ThighTheta=-0.401879042387009
LowerLegAlpha=0.00713998824357986
LowerLegTheta=-0.259079366922379
