[%General]
Highest=158
CenterX=38.5104912121581
CenterY=74.4293820305501
XWidth=61

[LeftLeg]
ThighAlpha=-0.0785398185253143
ThighTheta=0.454919010400772
LowerLegAlpha=-0.082109808921814
LowerLegTheta=0.235959500074387

[RightLeg]
ThighAlpha=0.13922968506813
ThighTheta=-0.401879042387009
LowerLegAlpha=0.0606898665428162
LowerLegTheta=-0.567798674106598
