[%General]
Highest=159
CenterX=31.7795623637714
CenterY=238.618852209491
XWidth=53

[LeftLeg]
ThighAlpha=-0.117809727787971
ThighTheta=-0.00339995324611664
LowerLegAlpha=-0.0678298398852348
LowerLegTheta=0.18291962146759

[RightLeg]
ThighAlpha=0.103529766201973
ThighTheta=0.176119640469551
LowerLegAlpha=-0.157079637050629
LowerLegTheta=-0.890117883682251
