[%General]
Highest=157
CenterX=35.8553886066371
CenterY=142.23865528051
XWidth=56

[LeftLeg]
ThighAlpha=-0.0464098900556564
ThighTheta=-0.461718916893005
LowerLegAlpha=-0.0107099711894989
LowerLegTheta=-0.478038877248764

[RightLeg]
ThighAlpha=0.0499798879027367
ThighTheta=0.484838932752609
LowerLegAlpha=0.021419957280159
LowerLegTheta=0.312119334936142
