[%General]
Highest=153
CenterX=31.7889213321484
CenterY=275.702932588549
XWidth=48

[LeftLeg]
ThighAlpha=-0.0999597683548927
ThighTheta=-0.348839163780212
LowerLegAlpha=-0.0107099711894989
LowerLegTheta=-0.501158833503723

[RightLeg]
ThighAlpha=-0.0214199498295784
ThighTheta=0.514758884906769
LowerLegAlpha=0.021419957280159
LowerLegTheta=0.371959179639816
