[%General]
Highest=150
CenterX=32.9562074399641
CenterY=289.315367154857
XWidth=46

[LeftLeg]
ThighAlpha=-0.0107099711894989
ThighTheta=-0.288999319076538
LowerLegAlpha=-0.0678298398852348
LowerLegTheta=-0.657558441162109

[RightLeg]
ThighAlpha=-0.00356999039649963
ThighTheta=0.567798733711243
LowerLegAlpha=0.00713998824357986
LowerLegTheta=-0.169319570064545
