[%General]
Highest=161
CenterX=36.7161887583801
CenterY=168.640161681136
XWidth=59

[LeftLeg]
ThighAlpha=-0.0999597683548927
ThighTheta=0.0863598436117172
LowerLegAlpha=0.00356999784708023
LowerLegTheta=-0.866998016834259

[RightLeg]
ThighAlpha=0.0856798067688942
ThighTheta=0.176119640469551
LowerLegAlpha=0.0821098163723946
LowerLegTheta=-0.0564398318529129
