[%General]
Highest=158
CenterX=37.3305602794503
CenterY=194.518315944294
XWidth=61

[LeftLeg]
ThighAlpha=-0.0392699092626572
ThighTheta=0.454919010400772
LowerLegAlpha=-0.0678298398852348
LowerLegTheta=0.408679097890854

[RightLeg]
ThighAlpha=0.13922968506813
ThighTheta=-0.348839163780212
LowerLegAlpha=0.00713998824357986
LowerLegTheta=-0.139399647712708
