[%General]
Highest=158
CenterX=36.8964549449033
CenterY=158.613057581265
XWidth=59

[LeftLeg]
ThighAlpha=-0.024989940226078
ThighTheta=-0.235959425568581
LowerLegAlpha=0.00356999784708023
LowerLegTheta=-0.770438194274902

[RightLeg]
ThighAlpha=0.0856798067688942
ThighTheta=0.395079135894775
LowerLegAlpha=0.00356999784708023
LowerLegTheta=-0.0197199191898108
