[%General]
Highest=161
CenterX=36.8347625953717
CenterY=172.370840952561
XWidth=60

[LeftLeg]
ThighAlpha=-0.0392699092626572
ThighTheta=0.0197199955582619
LowerLegAlpha=-0.0321299210190773
LowerLegTheta=-0.2454794049263

[RightLeg]
ThighAlpha=0.046409897506237
ThighTheta=0.0265199784189463
LowerLegAlpha=0.0999597758054733
LowerLegTheta=0.0632398948073387
