[%General]
Highest=158
CenterX=31.9477457622507
CenterY=256.12401708704
XWidth=53

[LeftLeg]
ThighAlpha=-0.117809727787971
ThighTheta=-0.265879362821579
LowerLegAlpha=-0.0678298398852348
LowerLegTheta=-0.0197199191898108

[RightLeg]
ThighAlpha=-0.0428398996591568
ThighTheta=0.431799054145813
LowerLegAlpha=0.021419957280159
LowerLegTheta=0.0564399100840092
