[%General]
Highest=162
CenterX=39.9336711669362
CenterY=38.0958971080441
XWidth=55

[LeftLeg]
ThighAlpha=0.046409897506237
ThighTheta=0.152999684214592
LowerLegAlpha=-0.0499798804521561
LowerLegTheta=-0.498438835144043

[RightLeg]
ThighAlpha=0.121379725635052
ThighTheta=0.0632398948073387
LowerLegAlpha=0.0606898665428162
LowerLegTheta=-0.212839469313622
