[%General]
Highest=157
CenterX=38.9795014885039
CenterY=66.6263250980435
XWidth=59

[LeftLeg]
ThighAlpha=-0.0785398185253143
ThighTheta=0.484838932752609
LowerLegAlpha=-0.0499798804521561
LowerLegTheta=0.31891930103302

[RightLeg]
ThighAlpha=0.13922968506813
ThighTheta=-0.424998998641968
LowerLegAlpha=0.0107099786400795
LowerLegTheta=-0.431798994541168
