[%General]
Highest=161
CenterX=35.7227859187423
CenterY=98.1468043747597
XWidth=56

[LeftLeg]
ThighAlpha=-0.0642598494887352
ThighTheta=0.139399722218513
LowerLegAlpha=-0.0678298398852348
LowerLegTheta=-0.0265199020504951

[RightLeg]
ThighAlpha=0.103529766201973
ThighTheta=0.0564399100840092
LowerLegAlpha=-0.0107099711894989
LowerLegTheta=-0.920037806034088
