[%General]
Highest=162
CenterX=35.8361202992214
CenterY=101.645402269605
XWidth=56

[LeftLeg]
ThighAlpha=-0.0606898590922356
ThighTheta=-0.00339995324611664
LowerLegAlpha=-0.103529758751392
LowerLegTheta=0.0333199612796307

[RightLeg]
ThighAlpha=0.0499798879027367
ThighTheta=0.229159519076347
LowerLegAlpha=0.13922968506813
LowerLegTheta=-0.926837861537933
