[%General]
Highest=158
CenterX=31.9179056468906
CenterY=242.391803669288
XWidth=52

[LeftLeg]
ThighAlpha=-0.117809727787971
ThighTheta=-0.0632398128509521
LowerLegAlpha=-0.0856797993183136
LowerLegTheta=0.152999684214592

[RightLeg]
ThighAlpha=0.13922968506813
ThighTheta=0.401879131793976
LowerLegAlpha=0.0999597758054733
LowerLegTheta=-0.38827908039093
