[%General]
Highest=155
CenterX=36.0601252198728
CenterY=209.444801161174
XWidth=60

[LeftLeg]
ThighAlpha=-0.0606898590922356
ThighTheta=0.544678807258606
LowerLegAlpha=-0.117809727787971
LowerLegTheta=0.259079456329346

[RightLeg]
ThighAlpha=0.103529766201973
ThighTheta=-0.371959120035172
LowerLegAlpha=0.0606898665428162
LowerLegTheta=-0.484838873147964
