[%General]
Highest=161
CenterX=36.0754693764548
CenterY=120.527608871753
XWidth=57

[LeftLeg]
ThighAlpha=-0.0392699092626572
ThighTheta=-0.259079366922379
LowerLegAlpha=-0.0856797993183136
LowerLegTheta=-0.169319570064545

[RightLeg]
ThighAlpha=0.0142799690365791
ThighTheta=0.424999058246613
LowerLegAlpha=0.00356999784708023
LowerLegTheta=0.070039875805378
