[%General]
Highest=168
CenterX=41.0303802216006
CenterY=197.076981981278
XWidth=61

[LeftLeg]
ThighAlpha=-0.13922968506813
ThighTheta=-0.401879042387009
LowerLegAlpha=0.0606898665428162
LowerLegTheta=-0.657558441162109

[RightLeg]
ThighAlpha=0.0321299284696579
ThighTheta=0.424999058246613
LowerLegAlpha=0.00356999784708023
LowerLegTheta=0.49163892865181
