[%General]
Highest=170
CenterX=40.7759597918573
CenterY=174.364331662547
XWidth=62

[LeftLeg]
ThighAlpha=-0.0606898590922356
ThighTheta=-0.491638839244843
LowerLegAlpha=0.00356999784708023
LowerLegTheta=-0.132599666714668

[RightLeg]
ThighAlpha=-0.00713998079299927
ThighTheta=0.514758884906769
LowerLegAlpha=-0.024989940226078
LowerLegTheta=0.544678807258606
