[%General]
Highest=166
CenterX=40.8273340312846
CenterY=261.020969331198
XWidth=52

[LeftLeg]
ThighAlpha=-0.0785398185253143
ThighTheta=0.567798733711243
LowerLegAlpha=0.021419957280159
LowerLegTheta=0.521558880805969

[RightLeg]
ThighAlpha=0.0321299284696579
ThighTheta=-0.484838873147964
LowerLegAlpha=0.0821098163723946
LowerLegTheta=-0.282199323177338
