[%General]
Highest=172
CenterX=43.4804574268149
CenterY=232.556684611219
XWidth=57

[LeftLeg]
ThighAlpha=0.0499798879027367
ThighTheta=0.484838932752609
LowerLegAlpha=-0.0142799615859985
LowerLegTheta=-0.358359158039093

[RightLeg]
ThighAlpha=0.13922968506813
ThighTheta=0.00340002961456776
LowerLegAlpha=-0.00713998079299927
LowerLegTheta=-0.235959425568581
