[%General]
Highest=173
CenterX=41.0191208276508
CenterY=166.287294568197
XWidth=63

[LeftLeg]
ThighAlpha=-0.082109808921814
ThighTheta=-0.318919241428375
LowerLegAlpha=-0.0321299210190773
LowerLegTheta=-0.215559482574463

[RightLeg]
ThighAlpha=0.0285599380731583
ThighTheta=0.49163892865181
LowerLegAlpha=-0.0285599306225777
LowerLegTheta=0.288999378681183
