[%General]
Highest=169
CenterX=46.1835254006137
CenterY=46.4536106375725
XWidth=52

[LeftLeg]
ThighAlpha=0.0499798879027367
ThighTheta=-0.229159444570541
LowerLegAlpha=0.0606898665428162
LowerLegTheta=-0.94995778799057

[RightLeg]
ThighAlpha=0.0499798879027367
ThighTheta=0.454919010400772
LowerLegAlpha=0.046409897506237
LowerLegTheta=-0.139399647712708
