[%General]
Highest=169
CenterX=44.489192112242
CenterY=21.1296798376224
XWidth=50

[LeftLeg]
ThighAlpha=0.0856798067688942
ThighTheta=-0.424998998641968
LowerLegAlpha=-0.121379718184471
LowerLegTheta=-0.0632398128509521

[RightLeg]
ThighAlpha=-0.0785398185253143
ThighTheta=0.454919010400772
LowerLegAlpha=0.0428399071097374
LowerLegTheta=0.408679097890854
