[%General]
Highest=174
CenterX=46.963921349271
CenterY=76.1399370113209
XWidth=57

[LeftLeg]
ThighAlpha=0.046409897506237
ThighTheta=0.484838932752609
LowerLegAlpha=0.0606898665428162
LowerLegTheta=-0.342039197683334

[RightLeg]
ThighAlpha=0.0856798067688942
ThighTheta=-0.176119565963745
LowerLegAlpha=0.0107099786400795
LowerLegTheta=-0.169319570064545
