[%General]
Highest=171
CenterX=47.4135918955157
CenterY=53.8501018026518
XWidth=55

[LeftLeg]
ThighAlpha=0.0499798879027367
ThighTheta=-0.192439526319504
LowerLegAlpha=0.021419957280159
LowerLegTheta=-0.81395810842514

[RightLeg]
ThighAlpha=0.13922968506813
ThighTheta=0.229159519076347
LowerLegAlpha=-0.0321299210190773
LowerLegTheta=-0.010199936106801
