[%General]
Highest=172
CenterX=43.2290143612564
CenterY=228.406016123906
XWidth=57

[LeftLeg]
ThighAlpha=-0.024989940226078
ThighTheta=0.484838932752609
LowerLegAlpha=0.0249899476766586
LowerLegTheta=-0.754118263721466

[RightLeg]
ThighAlpha=0.13922968506813
ThighTheta=0.116279773414135
LowerLegAlpha=0.0606898665428162
LowerLegTheta=-0.235959425568581
