[%General]
Highest=157
CenterX=38.4386322073082
CenterY=285.997274076119
XWidth=49

[LeftLeg]
ThighAlpha=-0.117809727787971
ThighTheta=0.544678807258606
LowerLegAlpha=0.00356999784708023
LowerLegTheta=0.0197199955582619

[RightLeg]
ThighAlpha=0.13922968506813
ThighTheta=0.537878811359406
LowerLegAlpha=0.13922968506813
LowerLegTheta=0.0632398948073387
