[%General]
Highest=168
CenterX=45.0997024421682
CenterY=33.90985506054
XWidth=51

[LeftLeg]
ThighAlpha=-0.00356999039649963
ThighTheta=-0.574598670005798
LowerLegAlpha=-0.0142799615859985
LowerLegTheta=-0.282199323177338

[RightLeg]
ThighAlpha=0.0321299284696579
ThighTheta=0.46171897649765
LowerLegAlpha=0.0821098163723946
LowerLegTheta=0.139399722218513
