[%General]
Highest=172
CenterX=40.9955382270974
CenterY=170.951030326327
XWidth=63

[LeftLeg]
ThighAlpha=-0.0785398185253143
ThighTheta=-0.454918920993805
LowerLegAlpha=0.00356999784708023
LowerLegTheta=-0.123079679906368

[RightLeg]
ThighAlpha=-0.0214199498295784
ThighTheta=0.454919010400772
LowerLegAlpha=-0.00713998079299927
LowerLegTheta=0.521558880805969
