[%General]
Highest=173
CenterX=46.8738872565618
CenterY=62.1155068648761
XWidth=57

[LeftLeg]
ThighAlpha=-0.00713998079299927
ThighTheta=0.229159519076347
LowerLegAlpha=0.021419957280159
LowerLegTheta=-1.09955739974976

[RightLeg]
ThighAlpha=0.13922968506813
ThighTheta=0.0564399100840092
LowerLegAlpha=-0.0107099711894989
LowerLegTheta=0.00340002961456776
