[%General]
Highest=170
CenterX=44.3110805609018
CenterY=97.7863211437998
XWidth=57

[LeftLeg]
ThighAlpha=-0.0285599306225777
ThighTheta=0.567798733711243
LowerLegAlpha=-0.0321299210190773
LowerLegTheta=0.408679097890854

[RightLeg]
ThighAlpha=0.0499798879027367
ThighTheta=-0.491638839244843
LowerLegAlpha=0.0428399071097374
LowerLegTheta=-0.365159124135971
