[%General]
Highest=170
CenterX=42.3714091284694
CenterY=241.745961535346
XWidth=57

[LeftLeg]
ThighAlpha=-0.0214199498295784
ThighTheta=0.627638638019562
LowerLegAlpha=0.021419957280159
LowerLegTheta=0.0931598246097565

[RightLeg]
ThighAlpha=0.0856798067688942
ThighTheta=-0.259079366922379
LowerLegAlpha=-0.0107099711894989
LowerLegTheta=-0.0863597691059113
