[%General]
Highest=166
CenterX=40.9691298736381
CenterY=256.794339226221
XWidth=55

[LeftLeg]
ThighAlpha=-0.024989940226078
ThighTheta=0.59771865606308
LowerLegAlpha=0.021419957280159
LowerLegTheta=0.484838932752609

[RightLeg]
ThighAlpha=0.0499798879027367
ThighTheta=-0.401879042387009
LowerLegAlpha=0.021419957280159
LowerLegTheta=-0.288999319076538
