[%General]
Highest=175
CenterX=40.306523948242
CenterY=138.513691484317
XWidth=60

[LeftLeg]
ThighAlpha=-0.117809727787971
ThighTheta=0.259079456329346
LowerLegAlpha=-0.0856797993183136
LowerLegTheta=-0.116279698908329

[RightLeg]
ThighAlpha=0.13922968506813
ThighTheta=0.295799374580383
LowerLegAlpha=-0.157079637050629
LowerLegTheta=-0.926837861537933
