[%General]
Highest=170
CenterX=41.1707599965204
CenterY=126.334720329399
XWidth=61

[LeftLeg]
ThighAlpha=-0.13922968506813
ThighTheta=0.454919010400772
LowerLegAlpha=-0.0321299210190773
LowerLegTheta=0.070039875805378

[RightLeg]
ThighAlpha=0.0642598569393158
ThighTheta=-0.139399647712708
LowerLegAlpha=0.021419957280159
LowerLegTheta=-0.979877710342407
