[%General]
Highest=169
CenterX=45.4491671293726
CenterY=42.3879372570794
XWidth=52

[LeftLeg]
ThighAlpha=0.046409897506237
ThighTheta=-0.342039197683334
LowerLegAlpha=0.0606898665428162
LowerLegTheta=-0.80715811252594

[RightLeg]
ThighAlpha=0.0499798879027367
ThighTheta=0.514758884906769
LowerLegAlpha=0.00713998824357986
LowerLegTheta=-0.0795597806572914
