[%General]
Highest=175
CenterX=40.9221494027861
CenterY=147.079836581837
XWidth=61

[LeftLeg]
ThighAlpha=-0.117809727787971
ThighTheta=0.116279773414135
LowerLegAlpha=-0.13922968506813
LowerLegTheta=-0.146199628710747

[RightLeg]
ThighAlpha=0.121379725635052
ThighTheta=0.199239581823349
LowerLegAlpha=0.0606898665428162
LowerLegTheta=-0.2454794049263
