[%General]
Highest=167
CenterX=41.4064139941691
CenterY=251.753994169096
XWidth=56

[LeftLeg]
ThighAlpha=-0.0392699092626572
ThighTheta=0.567798733711243
LowerLegAlpha=0.021419957280159
LowerLegTheta=0.49163892865181

[RightLeg]
ThighAlpha=0.0499798879027367
ThighTheta=-0.431798994541168
LowerLegAlpha=0.0428399071097374
LowerLegTheta=-0.169319570064545
