[%General]
Highest=169
CenterX=40.4156984285188
CenterY=183.528855999891
XWidth=62

[LeftLeg]
ThighAlpha=-0.0999597683548927
ThighTheta=-0.491638839244843
LowerLegAlpha=0.00713998824357986
LowerLegTheta=-0.358359158039093

[RightLeg]
ThighAlpha=0.0142799690365791
ThighTheta=0.514758884906769
LowerLegAlpha=-0.0107099711894989
LowerLegTheta=0.46171897649765
