[%General]
Highest=162
CenterX=40.1705909237097
CenterY=270.204868222828
XWidth=51

[LeftLeg]
ThighAlpha=-0.0785398185253143
ThighTheta=0.627638638019562
LowerLegAlpha=-0.0107099711894989
LowerLegTheta=0.312119334936142

[RightLeg]
ThighAlpha=0.0856798067688942
ThighTheta=-0.342039197683334
LowerLegAlpha=0.0428399071097374
LowerLegTheta=-0.837078034877777
