[%General]
Highest=173
CenterX=46.8263810976978
CenterY=66.5928286137414
XWidth=57

[LeftLeg]
ThighAlpha=-0.0999597683548927
ThighTheta=0.132599741220474
LowerLegAlpha=0.021419957280159
LowerLegTheta=-0.418199002742767

[RightLeg]
ThighAlpha=0.13922968506813
ThighTheta=-0.00339995324611664
LowerLegAlpha=0.0285599380731583
LowerLegTheta=-0.139399647712708
