[%General]
Highest=168
CenterX=45.0986088379705
CenterY=29.4807419530824
XWidth=50

[LeftLeg]
ThighAlpha=0.0678298473358154
ThighTheta=-0.597718596458435
LowerLegAlpha=-0.103529758751392
LowerLegTheta=-0.146199628710747

[RightLeg]
ThighAlpha=0.0107099786400795
ThighTheta=0.514758884906769
LowerLegAlpha=0.0107099786400795
LowerLegTheta=0.199239581823349
