[%General]
Highest=169
CenterX=42.2022521205031
CenterY=116.488212927757
XWidth=60

[LeftLeg]
ThighAlpha=-0.157079637050629
ThighTheta=0.627638638019562
LowerLegAlpha=-0.0107099711894989
LowerLegTheta=0.0863598436117172

[RightLeg]
ThighAlpha=0.0678298473358154
ThighTheta=-0.312119245529175
LowerLegAlpha=0.0428399071097374
LowerLegTheta=-0.80715811252594
