[%General]
Highest=175
CenterX=41.0911150782752
CenterY=156.479978028014
XWidth=62

[LeftLeg]
ThighAlpha=-0.082109808921814
ThighTheta=-0.0564398318529129
LowerLegAlpha=-0.0856797993183136
LowerLegTheta=-0.259079366922379

[RightLeg]
ThighAlpha=0.0321299284696579
ThighTheta=0.514758884906769
LowerLegAlpha=-0.0321299210190773
LowerLegTheta=-0.215559482574463
