[%General]
Highest=170
CenterX=44.0779691315659
CenterY=15.8207587825004
XWidth=49

[LeftLeg]
ThighAlpha=0.0856798067688942
ThighTheta=-0.401879042387009
LowerLegAlpha=-0.13922968506813
LowerLegTheta=0.0632398948073387

[RightLeg]
ThighAlpha=-0.0214199498295784
ThighTheta=0.222359538078308
LowerLegAlpha=-0.0999597683548927
LowerLegTheta=0.378759175539017
