[%General]
Highest=169
CenterX=40.5027122887544
CenterY=191.976841226789
XWidth=61

[LeftLeg]
ThighAlpha=-0.103529758751392
ThighTheta=-0.454918920993805
LowerLegAlpha=-0.0142799615859985
LowerLegTheta=-0.537878751754761

[RightLeg]
ThighAlpha=-0.0214199498295784
ThighTheta=0.514758884906769
LowerLegAlpha=0.0606898665428162
LowerLegTheta=0.342039257287979
