[%General]
Highest=169
CenterX=40.4961936497616
CenterY=178.652254009536
XWidth=61

[LeftLeg]
ThighAlpha=-0.0999597683548927
ThighTheta=-0.484838873147964
LowerLegAlpha=0.021419957280159
LowerLegTheta=-0.182919546961784

[RightLeg]
ThighAlpha=-0.00356999039649963
ThighTheta=0.544678807258606
LowerLegAlpha=0.00713998824357986
LowerLegTheta=0.484838932752609
