[%General]
Highest=171
CenterX=40.3784372565427
CenterY=130.603023920132
XWidth=60

[LeftLeg]
ThighAlpha=-0.117809727787971
ThighTheta=0.454919010400772
LowerLegAlpha=-0.0856797993183136
LowerLegTheta=-0.0795597806572914

[RightLeg]
ThighAlpha=0.0142799690365791
ThighTheta=0.00340002961456776
LowerLegAlpha=0.021419957280159
LowerLegTheta=-1.06963741779327
