[%General]
Highest=146
CenterX=39.0573132465371
CenterY=129.220030164867
XWidth=47

[LeftLeg]
ThighAlpha=-0.0589048638939857
ThighTheta=-0.471238911151886
LowerLegAlpha=-0.0196349546313286
LowerLegTheta=-0.510508835315704

[RightLeg]
ThighAlpha=0.0785398185253143
ThighTheta=0.589048624038696
LowerLegAlpha=0
LowerLegTheta=0.196349546313286
