[%General]
Highest=148
CenterX=37.6722463286956
CenterY=78.497521580012
XWidth=56

[LeftLeg]
ThighAlpha=-0.0981747731566429
ThighTheta=0.274889349937439
LowerLegAlpha=-0.0981747731566429
LowerLegTheta=0

[RightLeg]
ThighAlpha=0.0981747731566429
ThighTheta=-0.196349546313286
LowerLegAlpha=0.0196349546313286
LowerLegTheta=-0.785398185253143
