[%General]
Highest=146
CenterX=31.1076712494213
CenterY=240.616075202802
XWidth=52

[LeftLeg]
ThighAlpha=-0.0981747731566429
ThighTheta=-0.196349546313286
LowerLegAlpha=-0.0785398185253143
LowerLegTheta=0

[RightLeg]
ThighAlpha=-0.0196349546313286
ThighTheta=0.471238911151886
LowerLegAlpha=0.0981747731566429
LowerLegTheta=-0.353429168462753
