[%General]
Highest=145
CenterX=39.341065460979
CenterY=139.472684382651
XWidth=47

[LeftLeg]
ThighAlpha=-0.0392699092626572
ThighTheta=-0.353429168462753
LowerLegAlpha=0
LowerLegTheta=-0.785398185253143

[RightLeg]
ThighAlpha=0.0981747731566429
ThighTheta=0.510508835315704
LowerLegAlpha=-0.0196349546313286
LowerLegTheta=0.0392699092626572
