[%General]
Highest=143
CenterX=29.1003120725034
CenterY=300.238500341997
XWidth=38

[LeftLeg]
ThighAlpha=-0.0981747731566429
ThighTheta=0.117809727787971
LowerLegAlpha=-0.0981747731566429
LowerLegTheta=-0.0785398185253143

[RightLeg]
ThighAlpha=0.0981747731566429
ThighTheta=0.235619455575943
LowerLegAlpha=-0.0196349546313286
LowerLegTheta=-0.235619455575943
