[%General]
Highest=151
CenterX=25.286101523393
CenterY=258.162260332147
XWidth=50

[LeftLeg]
ThighAlpha=-0.0428398996591568
ThighTheta=-0.388732433319092
LowerLegAlpha=-0.0107099711894989
LowerLegTheta=-0.680678427219391

[RightLeg]
ThighAlpha=0.0856798067688942
ThighTheta=0.391905784606934
LowerLegAlpha=0.00713998824357986
LowerLegTheta=0.388732463121414
