[%General]
Highest=155
CenterX=32.2775331590142
CenterY=89.5389034154801
XWidth=53

[LeftLeg]
ThighAlpha=-0.0107099711894989
ThighTheta=-0.431798994541168
LowerLegAlpha=-0.103529758751392
LowerLegTheta=-0.537878751754761

[RightLeg]
ThighAlpha=0.13922968506813
ThighTheta=0.514758884906769
LowerLegAlpha=-0.0107099711894989
LowerLegTheta=0.371959179639816
