[%General]
Highest=157
CenterX=32.4948667906182
CenterY=38.6815216010532
XWidth=54

[LeftLeg]
ThighAlpha=-0.0589048638939857
ThighTheta=0.510508835315704
LowerLegAlpha=-0.0981747731566429
LowerLegTheta=-0.274889349937439

[RightLeg]
ThighAlpha=0.0589048638939857
ThighTheta=-0.196349546313286
LowerLegAlpha=0.0196349546313286
LowerLegTheta=-0.785398185253143
