[%General]
Highest=156
CenterX=32.8634510509875
CenterY=35.6195928416371
XWidth=52

[LeftLeg]
ThighAlpha=-0.13922968506813
ThighTheta=0.395079135894775
LowerLegAlpha=-0.0285599306225777
LowerLegTheta=-0.0396665707230568

[RightLeg]
ThighAlpha=0.0678298473358154
ThighTheta=-0.322092592716217
LowerLegAlpha=0.00356999784708023
LowerLegTheta=-0.747318267822266
