[%General]
Highest=152
CenterX=24.8026973736099
CenterY=237.495985487814
XWidth=50

[LeftLeg]
ThighAlpha=-0.0999597683548927
ThighTheta=-0.507958829402924
LowerLegAlpha=0.00356999784708023
LowerLegTheta=-0.24275940656662

[RightLeg]
ThighAlpha=-0.00356999039649963
ThighTheta=0.454919010400772
LowerLegAlpha=-0.0142799615859985
LowerLegTheta=0.611318647861481
