[%General]
Highest=155
CenterX=31.4471128377185
CenterY=104.447941428164
XWidth=52

[LeftLeg]
ThighAlpha=0.0142799690365791
ThighTheta=-0.325265914201736
LowerLegAlpha=-0.0678298398852348
LowerLegTheta=-0.817131459712982

[RightLeg]
ThighAlpha=0.13922968506813
ThighTheta=0.46171897649765
LowerLegAlpha=-0.024989940226078
LowerLegTheta=0.109479777514935
