[%General]
Highest=155
CenterX=24.2318248912884
CenterY=224.459314618545
XWidth=51

[LeftLeg]
ThighAlpha=-0.0785398185253143
ThighTheta=-0.318919241428375
LowerLegAlpha=-0.103529758751392
LowerLegTheta=-0.106306403875351

[RightLeg]
ThighAlpha=-0.0214199498295784
ThighTheta=0.395079135894775
LowerLegAlpha=-0.0464098900556564
LowerLegTheta=0.245932787656784
