[%General]
Highest=155
CenterX=28.6450489662677
CenterY=158.154771810792
XWidth=55

[LeftLeg]
ThighAlpha=-0.157079637050629
ThighTheta=0.534705460071564
LowerLegAlpha=0.0428399071097374
LowerLegTheta=0.46171897649765

[RightLeg]
ThighAlpha=0.121379725635052
ThighTheta=-0.461718916893005
LowerLegAlpha=0.0285599380731583
LowerLegTheta=-0.395079076290131
