[%General]
Highest=155
CenterX=33.4302794987525
CenterY=31.7956743573211
XWidth=48

[LeftLeg]
ThighAlpha=-0.0999597683548927
ThighTheta=0.395079135894775
LowerLegAlpha=-0.0856797993183136
LowerLegTheta=0.030146598815918

[RightLeg]
ThighAlpha=0.13922968506813
ThighTheta=0.322092622518539
LowerLegAlpha=0.13922968506813
LowerLegTheta=0.176119610667229
