[%General]
Highest=157
CenterX=30.9743627741553
CenterY=113.991674300803
XWidth=53

[LeftLeg]
ThighAlpha=-0.024989940226078
ThighTheta=-0.179292917251587
LowerLegAlpha=0.00713998824357986
LowerLegTheta=-0.820304751396179

[RightLeg]
ThighAlpha=0.121379725635052
ThighTheta=0.31891930103302
LowerLegAlpha=-0.00356999039649963
LowerLegTheta=-0.0333198979496956
