[%General]
Highest=156
CenterX=24.7554016163615
CenterY=216.242632910001
XWidth=52

[LeftLeg]
ThighAlpha=-0.117809727787971
ThighTheta=-0.109479740262032
LowerLegAlpha=-0.0499798804521561
LowerLegTheta=-0.176119565963745

[RightLeg]
ThighAlpha=0.0321299284696579
ThighTheta=0.391905784606934
LowerLegAlpha=-0.0142799615859985
LowerLegTheta=-0.325265914201736
