[%General]
Highest=155
CenterX=27.3091171161462
CenterY=176.728655333136
XWidth=55

[LeftLeg]
ThighAlpha=-0.0606898590922356
ThighTheta=0.607692003250122
LowerLegAlpha=-0.117809727787971
LowerLegTheta=0.103133104741573

[RightLeg]
ThighAlpha=0.0678298473358154
ThighTheta=-0.322092592716217
LowerLegAlpha=0.0642598569393158
LowerLegTheta=-0.817131459712982
