[%General]
Highest=156
CenterX=29.0448942341351
CenterY=154.010789118368
XWidth=57

[LeftLeg]
ThighAlpha=-0.0214199498295784
ThighTheta=0.534705460071564
LowerLegAlpha=-0.157079637050629
LowerLegTheta=0.395079135894775

[RightLeg]
ThighAlpha=0.13922968506813
ThighTheta=-0.464892268180847
LowerLegAlpha=-0.00713998079299927
LowerLegTheta=-0.2522794008255
