[%General]
Highest=160
CenterX=29.3606820151744
CenterY=137.195497559991
XWidth=56

[LeftLeg]
ThighAlpha=-0.0642598494887352
ThighTheta=0.31891930103302
LowerLegAlpha=0.021419957280159
LowerLegTheta=-0.325265914201736

[RightLeg]
ThighAlpha=0.0678298473358154
ThighTheta=-0.176119565963745
LowerLegAlpha=0.0642598569393158
LowerLegTheta=-0.0396665707230568
