[%General]
Highest=152
CenterX=25.9191985439997
CenterY=268.036645952549
XWidth=49

[LeftLeg]
ThighAlpha=0.0499798879027367
ThighTheta=-0.0396665707230568
LowerLegAlpha=-0.121379718184471
LowerLegTheta=-1.09955739974976

[RightLeg]
ThighAlpha=0.103529766201973
ThighTheta=0.391905784606934
LowerLegAlpha=-0.0107099711894989
LowerLegTheta=0.0396666079759598
