[%General]
Highest=152
CenterX=25.3056545676657
CenterY=273.688053282461
XWidth=47

[LeftLeg]
ThighAlpha=0.0392699092626572
ThighTheta=-0.157079637050629
LowerLegAlpha=-0.0981747731566429
LowerLegTheta=-0.785398185253143

[RightLeg]
ThighAlpha=0.0981747731566429
ThighTheta=0.353429168462753
LowerLegAlpha=-0.0392699092626572
LowerLegTheta=-0.0785398185253143
