[%General]
Highest=155
CenterX=27.3091171161462
CenterY=176.728655333136
XWidth=55

[LeftLeg]
ThighAlpha=-0.0785398185253143
ThighTheta=0.627638638019562
LowerLegAlpha=-0.082109808921814
LowerLegTheta=0.0931598246097565

[RightLeg]
ThighAlpha=0.0678298473358154
ThighTheta=-0.312119245529175
LowerLegAlpha=0.0821098163723946
LowerLegTheta=-0.837078034877777
