[%General]
Highest=156
CenterX=31.3468279841229
CenterY=109.372198655082
XWidth=53

[LeftLeg]
ThighAlpha=-0.0196349546313286
ThighTheta=-0.235619455575943
LowerLegAlpha=0
LowerLegTheta=-0.785398185253143

[RightLeg]
ThighAlpha=0.0981747731566429
ThighTheta=0.392699092626572
LowerLegAlpha=0.0392699092626572
LowerLegTheta=0
