[%General]
Highest=159
CenterX=33.1872975286304
CenterY=60.5139278633108
XWidth=54

[LeftLeg]
ThighAlpha=-0.0785398185253143
ThighTheta=-0.116279698908329
LowerLegAlpha=-0.157079637050629
LowerLegTheta=-0.222359463572502

[RightLeg]
ThighAlpha=0.0856798067688942
ThighTheta=0.378759175539017
LowerLegAlpha=-0.117809727787971
LowerLegTheta=-0.38827908039093
