[%General]
Highest=155
CenterX=31.9432897668782
CenterY=94.4601712252903
XWidth=53

[LeftLeg]
ThighAlpha=-0.0214199498295784
ThighTheta=-0.461718916893005
LowerLegAlpha=-0.082109808921814
LowerLegTheta=-0.537878751754761

[RightLeg]
ThighAlpha=0.121379725635052
ThighTheta=0.534705460071564
LowerLegAlpha=0.00713998824357986
LowerLegTheta=0.245932787656784
