[%General]
Highest=151
CenterX=25.1212771571818
CenterY=252.87270648254
XWidth=50

[LeftLeg]
ThighAlpha=-0.0589048638939857
ThighTheta=-0.510508835315704
LowerLegAlpha=0
LowerLegTheta=-0.510508835315704

[RightLeg]
ThighAlpha=0.0785398185253143
ThighTheta=0.431968986988068
LowerLegAlpha=0.0196349546313286
LowerLegTheta=0.431968986988068
