[%General]
Highest=157
CenterX=25.9659046065613
CenterY=200.666372892058
XWidth=52

[LeftLeg]
ThighAlpha=-0.117809727787971
ThighTheta=0.199239581823349
LowerLegAlpha=0.00356999784708023
LowerLegTheta=-0.0931597501039505

[RightLeg]
ThighAlpha=0.0142799690365791
ThighTheta=0.259079456329346
LowerLegAlpha=0.021419957280159
LowerLegTheta=-0.890117883682251
