[%General]
Highest=152
CenterX=25.3056545676657
CenterY=273.688053282461
XWidth=47

[LeftLeg]
ThighAlpha=-0.00356999039649963
ThighTheta=0.0364932715892792
LowerLegAlpha=-0.103529758751392
LowerLegTheta=-1.09955739974976

[RightLeg]
ThighAlpha=0.0678298473358154
ThighTheta=0.322092622518539
LowerLegAlpha=0.00356999784708023
LowerLegTheta=-0.0333198979496956
