[%General]
Highest=158
CenterX=32.7205258232311
CenterY=46.5781770300564
XWidth=51

[LeftLeg]
ThighAlpha=0.0107099786400795
ThighTheta=0.179292947053909
LowerLegAlpha=-0.157079637050629
LowerLegTheta=-0.0364932343363762

[RightLeg]
ThighAlpha=0.121379725635052
ThighTheta=-0.391905754804611
LowerLegAlpha=-0.13922968506813
LowerLegTheta=-0.2459327429533
