[%General]
Highest=155
CenterX=26.8404235662
CenterY=186.904384905124
XWidth=54

[LeftLeg]
ThighAlpha=-0.0606898590922356
ThighTheta=0.537878811359406
LowerLegAlpha=-0.0321299210190773
LowerLegTheta=-0.112653076648712

[RightLeg]
ThighAlpha=0.0285599380731583
ThighTheta=-0.176119565963745
LowerLegAlpha=0.0606898665428162
LowerLegTheta=-0.959931075572968
