[%General]
Highest=153
CenterX=26.2499921013554
CenterY=288.112413509842
XWidth=47

[LeftLeg]
ThighAlpha=-0.117809727787971
ThighTheta=0.391905784606934
LowerLegAlpha=0.021419957280159
LowerLegTheta=-0.468065589666367

[RightLeg]
ThighAlpha=0.13922968506813
ThighTheta=0.0364932715892792
LowerLegAlpha=0.021419957280159
LowerLegTheta=-0.0364932343363762
