[%General]
Highest=155
CenterX=33.6653993570722
CenterY=27.927840628091
XWidth=48

[LeftLeg]
ThighAlpha=-0.13922968506813
ThighTheta=0.391905784606934
LowerLegAlpha=-0.0321299210190773
LowerLegTheta=0.106306441128254

[RightLeg]
ThighAlpha=0.13922968506813
ThighTheta=0.252279460430145
LowerLegAlpha=0.13922968506813
LowerLegTheta=0.315745949745178
