[%General]
Highest=159
CenterX=29.2571573522121
CenterY=132.505228931499
XWidth=56

[LeftLeg]
ThighAlpha=-0.0196349546313286
ThighTheta=0.274889349937439
LowerLegAlpha=0
LowerLegTheta=-0.314159274101257

[RightLeg]
ThighAlpha=0.0589048638939857
ThighTheta=-0.0785398185253143
LowerLegAlpha=0.0785398185253143
LowerLegTheta=-0.117809727787971
