[%General]
Highest=159
CenterX=29.5636903468752
CenterY=141.462753759625
XWidth=57

[LeftLeg]
ThighAlpha=-0.024989940226078
ThighTheta=0.418199092149734
LowerLegAlpha=0.00356999784708023
LowerLegTheta=-0.0727597996592522

[RightLeg]
ThighAlpha=0.13922968506813
ThighTheta=-0.229159444570541
LowerLegAlpha=-0.00713998079299927
LowerLegTheta=-0.176119565963745
