[%General]
Highest=157
CenterX=26.6153248240877
CenterY=196.398502700049
XWidth=52

[LeftLeg]
ThighAlpha=-0.024989940226078
ThighTheta=0.245932787656784
LowerLegAlpha=-0.0856797993183136
LowerLegTheta=0.0364932715892792

[RightLeg]
ThighAlpha=0.0321299284696579
ThighTheta=0.106306441128254
LowerLegAlpha=0.021419957280159
LowerLegTheta=-0.956757783889771
