[%General]
Highest=153
CenterX=26.5403215656661
CenterY=291.421055943616
XWidth=48

[LeftLeg]
ThighAlpha=-0.0606898590922356
ThighTheta=0.388732463121414
LowerLegAlpha=-0.0499798804521561
LowerLegTheta=-0.255452752113342

[RightLeg]
ThighAlpha=0.13922968506813
ThighTheta=-0.0364932343363762
LowerLegAlpha=0.046409897506237
LowerLegTheta=-0.10313306748867
