[%General]
Highest=150
CenterX=27.5510381290522
CenterY=297.484485952454
XWidth=49

[LeftLeg]
ThighAlpha=-0.0785398185253143
ThighTheta=0.667588412761688
LowerLegAlpha=0.0981747731566429
LowerLegTheta=-0.0392699092626572

[RightLeg]
ThighAlpha=0.0981747731566429
ThighTheta=-0.117809727787971
LowerLegAlpha=0.0785398185253143
LowerLegTheta=-0.196349546313286
