[%General]
Highest=152
CenterX=25.3056545676657
CenterY=273.688053282461
XWidth=47

[LeftLeg]
ThighAlpha=0.0321299284696579
ThighTheta=-0.00339995324611664
LowerLegAlpha=-0.157079637050629
LowerLegTheta=-1.06963741779327

[RightLeg]
ThighAlpha=0.121379725635052
ThighTheta=0.371959179639816
LowerLegAlpha=-0.0678298398852348
LowerLegTheta=-0.0931597501039505
