[%General]
Highest=157
CenterX=25.2221810821485
CenterY=205.805131812796
XWidth=53

[LeftLeg]
ThighAlpha=-0.0999597683548927
ThighTheta=-0.249106079339981
LowerLegAlpha=-0.13922968506813
LowerLegTheta=0.46489229798317

[RightLeg]
ThighAlpha=0.13922968506813
ThighTheta=0.60451865196228
LowerLegAlpha=0.121379725635052
LowerLegTheta=-0.531532108783722
