[%General]
Highest=159
CenterX=33.2673613277594
CenterY=69.9093654458102
XWidth=54

[LeftLeg]
ThighAlpha=-0.0642598494887352
ThighTheta=-0.2459327429533
LowerLegAlpha=-0.0499798804521561
LowerLegTheta=-0.398252427577972

[RightLeg]
ThighAlpha=0.0856798067688942
ThighTheta=0.395079135894775
LowerLegAlpha=-0.103529758751392
LowerLegTheta=-0.0396665707230568
