[%General]
Highest=159
CenterX=29.4642064783316
CenterY=145.868005226051
XWidth=58

[LeftLeg]
ThighAlpha=-0.0981747731566429
ThighTheta=0.471238911151886
LowerLegAlpha=0.0589048638939857
LowerLegTheta=0.157079637050629

[RightLeg]
ThighAlpha=0.0981747731566429
ThighTheta=-0.353429168462753
LowerLegAlpha=0.0392699092626572
LowerLegTheta=-0.117809727787971
