[%General]
Highest=153
CenterX=24.2041115385157
CenterY=228.598244353327
XWidth=50

[LeftLeg]
ThighAlpha=-0.0785398185253143
ThighTheta=-0.395079076290131
LowerLegAlpha=-0.0499798804521561
LowerLegTheta=-0.146199628710747

[RightLeg]
ThighAlpha=-0.00356999039649963
ThighTheta=0.431799054145813
LowerLegAlpha=-0.103529758751392
LowerLegTheta=0.49163892865181
