[%General]
Highest=157
CenterX=32.4948667906182
CenterY=38.6815216010532
XWidth=54

[LeftLeg]
ThighAlpha=0.00713998824357986
ThighTheta=0.31891930103302
LowerLegAlpha=-0.157079637050629
LowerLegTheta=-0.0364932343363762

[RightLeg]
ThighAlpha=0.0678298473358154
ThighTheta=-0.179292917251587
LowerLegAlpha=0.00713998824357986
LowerLegTheta=-0.959931075572968
