[%General]
Highest=159
CenterX=32.7566086674592
CenterY=50.3952772073922
XWidth=52

[LeftLeg]
ThighAlpha=-0.00713998079299927
ThighTheta=0.179292947053909
LowerLegAlpha=-0.157079637050629
LowerLegTheta=-0.2522794008255

[RightLeg]
ThighAlpha=0.13922968506813
ThighTheta=-0.318919241428375
LowerLegAlpha=-0.117809727787971
LowerLegTheta=-0.0396665707230568
