[%General]
Highest=155
CenterX=27.4736952174311
CenterY=172.055824957193
XWidth=56

[LeftLeg]
ThighAlpha=-0.0785398185253143
ThighTheta=0.59771865606308
LowerLegAlpha=-0.0999597683548927
LowerLegTheta=0.206039562821388

[RightLeg]
ThighAlpha=0.103529766201973
ThighTheta=-0.424998998641968
LowerLegAlpha=0.021419957280159
LowerLegTheta=-0.657558441162109
