[%General]
Highest=156
CenterX=26.5332753371031
CenterY=192.425532840365
XWidth=53

[LeftLeg]
ThighAlpha=-0.0785398185253143
ThighTheta=0.395079135894775
LowerLegAlpha=0.021419957280159
LowerLegTheta=-0.10267972946167

[RightLeg]
ThighAlpha=0.0321299284696579
ThighTheta=-0.0795597806572914
LowerLegAlpha=0.0606898665428162
LowerLegTheta=-0.979877710342407
