[%General]
Highest=159
CenterX=29.4719251176053
CenterY=127.306579881372
XWidth=56

[LeftLeg]
ThighAlpha=-0.00356999039649963
ThighTheta=0.322092622518539
LowerLegAlpha=-0.0642598494887352
LowerLegTheta=-0.817131459712982

[RightLeg]
ThighAlpha=0.13922968506813
ThighTheta=0.0333199352025986
LowerLegAlpha=-0.0107099711894989
LowerLegTheta=-0.10313306748867
