[%General]
Highest=156
CenterX=24.7554016163615
CenterY=216.242632910001
XWidth=52

[LeftLeg]
ThighAlpha=-0.0981747731566429
ThighTheta=-0.157079637050629
LowerLegAlpha=-0.0981747731566429
LowerLegTheta=-0.117809727787971

[RightLeg]
ThighAlpha=0.0196349546313286
ThighTheta=0.392699092626572
LowerLegAlpha=0.0392699092626572
LowerLegTheta=-0.353429168462753
