[%General]
Highest=157
CenterX=30.9743627741553
CenterY=113.991674300803
XWidth=53

[LeftLeg]
ThighAlpha=-0.024989940226078
ThighTheta=-0.199239507317543
LowerLegAlpha=0.00713998824357986
LowerLegTheta=-0.770438194274902

[RightLeg]
ThighAlpha=0.121379725635052
ThighTheta=0.34883925318718
LowerLegAlpha=-0.00356999039649963
LowerLegTheta=-0.0632398128509521
