[%General]
Highest=155
CenterX=24.2318248912884
CenterY=224.459314618545
XWidth=51

[LeftLeg]
ThighAlpha=-0.0981747731566429
ThighTheta=-0.274889349937439
LowerLegAlpha=-0.0981747731566429
LowerLegTheta=-0.235619455575943

[RightLeg]
ThighAlpha=-0.0392699092626572
ThighTheta=0.431968986988068
LowerLegAlpha=-0.0196349546313286
LowerLegTheta=0.235619455575943
