[%General]
Highest=159
CenterX=33.1812667220223
CenterY=65.2978711135714
XWidth=55

[LeftLeg]
ThighAlpha=-0.0678298398852348
ThighTheta=-0.10313306748867
LowerLegAlpha=-0.117809727787971
LowerLegTheta=-0.398252427577972

[RightLeg]
ThighAlpha=0.103529766201973
ThighTheta=0.391905784606934
LowerLegAlpha=-0.0214199498295784
LowerLegTheta=-0.398252427577972
