[%General]
Highest=153
CenterX=24.6160645957301
CenterY=233.062924612285
XWidth=49

[LeftLeg]
ThighAlpha=-0.0999597683548927
ThighTheta=-0.388732433319092
LowerLegAlpha=0.00356999784708023
LowerLegTheta=-0.255452752113342

[RightLeg]
ThighAlpha=-0.00356999039649963
ThighTheta=0.46171897649765
LowerLegAlpha=-0.0678298398852348
LowerLegTheta=0.537878811359406
