[%General]
Highest=150
CenterX=27.5510381290522
CenterY=297.484485952454
XWidth=49

[LeftLeg]
ThighAlpha=-0.082109808921814
ThighTheta=0.657558560371399
LowerLegAlpha=0.0606898665428162
LowerLegTheta=-0.0564398318529129

[RightLeg]
ThighAlpha=0.121379725635052
ThighTheta=-0.176119565963745
LowerLegAlpha=0.0249899476766586
LowerLegTheta=-0.0795597806572914
