[%General]
Highest=153
CenterX=26.2499921013554
CenterY=288.112413509842
XWidth=47

[LeftLeg]
ThighAlpha=-0.0981747731566429
ThighTheta=0.353429168462753
LowerLegAlpha=-0.0589048638939857
LowerLegTheta=-0.431968986988068

[RightLeg]
ThighAlpha=0.0981747731566429
ThighTheta=0.0392699092626572
LowerLegAlpha=0.0981747731566429
LowerLegTheta=-0.0785398185253143
