[%General]
Highest=151
CenterX=25.5306297431407
CenterY=262.995840630473
XWidth=49

[LeftLeg]
ThighAlpha=-0.00356999039649963
ThighTheta=-0.109479740262032
LowerLegAlpha=0.00713998824357986
LowerLegTheta=-1.09955739974976

[RightLeg]
ThighAlpha=0.0856798067688942
ThighTheta=0.391905784606934
LowerLegAlpha=0.00713998824357986
LowerLegTheta=0.249106109142303
