[%General]
Highest=152
CenterX=26.6086422909742
CenterY=294.912639563624
XWidth=48

[LeftLeg]
ThighAlpha=-0.0606898590922356
ThighTheta=0.395079135894775
LowerLegAlpha=-0.0142799615859985
LowerLegTheta=-0.112653076648712

[RightLeg]
ThighAlpha=0.103529766201973
ThighTheta=-0.106306403875351
LowerLegAlpha=0.0107099786400795
LowerLegTheta=-0.0364932343363762
