[%General]
Highest=152
CenterX=24.8843499908108
CenterY=242.303259652816
XWidth=50

[LeftLeg]
ThighAlpha=-0.0785398185253143
ThighTheta=-0.549778699874878
LowerLegAlpha=-0.0196349546313286
LowerLegTheta=-0.314159274101257

[RightLeg]
ThighAlpha=0.0196349546313286
ThighTheta=0.471238911151886
LowerLegAlpha=0
LowerLegTheta=0.628318548202515
