[%General]
Highest=153
CenterX=25.1167867829898
CenterY=278.787485424481
XWidth=47

[LeftLeg]
ThighAlpha=-0.0107099711894989
ThighTheta=-0.0632398128509521
LowerLegAlpha=0.00356999784708023
LowerLegTheta=-0.710598349571228

[RightLeg]
ThighAlpha=0.103529766201973
ThighTheta=0.252279460430145
LowerLegAlpha=-0.0392699092626572
LowerLegTheta=-0.132599666714668
