[%General]
Highest=157
CenterX=32.4251082637618
CenterY=42.4965177016831
XWidth=53

[LeftLeg]
ThighAlpha=-0.0999597683548927
ThighTheta=0.249106109142303
LowerLegAlpha=-0.0678298398852348
LowerLegTheta=-0.0364932343363762

[RightLeg]
ThighAlpha=0.0856798067688942
ThighTheta=-0.176119565963745
LowerLegAlpha=-0.0642598494887352
LowerLegTheta=-0.750491619110107
