[%General]
Highest=154
CenterX=32.553437104342
CenterY=15.120627591172
XWidth=48

[LeftLeg]
ThighAlpha=-0.117809727787971
ThighTheta=0.245932787656784
LowerLegAlpha=-0.0107099711894989
LowerLegTheta=0.398252457380295

[RightLeg]
ThighAlpha=0.13922968506813
ThighTheta=0.252279460430145
LowerLegAlpha=0.13922968506813
LowerLegTheta=0.458545625209808
