[%General]
Highest=150
CenterX=27.9794157650068
CenterY=300.16613548243
XWidth=50

[LeftLeg]
ThighAlpha=-0.00356999039649963
ThighTheta=0.817131459712982
LowerLegAlpha=0.021419957280159
LowerLegTheta=-0.030146561563015

[RightLeg]
ThighAlpha=0.103529766201973
ThighTheta=-0.176119565963745
LowerLegAlpha=0.0821098163723946
LowerLegTheta=-0.179292917251587
