[%General]
Highest=159
CenterX=33.1872975286304
CenterY=60.5139278633108
XWidth=54

[LeftLeg]
ThighAlpha=-0.0785398185253143
ThighTheta=-0.106306403875351
LowerLegAlpha=-0.13922968506813
LowerLegTheta=-0.182466238737106

[RightLeg]
ThighAlpha=0.103529766201973
ThighTheta=0.391905784606934
LowerLegAlpha=0.121379725635052
LowerLegTheta=-0.677505135536194
