[%General]
Highest=159
CenterX=29.4642064783316
CenterY=145.868005226051
XWidth=58

[LeftLeg]
ThighAlpha=-0.0392699092626572
ThighTheta=0.484838932752609
LowerLegAlpha=0.00713998824357986
LowerLegTheta=0.123079754412174

[RightLeg]
ThighAlpha=0.13922968506813
ThighTheta=-0.342039197683334
LowerLegAlpha=0.00356999784708023
LowerLegTheta=-0.176119565963745
