[%General]
Highest=156
CenterX=33.0028870803156
CenterY=81.0124318673934
XWidth=53

[LeftLeg]
ThighAlpha=-0.0214199498295784
ThighTheta=-0.388732433319092
LowerLegAlpha=-0.103529758751392
LowerLegTheta=-0.395079076290131

[RightLeg]
ThighAlpha=0.121379725635052
ThighTheta=0.391905784606934
LowerLegAlpha=-0.0678298398852348
LowerLegTheta=0.531532108783722
