[%General]
Highest=155
CenterX=31.9042756430955
CenterY=99.0271499300398
XWidth=52

[LeftLeg]
ThighAlpha=0.0107099786400795
ThighTheta=-0.391905754804611
LowerLegAlpha=-0.082109808921814
LowerLegTheta=-0.677505135536194

[RightLeg]
ThighAlpha=0.13922968506813
ThighTheta=0.534705460071564
LowerLegAlpha=0.00356999784708023
LowerLegTheta=0.179292947053909
