[%General]
Highest=157
CenterX=33.0796623216021
CenterY=77.5126124648252
XWidth=54

[LeftLeg]
ThighAlpha=-0.0214199498295784
ThighTheta=-0.391905754804611
LowerLegAlpha=-0.121379718184471
LowerLegTheta=-0.2459327429533

[RightLeg]
ThighAlpha=0.0856798067688942
ThighTheta=0.391905784606934
LowerLegAlpha=-0.0606898590922356
LowerLegTheta=0.391905784606934
