[%General]
Highest=158
CenterX=29.7134613934076
CenterY=122.080469162497
XWidth=56

[LeftLeg]
ThighAlpha=0.0285599380731583
ThighTheta=0.245932787656784
LowerLegAlpha=-0.0642598494887352
LowerLegTheta=-0.750491619110107

[RightLeg]
ThighAlpha=0.0856798067688942
ThighTheta=0.176119610667229
LowerLegAlpha=0.021419957280159
LowerLegTheta=-0.0999597311019897
