[%General]
Highest=150
CenterX=27.5510381290522
CenterY=297.484485952454
XWidth=49

[LeftLeg]
ThighAlpha=-0.0642598494887352
ThighTheta=0.677505135536194
LowerLegAlpha=0.0606898665428162
LowerLegTheta=-0.106306403875351

[RightLeg]
ThighAlpha=0.121379725635052
ThighTheta=-0.176119565963745
LowerLegAlpha=0.0428399071097374
LowerLegTheta=-0.109479740262032
