[%General]
Highest=158
CenterX=29.7134613934076
CenterY=122.080469162497
XWidth=56

[LeftLeg]
ThighAlpha=0.0196349546313286
ThighTheta=0.196349546313286
LowerLegAlpha=-0.0196349546313286
LowerLegTheta=-0.706858336925507

[RightLeg]
ThighAlpha=0.0785398185253143
ThighTheta=0.157079637050629
LowerLegAlpha=0.0589048638939857
LowerLegTheta=-0.117809727787971
