[%General]
Highest=155
CenterX=28.1157407990727
CenterY=162.407537137601
XWidth=56

[LeftLeg]
ThighAlpha=-0.0606898590922356
ThighTheta=0.534705460071564
LowerLegAlpha=-0.082109808921814
LowerLegTheta=0.46171897649765

[RightLeg]
ThighAlpha=0.13922968506813
ThighTheta=-0.461718916893005
LowerLegAlpha=0.0249899476766586
LowerLegTheta=-0.468065589666367
