[%General]
Highest=155
CenterX=31.9432897668782
CenterY=94.4601712252903
XWidth=53

[LeftLeg]
ThighAlpha=-0.0392699092626572
ThighTheta=-0.431798994541168
LowerLegAlpha=-0.0642598494887352
LowerLegTheta=-0.597718596458435

[RightLeg]
ThighAlpha=0.13922968506813
ThighTheta=0.514758884906769
LowerLegAlpha=-0.0285599306225777
LowerLegTheta=0.295799374580383
