[%General]
Highest=157
CenterX=25.9659046065613
CenterY=200.666372892058
XWidth=52

[LeftLeg]
ThighAlpha=-0.117809727787971
ThighTheta=0.179292947053909
LowerLegAlpha=0.021419957280159
LowerLegTheta=-0.0333198979496956

[RightLeg]
ThighAlpha=0.0142799690365791
ThighTheta=0.179292947053909
LowerLegAlpha=0.00356999784708023
LowerLegTheta=-0.820304751396179
