[%General]
Highest=154
CenterX=32.553437104342
CenterY=15.120627591172
XWidth=48

[LeftLeg]
ThighAlpha=-0.117809727787971
ThighTheta=0.206039562821388
LowerLegAlpha=0.00713998824357986
LowerLegTheta=0.478038966655731

[RightLeg]
ThighAlpha=0.13922968506813
ThighTheta=0.282199382781982
LowerLegAlpha=0.13922968506813
LowerLegTheta=0.408679097890854
