[%General]
Highest=157
CenterX=30.9743627741553
CenterY=113.991674300803
XWidth=53

[LeftLeg]
ThighAlpha=-0.0392699092626572
ThighTheta=-0.196349546313286
LowerLegAlpha=0.0196349546313286
LowerLegTheta=-0.785398185253143

[RightLeg]
ThighAlpha=0.0981747731566429
ThighTheta=0.353429168462753
LowerLegAlpha=0.0196349546313286
LowerLegTheta=-0.0785398185253143
