[%General]
Highest=155
CenterX=26.8404235662
CenterY=186.904384905124
XWidth=54

[LeftLeg]
ThighAlpha=-0.0785398185253143
ThighTheta=0.507958889007568
LowerLegAlpha=0.00356999784708023
LowerLegTheta=-0.0727597996592522

[RightLeg]
ThighAlpha=0.0285599380731583
ThighTheta=-0.176119565963745
LowerLegAlpha=0.0606898665428162
LowerLegTheta=-0.920037806034088
