[%General]
Highest=156
CenterX=29.0448942341351
CenterY=154.010789118368
XWidth=57

[LeftLeg]
ThighAlpha=-0.0392699092626572
ThighTheta=0.514758884906769
LowerLegAlpha=-0.121379718184471
LowerLegTheta=0.424999058246613

[RightLeg]
ThighAlpha=0.13922968506813
ThighTheta=-0.424998998641968
LowerLegAlpha=-0.00713998079299927
LowerLegTheta=-0.312119245529175
