[%General]
Highest=157
CenterX=26.6153248240877
CenterY=196.398502700049
XWidth=52

[LeftLeg]
ThighAlpha=-0.0785398185253143
ThighTheta=0.314159274101257
LowerLegAlpha=0
LowerLegTheta=-0.0785398185253143

[RightLeg]
ThighAlpha=0.0392699092626572
ThighTheta=0.0785398185253143
LowerLegAlpha=-0.0392699092626572
LowerLegTheta=-0.785398185253143
