[%General]
Highest=137
CenterX=28.361294297515
CenterY=307.344020263332
XWidth=46

[LeftLeg]
ThighAlpha=-0.157079637050629
ThighTheta=-0.391905754804611
LowerLegAlpha=-0.0499798804521561
LowerLegTheta=-0.395079076290131

[RightLeg]
ThighAlpha=0.121379725635052
ThighTheta=-0.322092592716217
LowerLegAlpha=0.103529766201973
LowerLegTheta=-0.318919241428375
