[%General]
Highest=151
CenterX=25.2094405712169
CenterY=247.907918224378
XWidth=50

[LeftLeg]
ThighAlpha=-0.0392699092626572
ThighTheta=-0.534705400466919
LowerLegAlpha=-0.0321299210190773
LowerLegTheta=-0.468065589666367

[RightLeg]
ThighAlpha=0.0678298473358154
ThighTheta=0.46171897649765
LowerLegAlpha=0.00356999784708023
LowerLegTheta=0.534705460071564
