[%General]
Highest=153
CenterX=33.000647151455
CenterY=17.7853830058028
XWidth=48

[LeftLeg]
ThighAlpha=-0.0785398185253143
ThighTheta=0.282199382781982
LowerLegAlpha=-0.0678298398852348
LowerLegTheta=0.438599050045013

[RightLeg]
ThighAlpha=0.13922968506813
ThighTheta=0.282199382781982
LowerLegAlpha=0.13922968506813
LowerLegTheta=0.431799054145813
