[%General]
Highest=150
CenterX=27.9794157650068
CenterY=300.16613548243
XWidth=50

[LeftLeg]
ThighAlpha=-0.0785398185253143
ThighTheta=0.785398185253143
LowerLegAlpha=0.0785398185253143
LowerLegTheta=0

[RightLeg]
ThighAlpha=0.0981747731566429
ThighTheta=-0.196349546313286
LowerLegAlpha=0.0981747731566429
LowerLegTheta=-0.157079637050629
