[%General]
Highest=158
CenterX=33.2612655492237
CenterY=73.6056318098203
XWidth=54

[LeftLeg]
ThighAlpha=-0.0214199498295784
ThighTheta=-0.322092592716217
LowerLegAlpha=-0.103529758751392
LowerLegTheta=-0.2459327429533

[RightLeg]
ThighAlpha=0.0999597758054733
ThighTheta=0.391905784606934
LowerLegAlpha=-0.117809727787971
LowerLegTheta=0.179292947053909
