[%General]
Highest=156
CenterX=24.2799989212659
CenterY=220.474966626664
XWidth=52

[LeftLeg]
ThighAlpha=-0.117809727787971
ThighTheta=-0.2459327429533
LowerLegAlpha=-0.0678298398852348
LowerLegTheta=-0.182466238737106

[RightLeg]
ThighAlpha=-0.0214199498295784
ThighTheta=0.46171897649765
LowerLegAlpha=-0.0142799615859985
LowerLegTheta=-0.112653076648712
