[%General]
Highest=153
CenterX=26.3881316182219
CenterY=283.821533650771
XWidth=48

[LeftLeg]
ThighAlpha=-0.0392699092626572
ThighTheta=-0.0364932343363762
LowerLegAlpha=-0.0856797993183136
LowerLegTheta=-0.112653076648712

[RightLeg]
ThighAlpha=0.13922968506813
ThighTheta=0.176119610667229
LowerLegAlpha=-0.024989940226078
LowerLegTheta=-0.106306403875351
