[%General]
Highest=153
CenterX=25.1167867829898
CenterY=278.787485424481
XWidth=47

[LeftLeg]
ThighAlpha=-0.0107099711894989
ThighTheta=-0.0333198979496956
LowerLegAlpha=0.00356999784708023
LowerLegTheta=-0.750491619110107

[RightLeg]
ThighAlpha=0.103529766201973
ThighTheta=0.252279460430145
LowerLegAlpha=-0.0214199498295784
LowerLegTheta=-0.112653076648712
