[%General]
Highest=159
CenterX=32.7566086674592
CenterY=50.3952772073922
XWidth=52

[LeftLeg]
ThighAlpha=-0.121379718184471
ThighTheta=0.139399722218513
LowerLegAlpha=-0.0499798804521561
LowerLegTheta=-0.116279698908329

[RightLeg]
ThighAlpha=0.13922968506813
ThighTheta=-0.259079366922379
LowerLegAlpha=-0.117809727787971
LowerLegTheta=-0.0496398508548737
