[%General]
Highest=151
CenterX=25.1212771571818
CenterY=252.87270648254
XWidth=50

[LeftLeg]
ThighAlpha=-0.0392699092626572
ThighTheta=-0.464892268180847
LowerLegAlpha=-0.0321299210190773
LowerLegTheta=-0.537878751754761

[RightLeg]
ThighAlpha=0.103529766201973
ThighTheta=0.46489229798317
LowerLegAlpha=-0.0285599306225777
LowerLegTheta=0.388732463121414
