[%General]
Highest=157
CenterX=24.9671444912264
CenterY=211.425880405948
XWidth=54

[LeftLeg]
ThighAlpha=-0.0981747731566429
ThighTheta=-0.117809727787971
LowerLegAlpha=-0.0981747731566429
LowerLegTheta=-0.0392699092626572

[RightLeg]
ThighAlpha=0.0196349546313286
ThighTheta=0.510508835315704
LowerLegAlpha=0.0981747731566429
LowerLegTheta=-0.549778699874878
