[%General]
Highest=145
CenterX=28.2119378264747
CenterY=303.683590266276
XWidth=48

[LeftLeg]
ThighAlpha=-0.157079637050629
ThighTheta=-0.322092592716217
LowerLegAlpha=-0.157079637050629
LowerLegTheta=-0.109479740262032

[RightLeg]
ThighAlpha=0.103529766201973
ThighTheta=-0.249106079339981
LowerLegAlpha=0.0999597758054733
LowerLegTheta=-0.2522794008255
