[%General]
Highest=155
CenterX=32.2775331590142
CenterY=89.5389034154801
XWidth=53

[LeftLeg]
ThighAlpha=-0.0107099711894989
ThighTheta=-0.461718916893005
LowerLegAlpha=-0.121379718184471
LowerLegTheta=-0.468065589666367

[RightLeg]
ThighAlpha=0.13922968506813
ThighTheta=0.46489229798317
LowerLegAlpha=-0.0107099711894989
LowerLegTheta=0.46171897649765
