[%General]
Highest=158
CenterX=33.2612655492237
CenterY=73.6056318098203
XWidth=54

[LeftLeg]
ThighAlpha=-0.0214199498295784
ThighTheta=-0.342039197683334
LowerLegAlpha=-0.121379718184471
LowerLegTheta=-0.206039488315582

[RightLeg]
ThighAlpha=0.0999597758054733
ThighTheta=0.401879131793976
LowerLegAlpha=-0.117809727787971
LowerLegTheta=0.139399722218513
