[%General]
Highest=156
CenterX=24.2799989212659
CenterY=220.474966626664
XWidth=52

[LeftLeg]
ThighAlpha=-0.117809727787971
ThighTheta=-0.206039488315582
LowerLegAlpha=-0.0856797993183136
LowerLegTheta=-0.2522794008255

[RightLeg]
ThighAlpha=-0.00356999039649963
ThighTheta=0.431799054145813
LowerLegAlpha=-0.0499798804521561
LowerLegTheta=-0.0727597996592522
