[%General]
Highest=157
CenterX=31.0296567856312
CenterY=117.690464139639
XWidth=56

[LeftLeg]
ThighAlpha=-0.00713998079299927
ThighTheta=-0.109479740262032
LowerLegAlpha=-0.0321299210190773
LowerLegTheta=-0.67115843296051

[RightLeg]
ThighAlpha=0.103529766201973
ThighTheta=0.249106109142303
LowerLegAlpha=0.0428399071097374
LowerLegTheta=-0.10313306748867
