[%General]
Highest=157
CenterX=32.4251082637618
CenterY=42.4965177016831
XWidth=53

[LeftLeg]
ThighAlpha=-0.0981747731566429
ThighTheta=0.314159274101257
LowerLegAlpha=-0.0785398185253143
LowerLegTheta=-0.117809727787971

[RightLeg]
ThighAlpha=0.0981747731566429
ThighTheta=-0.196349546313286
LowerLegAlpha=-0.0785398185253143
LowerLegTheta=-0.746128261089325
