[%General]
Highest=156
CenterX=26.5332753371031
CenterY=192.425532840365
XWidth=53

[LeftLeg]
ThighAlpha=-0.0606898590922356
ThighTheta=0.395079135894775
LowerLegAlpha=-0.0142799615859985
LowerLegTheta=-0.112653076648712

[RightLeg]
ThighAlpha=0.0499798879027367
ThighTheta=-0.179292917251587
LowerLegAlpha=0.0249899476766586
LowerLegTheta=-0.890117883682251
