[%General]
Highest=155
CenterX=32.4473893664438
CenterY=85.320492412183
XWidth=53

[LeftLeg]
ThighAlpha=-0.0392699092626572
ThighTheta=-0.431798994541168
LowerLegAlpha=-0.0856797993183136
LowerLegTheta=-0.454918920993805

[RightLeg]
ThighAlpha=0.103529766201973
ThighTheta=0.454919010400772
LowerLegAlpha=-0.00713998079299927
LowerLegTheta=0.484838932752609
