[%General]
Highest=157
CenterX=31.0296567856312
CenterY=117.690464139639
XWidth=56

[LeftLeg]
ThighAlpha=0
ThighTheta=-0.0785398185253143
LowerLegAlpha=-0.0196349546313286
LowerLegTheta=-0.785398185253143

[RightLeg]
ThighAlpha=0.0981747731566429
ThighTheta=0.274889349937439
LowerLegAlpha=0.0589048638939857
LowerLegTheta=-0.117809727787971
