[%General]
Highest=155
CenterX=32.4473893664438
CenterY=85.320492412183
XWidth=53

[LeftLeg]
ThighAlpha=-0.0392699092626572
ThighTheta=-0.461718916893005
LowerLegAlpha=-0.103529758751392
LowerLegTheta=-0.395079076290131

[RightLeg]
ThighAlpha=0.103529766201973
ThighTheta=0.46489229798317
LowerLegAlpha=-0.00713998079299927
LowerLegTheta=0.46489229798317
