[%General]
Highest=159
CenterX=33.1812667220223
CenterY=65.2978711135714
XWidth=55

[LeftLeg]
ThighAlpha=-0.0678298398852348
ThighTheta=-0.123079679906368
LowerLegAlpha=-0.117809727787971
LowerLegTheta=-0.358359158039093

[RightLeg]
ThighAlpha=0.0856798067688942
ThighTheta=0.401879131793976
LowerLegAlpha=-0.0392699092626572
LowerLegTheta=-0.358359158039093
