[%General]
Highest=157
CenterX=24.9671444912264
CenterY=211.425880405948
XWidth=54

[LeftLeg]
ThighAlpha=-0.0999597683548927
ThighTheta=-0.106306403875351
LowerLegAlpha=-0.103529758751392
LowerLegTheta=-0.0396665707230568

[RightLeg]
ThighAlpha=0.0856798067688942
ThighTheta=0.249106109142303
LowerLegAlpha=-0.0392699092626572
LowerLegTheta=-0.0396665707230568
