[%General]
Highest=159
CenterX=29.2571573522121
CenterY=132.505228931499
XWidth=56

[LeftLeg]
ThighAlpha=-0.0214199498295784
ThighTheta=0.322092622518539
LowerLegAlpha=0.00713998824357986
LowerLegTheta=-0.395079076290131

[RightLeg]
ThighAlpha=0.0499798879027367
ThighTheta=-0.106306403875351
LowerLegAlpha=0.0606898665428162
LowerLegTheta=-0.106306403875351
