[%General]
Highest=145
CenterX=28.2119378264747
CenterY=303.683590266276
XWidth=48

[LeftLeg]
ThighAlpha=-0.157079637050629
ThighTheta=-0.312119245529175
LowerLegAlpha=-0.13922968506813
LowerLegTheta=-0.229159444570541

[RightLeg]
ThighAlpha=0.0678298473358154
ThighTheta=-0.259079366922379
LowerLegAlpha=0.0999597758054733
LowerLegTheta=-0.199239507317543
