[%General]
Highest=154
CenterX=27.9157074443856
CenterY=167.1238966379
XWidth=56

[LeftLeg]
ThighAlpha=-0.117809727787971
ThighTheta=0.59771865606308
LowerLegAlpha=-0.0678298398852348
LowerLegTheta=0.282199382781982

[RightLeg]
ThighAlpha=0.121379725635052
ThighTheta=-0.431798994541168
LowerLegAlpha=0.0428399071097374
LowerLegTheta=-0.597718596458435
