[%General]
Highest=153
CenterX=33.3627630697642
CenterY=20.0401170374026
XWidth=49

[LeftLeg]
ThighAlpha=-0.0999597683548927
ThighTheta=0.391905784606934
LowerLegAlpha=-0.103529758751392
LowerLegTheta=0.249106109142303

[RightLeg]
ThighAlpha=0.13922968506813
ThighTheta=0.322092622518539
LowerLegAlpha=0.13922968506813
LowerLegTheta=0.388732463121414
