[%General]
Highest=151
CenterX=25.2094405712169
CenterY=247.907918224378
XWidth=50

[LeftLeg]
ThighAlpha=-0.0785398185253143
ThighTheta=-0.510508835315704
LowerLegAlpha=0
LowerLegTheta=-0.431968986988068

[RightLeg]
ThighAlpha=0.0589048638939857
ThighTheta=0.471238911151886
LowerLegAlpha=0.0196349546313286
LowerLegTheta=0.510508835315704
