[%General]
Highest=159
CenterX=32.901337121664
CenterY=55.6275687809745
XWidth=53

[LeftLeg]
ThighAlpha=-0.0999597683548927
ThighTheta=0.0364932715892792
LowerLegAlpha=-0.0856797993183136
LowerLegTheta=-0.182466238737106

[RightLeg]
ThighAlpha=0.0821098163723946
ThighTheta=0.31891930103302
LowerLegAlpha=-0.0107099711894989
LowerLegTheta=-0.956757783889771
