[%General]
Highest=147
CenterX=40.1387054386594
CenterY=128.741138927285
XWidth=48

[LeftLeg]
ThighAlpha=-0.0107099711894989
ThighTheta=-0.322092592716217
LowerLegAlpha=-0.0464098900556564
LowerLegTheta=-0.817131459712982

[RightLeg]
ThighAlpha=0.121379725635052
ThighTheta=0.46171897649765
LowerLegAlpha=0.0285599380731583
LowerLegTheta=0.106306441128254
