[%General]
Highest=150
CenterX=37.6749938850387
CenterY=149.472857725234
XWidth=48

[LeftLeg]
ThighAlpha=-0.0981747731566429
ThighTheta=0.196349546313286
LowerLegAlpha=-0.0981747731566429
LowerLegTheta=-0.471238911151886

[RightLeg]
ThighAlpha=0.0981747731566429
ThighTheta=0.0392699092626572
LowerLegAlpha=0.0785398185253143
LowerLegTheta=-0.117809727787971
