[%General]
Highest=148
CenterX=39.9490897455329
CenterY=137.312400006736
XWidth=48

[LeftLeg]
ThighAlpha=-0.024989940226078
ThighTheta=-0.112653076648712
LowerLegAlpha=0.0606898665428162
LowerLegTheta=-0.956757783889771

[RightLeg]
ThighAlpha=0.13922968506813
ThighTheta=0.249106109142303
LowerLegAlpha=0.0107099786400795
LowerLegTheta=0.106306441128254
