[%General]
Highest=144
CenterX=32.4084605779131
CenterY=294.453392336846
XWidth=41

[LeftLeg]
ThighAlpha=-0.196349546313286
ThighTheta=0.157079637050629
LowerLegAlpha=0
LowerLegTheta=-0.235619455575943

[RightLeg]
ThighAlpha=0.117809727787971
ThighTheta=0
LowerLegAlpha=0.0392699092626572
LowerLegTheta=0
