[%General]
Highest=150
CenterX=40.5815212376588
CenterY=80.5654046073878
XWidth=47

[LeftLeg]
ThighAlpha=-0.0785398185253143
ThighTheta=-0.0333198830485344
LowerLegAlpha=-0.157079637050629
LowerLegTheta=-0.0197199191898108

[RightLeg]
ThighAlpha=0.13922968506813
ThighTheta=0.169319659471512
LowerLegAlpha=0.0999597758054733
LowerLegTheta=-0.358359158039093
