[%General]
Highest=144
CenterX=34.3988874744974
CenterY=198.78051162223
XWidth=53

[LeftLeg]
ThighAlpha=-0.0785398185253143
ThighTheta=0.574598729610443
LowerLegAlpha=-0.0678298398852348
LowerLegTheta=0.0265199784189463

[RightLeg]
ThighAlpha=0.0856798067688942
ThighTheta=-0.371959120035172
LowerLegAlpha=0.0606898665428162
LowerLegTheta=-0.747318267822266
