[%General]
Highest=142
CenterX=32.4063155886281
CenterY=253.63505056287
XWidth=44

[LeftLeg]
ThighAlpha=-0.117809727787971
ThighTheta=-0.549778699874878
LowerLegAlpha=-0.0392699092626572
LowerLegTheta=-0.235619455575943

[RightLeg]
ThighAlpha=0
ThighTheta=0.628318548202515
LowerLegAlpha=0
LowerLegTheta=0.392699092626572
