[%General]
Highest=147
CenterX=40.2204590121331
CenterY=113.6601750938
XWidth=50

[LeftLeg]
ThighAlpha=-0.0785398185253143
ThighTheta=-0.471238911151886
LowerLegAlpha=-0.117809727787971
LowerLegTheta=-0.392699092626572

[RightLeg]
ThighAlpha=0.117809727787971
ThighTheta=0.628318548202515
LowerLegAlpha=0.0392699092626572
LowerLegTheta=0.235619455575943
