[%General]
Highest=144
CenterX=32.1688077484195
CenterY=291.026017182688
XWidth=40

[LeftLeg]
ThighAlpha=-0.196349546313286
ThighTheta=0.314159274101257
LowerLegAlpha=-0.0785398185253143
LowerLegTheta=-0.392699092626572

[RightLeg]
ThighAlpha=0.196349546313286
ThighTheta=0.0785398185253143
LowerLegAlpha=-0.117809727787971
LowerLegTheta=0
