[%General]
Highest=149
CenterX=40.3107286487856
CenterY=76.4401659330568
XWidth=49

[LeftLeg]
ThighAlpha=-0.117809727787971
ThighTheta=0.106306441128254
LowerLegAlpha=-0.0856797993183136
LowerLegTheta=-0.106306403875351

[RightLeg]
ThighAlpha=0.13922968506813
ThighTheta=0.106306441128254
LowerLegAlpha=-0.157079637050629
LowerLegTheta=-0.959931075572968
