[%General]
Highest=150
CenterX=38.965666812418
CenterY=141.215548753826
XWidth=49

[LeftLeg]
ThighAlpha=-0.0392699092626572
ThighTheta=-0.0785398185253143
LowerLegAlpha=-0.0196349546313286
LowerLegTheta=-0.785398185253143

[RightLeg]
ThighAlpha=0.0981747731566429
ThighTheta=0.235619455575943
LowerLegAlpha=0.0589048638939857
LowerLegTheta=-0.0785398185253143
