[%General]
Highest=147
CenterX=37.0827006384809
CenterY=170.55401427903
XWidth=54

[LeftLeg]
ThighAlpha=-0.0785398185253143
ThighTheta=0.534705460071564
LowerLegAlpha=-0.0142799615859985
LowerLegTheta=0.322092622518539

[RightLeg]
ThighAlpha=0.13922968506813
ThighTheta=-0.464892268180847
LowerLegAlpha=0.00356999784708023
LowerLegTheta=-0.0333198979496956
