[%General]
Highest=147
CenterX=40.076735609027
CenterY=109.615769549465
XWidth=51

[LeftLeg]
ThighAlpha=-0.103529758751392
ThighTheta=-0.461718916893005
LowerLegAlpha=-0.0678298398852348
LowerLegTheta=-0.398252427577972

[RightLeg]
ThighAlpha=0.103529766201973
ThighTheta=0.537878811359406
LowerLegAlpha=0.00713998824357986
LowerLegTheta=0.458545625209808
