[%General]
Highest=145
CenterX=33.960614059461
CenterY=203.537718810781
XWidth=52

[LeftLeg]
ThighAlpha=-0.157079637050629
ThighTheta=0.392699092626572
LowerLegAlpha=0.0392699092626572
LowerLegTheta=0.157079637050629

[RightLeg]
ThighAlpha=0.196349546313286
ThighTheta=0.314159274101257
LowerLegAlpha=0.196349546313286
LowerLegTheta=0.235619455575943
