[%General]
Highest=147
CenterX=33.4876161273248
CenterY=212.302122688861
XWidth=49

[LeftLeg]
ThighAlpha=-0.196349546313286
ThighTheta=0.235619455575943
LowerLegAlpha=0.0785398185253143
LowerLegTheta=0

[RightLeg]
ThighAlpha=0.196349546313286
ThighTheta=0.157079637050629
LowerLegAlpha=0.117809727787971
LowerLegTheta=0.0785398185253143
