[%General]
Highest=146
CenterX=42.5507391438251
CenterY=36.4560979365568
XWidth=48

[LeftLeg]
ThighAlpha=-0.0785398185253143
ThighTheta=0.471238911151886
LowerLegAlpha=-0.0196349546313286
LowerLegTheta=0.431968986988068

[RightLeg]
ThighAlpha=0.0981747731566429
ThighTheta=-0.510508835315704
LowerLegAlpha=0.0981747731566429
LowerLegTheta=-0.314159274101257
