[%General]
Highest=150
CenterX=38.1228344077357
CenterY=145.121776792909
XWidth=47

[LeftLeg]
ThighAlpha=-0.082109808921814
ThighTheta=0.206039562821388
LowerLegAlpha=0.021419957280159
LowerLegTheta=-0.956757783889771

[RightLeg]
ThighAlpha=0.121379725635052
ThighTheta=0.116279773414135
LowerLegAlpha=-0.00713998079299927
LowerLegTheta=0.00340002961456776
