[%General]
Highest=141
CenterX=33.0779106356199
CenterY=267.847472204741
XWidth=41

[LeftLeg]
ThighAlpha=-0.0589048638939857
ThighTheta=-0.392699092626572
LowerLegAlpha=0
LowerLegTheta=-0.628318548202515

[RightLeg]
ThighAlpha=-0.0392699092626572
ThighTheta=0.471238911151886
LowerLegAlpha=0.0981747731566429
LowerLegTheta=0.235619455575943
