[%General]
Highest=147
CenterX=37.0827006384809
CenterY=170.55401427903
XWidth=54

[LeftLeg]
ThighAlpha=-0.157079637050629
ThighTheta=0.549778699874878
LowerLegAlpha=0.0785398185253143
LowerLegTheta=0.314159274101257

[RightLeg]
ThighAlpha=0.157079637050629
ThighTheta=-0.471238911151886
LowerLegAlpha=0
LowerLegTheta=0
