[%General]
Highest=147
CenterX=33.0229222404419
CenterY=216.511849486493
XWidth=49

[LeftLeg]
ThighAlpha=-0.157079637050629
ThighTheta=0
LowerLegAlpha=-0.0392699092626572
LowerLegTheta=0.235619455575943

[RightLeg]
ThighAlpha=0.196349546313286
ThighTheta=0.157079637050629
LowerLegAlpha=0.117809727787971
LowerLegTheta=-0.0785398185253143
