[%General]
Highest=145
CenterX=31.9455000193881
CenterY=236.087537322114
XWidth=46

[LeftLeg]
ThighAlpha=-0.117809727787971
ThighTheta=-0.318919241428375
LowerLegAlpha=-0.0142799615859985
LowerLegTheta=-0.0564398318529129

[RightLeg]
ThighAlpha=-0.0392699092626572
ThighTheta=0.544678807258606
LowerLegAlpha=0.00713998824357986
LowerLegTheta=0.229159519076347
