[%General]
Highest=145
CenterX=41.8984260196584
CenterY=48.8431571041374
XWidth=52

[LeftLeg]
ThighAlpha=-0.0981747731566429
ThighTheta=0.589048624038696
LowerLegAlpha=-0.0981747731566429
LowerLegTheta=0.157079637050629

[RightLeg]
ThighAlpha=0.0981747731566429
ThighTheta=-0.549778699874878
LowerLegAlpha=0.0981747731566429
LowerLegTheta=-0.549778699874878
