[%General]
Highest=141
CenterX=32.5158318711118
CenterY=258.26587174988
XWidth=43

[LeftLeg]
ThighAlpha=-0.0999597683548927
ThighTheta=-0.531532108783722
LowerLegAlpha=-0.0464098900556564
LowerLegTheta=-0.398252427577972

[RightLeg]
ThighAlpha=0.0142799690365791
ThighTheta=0.607692003250122
LowerLegAlpha=0.0428399071097374
LowerLegTheta=0.322092622518539
