[%General]
Highest=146
CenterX=40.4650736486925
CenterY=118.29193433262
XWidth=50

[LeftLeg]
ThighAlpha=-0.0392699092626572
ThighTheta=-0.471238911151886
LowerLegAlpha=-0.117809727787971
LowerLegTheta=-0.471238911151886

[RightLeg]
ThighAlpha=0.117809727787971
ThighTheta=0.628318548202515
LowerLegAlpha=0.0785398185253143
LowerLegTheta=0.157079637050629
