[%General]
Highest=144
CenterX=32.2574592695134
CenterY=281.763752529017
XWidth=40

[LeftLeg]
ThighAlpha=-0.0392699092626572
ThighTheta=-0.0392699092626572
LowerLegAlpha=0
LowerLegTheta=-0.785398185253143

[RightLeg]
ThighAlpha=0.0981747731566429
ThighTheta=0.353429168462753
LowerLegAlpha=-0.0589048638939857
LowerLegTheta=-0.0785398185253143
