[%General]
Highest=144
CenterX=32.0682892855834
CenterY=240.501612844104
XWidth=45

[LeftLeg]
ThighAlpha=-0.117809727787971
ThighTheta=-0.391905754804611
LowerLegAlpha=-0.0499798804521561
LowerLegTheta=-0.176119565963745

[RightLeg]
ThighAlpha=-0.0214199498295784
ThighTheta=0.534705460071564
LowerLegAlpha=-0.0107099711894989
LowerLegTheta=0.46171897649765
