[%General]
Highest=144
CenterX=34.9437954221286
CenterY=193.708024859064
XWidth=53

[LeftLeg]
ThighAlpha=-0.0981747731566429
ThighTheta=0.549778699874878
LowerLegAlpha=-0.0196349546313286
LowerLegTheta=0.274889349937439

[RightLeg]
ThighAlpha=0.0981747731566429
ThighTheta=-0.471238911151886
LowerLegAlpha=0.0785398185253143
LowerLegTheta=-0.589048624038696
