[%General]
Highest=148
CenterX=38.0749788771378
CenterY=161.971913876992
XWidth=51

[LeftLeg]
ThighAlpha=-0.0785398185253143
ThighTheta=0.549778699874878
LowerLegAlpha=0.117809727787971
LowerLegTheta=-0.157079637050629

[RightLeg]
ThighAlpha=0.157079637050629
ThighTheta=-0.314159274101257
LowerLegAlpha=-0.0392699092626572
LowerLegTheta=0.0785398185253143
