[%General]
Highest=142
CenterX=32.4063155886281
CenterY=253.63505056287
XWidth=44

[LeftLeg]
ThighAlpha=-0.0981747731566429
ThighTheta=-0.510508835315704
LowerLegAlpha=-0.0589048638939857
LowerLegTheta=-0.314159274101257

[RightLeg]
ThighAlpha=0
ThighTheta=0.628318548202515
LowerLegAlpha=0.0392699092626572
LowerLegTheta=0.431968986988068
