[%General]
Highest=143
CenterX=35.6226876950879
CenterY=188.518153441761
XWidth=53

[LeftLeg]
ThighAlpha=-0.157079637050629
ThighTheta=0.549778699874878
LowerLegAlpha=0
LowerLegTheta=0.314159274101257

[RightLeg]
ThighAlpha=0.0785398185253143
ThighTheta=-0.628318548202515
LowerLegAlpha=0.157079637050629
LowerLegTheta=-0.314159274101257
