[%General]
Highest=141
CenterX=33.0779106356199
CenterY=267.847472204741
XWidth=41

[LeftLeg]
ThighAlpha=-0.0606898590922356
ThighTheta=-0.318919241428375
LowerLegAlpha=0.00356999784708023
LowerLegTheta=-0.750491619110107

[RightLeg]
ThighAlpha=-0.00356999039649963
ThighTheta=0.534705460071564
LowerLegAlpha=0.0428399071097374
LowerLegTheta=0.179292947053909
