[%General]
Highest=143
CenterX=32.5344306348673
CenterY=249.190366886873
XWidth=45

[LeftLeg]
ThighAlpha=-0.13922968506813
ThighTheta=-0.531532108783722
LowerLegAlpha=0.0249899476766586
LowerLegTheta=-0.182466238737106

[RightLeg]
ThighAlpha=-0.00356999039649963
ThighTheta=0.607692003250122
LowerLegAlpha=0.021419957280159
LowerLegTheta=0.534705460071564
