[%General]
Highest=145
CenterX=41.7817959183673
CenterY=53.8196408163265
XWidth=53

[LeftLeg]
ThighAlpha=-0.0999597683548927
ThighTheta=0.60451865196228
LowerLegAlpha=-0.121379718184471
LowerLegTheta=0.0396666079759598

[RightLeg]
ThighAlpha=0.13922968506813
ThighTheta=-0.534705400466919
LowerLegAlpha=0.0606898665428162
LowerLegTheta=-0.537878751754761
