[%General]
Highest=146
CenterX=40.4650736486925
CenterY=118.29193433262
XWidth=50

[LeftLeg]
ThighAlpha=-0.0464098900556564
ThighTheta=-0.534705400466919
LowerLegAlpha=-0.0856797993183136
LowerLegTheta=-0.398252427577972

[RightLeg]
ThighAlpha=0.13922968506813
ThighTheta=0.607692003250122
LowerLegAlpha=0.00356999784708023
LowerLegTheta=0.176119610667229
