[%General]
Highest=149
CenterX=40.3107286487856
CenterY=76.4401659330568
XWidth=49

[LeftLeg]
ThighAlpha=-0.117809727787971
ThighTheta=0.0863598436117172
LowerLegAlpha=-0.0856797993183136
LowerLegTheta=-0.0863597691059113

[RightLeg]
ThighAlpha=0.13922968506813
ThighTheta=0.116279773414135
LowerLegAlpha=-0.157079637050629
LowerLegTheta=-0.979877710342407
