[%General]
Highest=150
CenterX=37.9592712943494
CenterY=157.96524091691
XWidth=50

[LeftLeg]
ThighAlpha=0
ThighTheta=0.392699092626572
LowerLegAlpha=0
LowerLegTheta=-0.235619455575943

[RightLeg]
ThighAlpha=0.117809727787971
ThighTheta=-0.235619455575943
LowerLegAlpha=0.0392699092626572
LowerLegTheta=0.0785398185253143
