[%General]
Highest=147
CenterX=41.3667556418345
CenterY=63.9319420852544
XWidth=53

[LeftLeg]
ThighAlpha=-0.13922968506813
ThighTheta=0.46489229798317
LowerLegAlpha=0.00356999784708023
LowerLegTheta=-0.109479740262032

[RightLeg]
ThighAlpha=0.13922968506813
ThighTheta=-0.322092592716217
LowerLegAlpha=0.0642598569393158
LowerLegTheta=-0.886944591999054
