[%General]
Highest=141
CenterX=32.5158318711118
CenterY=258.26587174988
XWidth=43

[LeftLeg]
ThighAlpha=-0.0981747731566429
ThighTheta=-0.549778699874878
LowerLegAlpha=-0.0392699092626572
LowerLegTheta=-0.353429168462753

[RightLeg]
ThighAlpha=0.0196349546313286
ThighTheta=0.589048624038696
LowerLegAlpha=0.0196349546313286
LowerLegTheta=0.353429168462753
