[%General]
Highest=147
CenterX=40.2204590121331
CenterY=113.6601750938
XWidth=50

[LeftLeg]
ThighAlpha=-0.0785398185253143
ThighTheta=-0.484838873147964
LowerLegAlpha=-0.0856797993183136
LowerLegTheta=-0.401879042387009

[RightLeg]
ThighAlpha=0.103529766201973
ThighTheta=0.567798733711243
LowerLegAlpha=0.0606898665428162
LowerLegTheta=0.34883925318718
