[%General]
Highest=146
CenterX=42.5507391438251
CenterY=36.4560979365568
XWidth=48

[LeftLeg]
ThighAlpha=-0.0785398185253143
ThighTheta=0.534705460071564
LowerLegAlpha=0.021419957280159
LowerLegTheta=0.31891930103302

[RightLeg]
ThighAlpha=0.13922968506813
ThighTheta=-0.534705400466919
LowerLegAlpha=0.0821098163723946
LowerLegTheta=-0.318919241428375
