[%General]
Highest=144
CenterX=32.4084605779131
CenterY=294.453392336846
XWidth=41

[LeftLeg]
ThighAlpha=-0.117809727787971
ThighTheta=0.31891930103302
LowerLegAlpha=-0.121379718184471
LowerLegTheta=-0.461718916893005

[RightLeg]
ThighAlpha=0.0856798067688942
ThighTheta=-0.0333198979496956
LowerLegAlpha=0.0856798067688942
LowerLegTheta=0.0333199352025986
