[%General]
Highest=150
CenterX=40.774230008477
CenterY=89.0915669837682
XWidth=48

[LeftLeg]
ThighAlpha=-0.0785398185253143
ThighTheta=-0.157079637050629
LowerLegAlpha=-0.157079637050629
LowerLegTheta=-0.157079637050629

[RightLeg]
ThighAlpha=0.0785398185253143
ThighTheta=0.392699092626572
LowerLegAlpha=0.196349546313286
LowerLegTheta=-0.549778699874878
