[%General]
Highest=143
CenterX=32.5344306348673
CenterY=249.190366886873
XWidth=45

[LeftLeg]
ThighAlpha=-0.157079637050629
ThighTheta=-0.549778699874878
LowerLegAlpha=0.0392699092626572
LowerLegTheta=-0.157079637050629

[RightLeg]
ThighAlpha=0
ThighTheta=0.549778699874878
LowerLegAlpha=0
LowerLegTheta=0.628318548202515
