[%General]
Highest=147
CenterX=33.0904461780869
CenterY=228.160658698743
XWidth=49

[LeftLeg]
ThighAlpha=-0.117809727787971
ThighTheta=-0.176119565963745
LowerLegAlpha=-0.0678298398852348
LowerLegTheta=0.030146598815918

[RightLeg]
ThighAlpha=-0.00356999039649963
ThighTheta=0.46171897649765
LowerLegAlpha=0.13922968506813
LowerLegTheta=-0.391905754804611
