[%General]
Highest=147
CenterX=33.0229222404419
CenterY=216.511849486493
XWidth=49

[LeftLeg]
ThighAlpha=-0.157079637050629
ThighTheta=0.0364932715892792
LowerLegAlpha=-0.0321299210190773
LowerLegTheta=0.106306441128254

[RightLeg]
ThighAlpha=0.0856798067688942
ThighTheta=0.315745949745178
LowerLegAlpha=-0.121379718184471
LowerLegTheta=-1.09955739974976
