[%General]
Highest=149
CenterX=40.7084378713852
CenterY=97.4611943747524
XWidth=49

[LeftLeg]
ThighAlpha=-0.0589048638939857
ThighTheta=-0.314159274101257
LowerLegAlpha=-0.0785398185253143
LowerLegTheta=-0.196349546313286

[RightLeg]
ThighAlpha=0.0392699092626572
ThighTheta=0.510508835315704
LowerLegAlpha=0
LowerLegTheta=0
