[%General]
Highest=145
CenterX=41.8984260196584
CenterY=48.8431571041374
XWidth=52

[LeftLeg]
ThighAlpha=-0.157079637050629
ThighTheta=0.628318548202515
LowerLegAlpha=-0.0392699092626572
LowerLegTheta=0.157079637050629

[RightLeg]
ThighAlpha=0.196349546313286
ThighTheta=-0.549778699874878
LowerLegAlpha=0.0785398185253143
LowerLegTheta=-0.549778699874878
