[%General]
Highest=145
CenterX=42.0984090873185
CenterY=44.5598369590976
XWidth=50

[LeftLeg]
ThighAlpha=-0.0981747731566429
ThighTheta=0.549778699874878
LowerLegAlpha=-0.0785398185253143
LowerLegTheta=0.353429168462753

[RightLeg]
ThighAlpha=0.0981747731566429
ThighTheta=-0.589048624038696
LowerLegAlpha=0.0981747731566429
LowerLegTheta=-0.431968986988068
