[%General]
Highest=142
CenterX=32.4063155886281
CenterY=253.63505056287
XWidth=44

[LeftLeg]
ThighAlpha=-0.117809727787971
ThighTheta=-0.537878751754761
LowerLegAlpha=-0.0142799615859985
LowerLegTheta=-0.318919241428375

[RightLeg]
ThighAlpha=-0.00356999039649963
ThighTheta=0.607692003250122
LowerLegAlpha=0.0249899476766586
LowerLegTheta=0.46171897649765
