[%General]
Highest=144
CenterX=32.2574592695134
CenterY=281.763752529017
XWidth=40

[LeftLeg]
ThighAlpha=-0.0606898590922356
ThighTheta=0.116279773414135
LowerLegAlpha=0.021419957280159
LowerLegTheta=-1.09955739974976

[RightLeg]
ThighAlpha=0.13922968506813
ThighTheta=0.401879131793976
LowerLegAlpha=-0.117809727787971
LowerLegTheta=-0.146199628710747
