[%General]
Highest=150
CenterX=38.1228344077357
CenterY=145.121776792909
XWidth=47

[LeftLeg]
ThighAlpha=-0.0464098900556564
ThighTheta=0.245932787656784
LowerLegAlpha=-0.0142799615859985
LowerLegTheta=-0.956757783889771

[RightLeg]
ThighAlpha=0.121379725635052
ThighTheta=0.106306441128254
LowerLegAlpha=-0.00713998079299927
LowerLegTheta=-0.0364932343363762
