[%General]
Highest=148
CenterX=39.9490897455329
CenterY=137.312400006736
XWidth=48

[LeftLeg]
ThighAlpha=-0.157079637050629
ThighTheta=0.235619455575943
LowerLegAlpha=-0.157079637050629
LowerLegTheta=0.0785398185253143

[RightLeg]
ThighAlpha=0.157079637050629
ThighTheta=0.314159274101257
LowerLegAlpha=0
LowerLegTheta=0
