[%General]
Highest=146
CenterX=33.7672610556348
CenterY=208.154796718973
XWidth=50

[LeftLeg]
ThighAlpha=-0.117809727787971
ThighTheta=0.252279460430145
LowerLegAlpha=-0.0642598494887352
LowerLegTheta=0.172946274280548

[RightLeg]
ThighAlpha=0.046409897506237
ThighTheta=0.030146598815918
LowerLegAlpha=-0.0142799615859985
LowerLegTheta=-1.09955739974976
