[%General]
Highest=144
CenterX=32.3491000719942
CenterY=244.912095032397
XWidth=45

[LeftLeg]
ThighAlpha=-0.13922968506813
ThighTheta=-0.468065589666367
LowerLegAlpha=0.021419957280159
LowerLegTheta=-0.10313306748867

[RightLeg]
ThighAlpha=-0.0606898590922356
ThighTheta=0.534705460071564
LowerLegAlpha=0.0285599380731583
LowerLegTheta=0.607692003250122
