[%General]
Highest=144
CenterX=32.3491000719942
CenterY=244.912095032397
XWidth=45

[LeftLeg]
ThighAlpha=-0.13922968506813
ThighTheta=-0.507958829402924
LowerLegAlpha=0.021419957280159
LowerLegTheta=-0.0333198830485344

[RightLeg]
ThighAlpha=-0.0606898590922356
ThighTheta=0.544678807258606
LowerLegAlpha=0.0285599380731583
LowerLegTheta=0.627638638019562
