[%General]
Highest=147
CenterX=33.2567515228337
CenterY=220.186384282244
XWidth=48

[LeftLeg]
ThighAlpha=-0.0785398185253143
ThighTheta=-0.0364932343363762
LowerLegAlpha=-0.13922968506813
LowerLegTheta=0.0396666079759598

[RightLeg]
ThighAlpha=0.121379725635052
ThighTheta=0.322092622518539
LowerLegAlpha=0.13922968506813
LowerLegTheta=-0.468065589666367
