[%General]
Highest=147
CenterX=33.0904461780869
CenterY=228.160658698743
XWidth=49

[LeftLeg]
ThighAlpha=-0.117809727787971
ThighTheta=-0.157079637050629
LowerLegAlpha=-0.0785398185253143
LowerLegTheta=0

[RightLeg]
ThighAlpha=0
ThighTheta=0.471238911151886
LowerLegAlpha=0.196349546313286
LowerLegTheta=-0.471238911151886
