[%General]
Highest=144
CenterX=32.2574592695134
CenterY=281.763752529017
XWidth=40

[LeftLeg]
ThighAlpha=-0.0428398996591568
ThighTheta=0.106306441128254
LowerLegAlpha=0.021419957280159
LowerLegTheta=-1.09955739974976

[RightLeg]
ThighAlpha=0.13922968506813
ThighTheta=0.391905784606934
LowerLegAlpha=-0.117809727787971
LowerLegTheta=-0.106306403875351
