[%General]
Highest=143
CenterX=36.1688412945931
CenterY=183.88592750533
XWidth=54

[LeftLeg]
ThighAlpha=-0.0999597683548927
ThighTheta=0.607692003250122
LowerLegAlpha=-0.0678298398852348
LowerLegTheta=0.388732463121414

[RightLeg]
ThighAlpha=0.13922968506813
ThighTheta=-0.537878751754761
LowerLegAlpha=0.0606898665428162
LowerLegTheta=-0.315745919942856
