[%General]
Highest=144
CenterX=34.9437954221286
CenterY=193.708024859064
XWidth=53

[LeftLeg]
ThighAlpha=-0.0785398185253143
ThighTheta=0.607692003250122
LowerLegAlpha=-0.0499798804521561
LowerLegTheta=0.176119610667229

[RightLeg]
ThighAlpha=0.13922968506813
ThighTheta=-0.461718916893005
LowerLegAlpha=0.021419957280159
LowerLegTheta=-0.607691943645477
