[%General]
Highest=144
CenterX=36.4707342485903
CenterY=179.428950110321
XWidth=53

[LeftLeg]
ThighAlpha=-0.0606898590922356
ThighTheta=0.607692003250122
LowerLegAlpha=-0.157079637050629
LowerLegTheta=0.458545625209808

[RightLeg]
ThighAlpha=0.13922968506813
ThighTheta=-0.534705400466919
LowerLegAlpha=0.0285599380731583
LowerLegTheta=-0.182466238737106
