[%General]
Highest=144
CenterX=36.4707342485903
CenterY=179.428950110321
XWidth=53

[LeftLeg]
ThighAlpha=-0.0785398185253143
ThighTheta=0.59771865606308
LowerLegAlpha=-0.13922968506813
LowerLegTheta=0.438599050045013

[RightLeg]
ThighAlpha=0.13922968506813
ThighTheta=-0.574598670005798
LowerLegAlpha=0.0642598569393158
LowerLegTheta=-0.132599666714668
