[%General]
Highest=149
CenterX=40.8327847899025
CenterY=84.7728550886723
XWidth=48

[LeftLeg]
ThighAlpha=-0.0785398185253143
ThighTheta=-0.0785398185253143
LowerLegAlpha=-0.196349546313286
LowerLegTheta=-0.0785398185253143

[RightLeg]
ThighAlpha=0.117809727787971
ThighTheta=0.235619455575943
LowerLegAlpha=0.0785398185253143
LowerLegTheta=-0.471238911151886
