[%General]
Highest=149
CenterX=40.8327847899025
CenterY=84.7728550886723
XWidth=48

[LeftLeg]
ThighAlpha=-0.0999597683548927
ThighTheta=-0.0333198979496956
LowerLegAlpha=-0.157079637050629
LowerLegTheta=-0.255452752113342

[RightLeg]
ThighAlpha=0.13922968506813
ThighTheta=0.249106109142303
LowerLegAlpha=0.0499798879027367
LowerLegTheta=-0.464892268180847
