[%General]
Highest=146
CenterX=36.5056008997918
CenterY=175.317176599334
XWidth=52

[LeftLeg]
ThighAlpha=-0.0999597683548927
ThighTheta=0.534705460071564
LowerLegAlpha=-0.0499798804521561
LowerLegTheta=0.531532108783722

[RightLeg]
ThighAlpha=0.121379725635052
ThighTheta=-0.607691943645477
LowerLegAlpha=0.0321299284696579
LowerLegTheta=0.0364932715892792
