[%General]
Highest=148
CenterX=40.4223503710605
CenterY=101.419876634433
XWidth=50

[LeftLeg]
ThighAlpha=-0.0856797993183136
ThighTheta=-0.401879042387009
LowerLegAlpha=-0.103529758751392
LowerLegTheta=-0.199239507317543

[RightLeg]
ThighAlpha=0.0499798879027367
ThighTheta=0.514758884906769
LowerLegAlpha=-0.0107099711894989
LowerLegTheta=0.252279460430145
