[%General]
Highest=150
CenterX=40.774230008477
CenterY=89.0915669837682
XWidth=48

[LeftLeg]
ThighAlpha=-0.0785398185253143
ThighTheta=-0.179292917251587
LowerLegAlpha=-0.14279967546463
LowerLegTheta=-0.106306403875351

[RightLeg]
ThighAlpha=0.0856798067688942
ThighTheta=0.391905784606934
LowerLegAlpha=0.13922968506813
LowerLegTheta=-0.537878751754761
