[%General]
Highest=150
CenterX=37.9592712943494
CenterY=157.96524091691
XWidth=50

[LeftLeg]
ThighAlpha=-0.024989940226078
ThighTheta=0.424999058246613
LowerLegAlpha=0.00356999784708023
LowerLegTheta=-0.2522794008255

[RightLeg]
ThighAlpha=0.121379725635052
ThighTheta=-0.206039488315582
LowerLegAlpha=0.0142799690365791
LowerLegTheta=0.0102000124752522
