[%General]
Highest=149
CenterX=40.7084378713852
CenterY=97.4611943747524
XWidth=49

[LeftLeg]
ThighAlpha=-0.082109808921814
ThighTheta=-0.318919241428375
LowerLegAlpha=-0.0464098900556564
LowerLegTheta=-0.215559482574463

[RightLeg]
ThighAlpha=0.0499798879027367
ThighTheta=0.484838932752609
LowerLegAlpha=-0.0142799615859985
LowerLegTheta=0.0632398948073387
