[%General]
Highest=147
CenterX=33.2567515228337
CenterY=220.186384282244
XWidth=48

[LeftLeg]
ThighAlpha=-0.0785398185253143
ThighTheta=-0.0564398318529129
LowerLegAlpha=-0.13922968506813
LowerLegTheta=0.079559862613678

[RightLeg]
ThighAlpha=0.121379725635052
ThighTheta=0.282199382781982
LowerLegAlpha=0.13922968506813
LowerLegTheta=-0.358359158039093
