[%General]
Highest=147
CenterX=41.3667556418345
CenterY=63.9319420852544
XWidth=53

[LeftLeg]
ThighAlpha=-0.0981747731566429
ThighTheta=0.431968986988068
LowerLegAlpha=-0.0785398185253143
LowerLegTheta=-0.0392699092626572

[RightLeg]
ThighAlpha=0.0981747731566429
ThighTheta=-0.353429168462753
LowerLegAlpha=0.0981747731566429
LowerLegTheta=-0.785398185253143
