[%General]
Highest=147
CenterX=40.076735609027
CenterY=109.615769549465
XWidth=51

[LeftLeg]
ThighAlpha=-0.0785398185253143
ThighTheta=-0.471238911151886
LowerLegAlpha=-0.0981747731566429
LowerLegTheta=-0.353429168462753

[RightLeg]
ThighAlpha=0.0785398185253143
ThighTheta=0.589048624038696
LowerLegAlpha=0.0392699092626572
LowerLegTheta=0.431968986988068
