[%General]
Highest=145
CenterX=41.8984260196584
CenterY=48.8431571041374
XWidth=52

[LeftLeg]
ThighAlpha=-0.0999597683548927
ThighTheta=0.607692003250122
LowerLegAlpha=-0.121379718184471
LowerLegTheta=0.176119610667229

[RightLeg]
ThighAlpha=0.13922968506813
ThighTheta=-0.534705400466919
LowerLegAlpha=0.0606898665428162
LowerLegTheta=-0.537878751754761
