[%General]
Highest=145
CenterX=31.9455000193881
CenterY=236.087537322114
XWidth=46

[LeftLeg]
ThighAlpha=-0.117809727787971
ThighTheta=-0.314159274101257
LowerLegAlpha=0
LowerLegTheta=0

[RightLeg]
ThighAlpha=-0.0785398185253143
ThighTheta=0.549778699874878
LowerLegAlpha=0.0785398185253143
LowerLegTheta=0.235619455575943
