[%General]
Highest=148
CenterX=39.9490897455329
CenterY=137.312400006736
XWidth=48

[LeftLeg]
ThighAlpha=-0.0196349546313286
ThighTheta=-0.196349546313286
LowerLegAlpha=0
LowerLegTheta=-0.785398185253143

[RightLeg]
ThighAlpha=0.0981747731566429
ThighTheta=0.274889349937439
LowerLegAlpha=0.0785398185253143
LowerLegTheta=0.0392699092626572
