[%General]
Highest=150
CenterX=37.9592712943494
CenterY=157.96524091691
XWidth=50

[LeftLeg]
ThighAlpha=0.0107099786400795
ThighTheta=0.46489229798317
LowerLegAlpha=-0.0142799615859985
LowerLegTheta=-0.322092592716217

[RightLeg]
ThighAlpha=0.121379725635052
ThighTheta=-0.176119565963745
LowerLegAlpha=0.0142799690365791
LowerLegTheta=-0.0396665707230568
