[%General]
Highest=147
CenterX=33.5083241045006
CenterY=224.312267388029
XWidth=49

[LeftLeg]
ThighAlpha=-0.0785398185253143
ThighTheta=-0.0785398185253143
LowerLegAlpha=-0.0981747731566429
LowerLegTheta=0

[RightLeg]
ThighAlpha=0.0981747731566429
ThighTheta=0.392699092626572
LowerLegAlpha=0.0981747731566429
LowerLegTheta=-0.549778699874878
