[%General]
Highest=150
CenterX=38.965666812418
CenterY=141.215548753826
XWidth=49

[LeftLeg]
ThighAlpha=-0.0464098900556564
ThighTheta=0.0931598246097565
LowerLegAlpha=0.00356999784708023
LowerLegTheta=-0.956757783889771

[RightLeg]
ThighAlpha=0.13922968506813
ThighTheta=0.199239581823349
LowerLegAlpha=-0.0214199498295784
LowerLegTheta=0.00340002961456776
