[%General]
Highest=150
CenterX=40.8164293214333
CenterY=93.5019031368946
XWidth=48

[LeftLeg]
ThighAlpha=-0.0642598494887352
ThighTheta=-0.2522794008255
LowerLegAlpha=-0.0678298398852348
LowerLegTheta=-0.172946244478226

[RightLeg]
ThighAlpha=0.0678298473358154
ThighTheta=0.391905784606934
LowerLegAlpha=-0.0107099711894989
LowerLegTheta=-0.109479740262032
