[%General]
Highest=149
CenterX=40.3107286487856
CenterY=76.4401659330568
XWidth=49

[LeftLeg]
ThighAlpha=-0.157079637050629
ThighTheta=0.0785398185253143
LowerLegAlpha=-0.0392699092626572
LowerLegTheta=-0.0785398185253143

[RightLeg]
ThighAlpha=0.196349546313286
ThighTheta=0.0785398185253143
LowerLegAlpha=0.117809727787971
LowerLegTheta=-0.0785398185253143
