[%General]
Highest=150
CenterX=40.5815212376588
CenterY=80.5654046073878
XWidth=47

[LeftLeg]
ThighAlpha=-0.157079637050629
ThighTheta=0
LowerLegAlpha=-0.0392699092626572
LowerLegTheta=-0.0785398185253143

[RightLeg]
ThighAlpha=0.196349546313286
ThighTheta=0.0785398185253143
LowerLegAlpha=0.0392699092626572
LowerLegTheta=-0.235619455575943
