[%General]
Highest=147
CenterX=33.5083241045006
CenterY=224.312267388029
XWidth=49

[LeftLeg]
ThighAlpha=-0.157079637050629
ThighTheta=-0.0364932343363762
LowerLegAlpha=-0.0856797993183136
LowerLegTheta=-0.0333198979496956

[RightLeg]
ThighAlpha=0.0678298473358154
ThighTheta=0.395079135894775
LowerLegAlpha=0.13922968506813
LowerLegTheta=-0.537878751754761
