[%General]
Highest=147
CenterX=40.3216725384145
CenterY=123.104914074001
XWidth=48

[LeftLeg]
ThighAlpha=-0.0392699092626572
ThighTheta=-0.431798994541168
LowerLegAlpha=-0.0464098900556564
LowerLegTheta=-0.627638518810272

[RightLeg]
ThighAlpha=0.103529766201973
ThighTheta=0.567798733711243
LowerLegAlpha=0.0606898665428162
LowerLegTheta=0.0931598246097565
