[%General]
Highest=141
CenterX=32.794097769768
CenterY=263.233590694055
XWidth=43

[LeftLeg]
ThighAlpha=-0.0785398185253143
ThighTheta=-0.471238911151886
LowerLegAlpha=0
LowerLegTheta=-0.549778699874878

[RightLeg]
ThighAlpha=0
ThighTheta=0.549778699874878
LowerLegAlpha=0.117809727787971
LowerLegTheta=0.314159274101257
