[%General]
Highest=148
CenterX=37.5593463433986
CenterY=166.29171943423
XWidth=52

[LeftLeg]
ThighAlpha=-0.082109808921814
ThighTheta=0.60451865196228
LowerLegAlpha=0.021419957280159
LowerLegTheta=0.106306441128254

[RightLeg]
ThighAlpha=0.13922968506813
ThighTheta=-0.395079076290131
LowerLegAlpha=-0.00356999039649963
LowerLegTheta=0.0396666079759598
