[%General]
Highest=144
CenterX=31.5772742502932
CenterY=287.092331211258
XWidth=38

[LeftLeg]
ThighAlpha=-0.0999597683548927
ThighTheta=0.146199703216553
LowerLegAlpha=0.0606898665428162
LowerLegTheta=-1.0097975730896

[RightLeg]
ThighAlpha=0.121379725635052
ThighTheta=0.259079456329346
LowerLegAlpha=-0.121379718184471
LowerLegTheta=-0.206039488315582
