[%General]
Highest=143
CenterX=36.1688412945931
CenterY=183.88592750533
XWidth=54

[LeftLeg]
ThighAlpha=-0.117809727787971
ThighTheta=0.59771865606308
LowerLegAlpha=-0.0499798804521561
LowerLegTheta=0.378759175539017

[RightLeg]
ThighAlpha=0.13922968506813
ThighTheta=-0.567798674106598
LowerLegAlpha=0.0606898665428162
LowerLegTheta=-0.265879362821579
