[%General]
Highest=150
CenterX=37.9752603963942
CenterY=153.865605878964
XWidth=50

[LeftLeg]
ThighAlpha=-0.0392699092626572
ThighTheta=0.235619455575943
LowerLegAlpha=-0.196349546313286
LowerLegTheta=-0.314159274101257

[RightLeg]
ThighAlpha=0.117809727787971
ThighTheta=-0.157079637050629
LowerLegAlpha=0.0392699092626572
LowerLegTheta=0.0785398185253143
