[%General]
Highest=146
CenterX=32.51947641705
CenterY=231.954196363349
XWidth=47

[LeftLeg]
ThighAlpha=-0.117809727787971
ThighTheta=-0.235619455575943
LowerLegAlpha=-0.0392699092626572
LowerLegTheta=-0.0785398185253143

[RightLeg]
ThighAlpha=-0.0392699092626572
ThighTheta=0.471238911151886
LowerLegAlpha=0.0785398185253143
LowerLegTheta=0
