[%General]
Highest=147
CenterX=41.3667556418345
CenterY=63.9319420852544
XWidth=53

[LeftLeg]
ThighAlpha=-0.157079637050629
ThighTheta=0.471238911151886
LowerLegAlpha=0
LowerLegTheta=-0.0785398185253143

[RightLeg]
ThighAlpha=0.117809727787971
ThighTheta=-0.392699092626572
LowerLegAlpha=0.117809727787971
LowerLegTheta=-0.785398185253143
