[%General]
Highest=148
CenterX=38.0749788771378
CenterY=161.971913876992
XWidth=51

[LeftLeg]
ThighAlpha=-0.024989940226078
ThighTheta=0.537878811359406
LowerLegAlpha=0.00356999784708023
LowerLegTheta=-0.112653076648712

[RightLeg]
ThighAlpha=0.13922968506813
ThighTheta=-0.318919241428375
LowerLegAlpha=-0.00713998079299927
LowerLegTheta=0.0333199352025986
