[%General]
Highest=141
CenterX=33.0779106356199
CenterY=267.847472204741
XWidth=41

[LeftLeg]
ThighAlpha=-0.0606898590922356
ThighTheta=-0.37875908613205
LowerLegAlpha=0.00356999784708023
LowerLegTheta=-0.650758504867554

[RightLeg]
ThighAlpha=-0.00356999039649963
ThighTheta=0.514758884906769
LowerLegAlpha=0.0606898665428162
LowerLegTheta=0.199239581823349
