[%General]
Highest=141
CenterX=33.0779106356199
CenterY=267.847472204741
XWidth=41

[LeftLeg]
ThighAlpha=-0.0392699092626572
ThighTheta=-0.314159274101257
LowerLegAlpha=-0.0392699092626572
LowerLegTheta=-0.706858336925507

[RightLeg]
ThighAlpha=-0.0392699092626572
ThighTheta=0.549778699874878
LowerLegAlpha=0.157079637050629
LowerLegTheta=0.157079637050629
