[%General]
Highest=143
CenterX=36.1688412945931
CenterY=183.88592750533
XWidth=54

[LeftLeg]
ThighAlpha=-0.157079637050629
ThighTheta=0.628318548202515
LowerLegAlpha=0
LowerLegTheta=0.314159274101257

[RightLeg]
ThighAlpha=0.157079637050629
ThighTheta=-0.549778699874878
LowerLegAlpha=0.0392699092626572
LowerLegTheta=-0.314159274101257
