[%General]
Highest=144
CenterX=32.1688077484195
CenterY=291.026017182688
XWidth=40

[LeftLeg]
ThighAlpha=-0.0981747731566429
ThighTheta=0.392699092626572
LowerLegAlpha=-0.0981747731566429
LowerLegTheta=-0.706858336925507

[RightLeg]
ThighAlpha=0.0981747731566429
ThighTheta=0.117809727787971
LowerLegAlpha=0.0392699092626572
LowerLegTheta=-0.117809727787971
