[%General]
Highest=145
CenterX=42.4198335315101
CenterY=40.0253507728894
XWidth=50

[LeftLeg]
ThighAlpha=-0.0999597683548927
ThighTheta=0.534705460071564
LowerLegAlpha=-0.0856797993183136
LowerLegTheta=0.46171897649765

[RightLeg]
ThighAlpha=0.13922968506813
ThighTheta=-0.534705400466919
LowerLegAlpha=0.0606898665428162
LowerLegTheta=-0.391905754804611
