[%General]
Highest=143
CenterX=35.6226876950879
CenterY=188.518153441761
XWidth=53

[LeftLeg]
ThighAlpha=-0.0606898590922356
ThighTheta=0.607692003250122
LowerLegAlpha=-0.103529758751392
LowerLegTheta=0.322092622518539

[RightLeg]
ThighAlpha=0.13922968506813
ThighTheta=-0.468065589666367
LowerLegAlpha=0.021419957280159
LowerLegTheta=-0.52835875749588
