[%General]
Highest=145
CenterX=33.960614059461
CenterY=203.537718810781
XWidth=52

[LeftLeg]
ThighAlpha=-0.117809727787971
ThighTheta=0.46489229798317
LowerLegAlpha=-0.0142799615859985
LowerLegTheta=-0.0396665707230568

[RightLeg]
ThighAlpha=0.0499798879027367
ThighTheta=-0.249106079339981
LowerLegAlpha=0.0606898665428162
LowerLegTheta=-0.890117883682251
