[%General]
Highest=147
CenterX=33.4876161273248
CenterY=212.302122688861
XWidth=49

[LeftLeg]
ThighAlpha=-0.117809727787971
ThighTheta=0.179292947053909
LowerLegAlpha=-0.0678298398852348
LowerLegTheta=0.103133104741573

[RightLeg]
ThighAlpha=0.0856798067688942
ThighTheta=0.176119610667229
LowerLegAlpha=-0.0999597683548927
LowerLegTheta=-1.09955739974976
