[%General]
Highest=150
CenterX=40.8164293214333
CenterY=93.5019031368946
XWidth=48

[LeftLeg]
ThighAlpha=-0.0589048638939857
ThighTheta=-0.274889349937439
LowerLegAlpha=-0.0981747731566429
LowerLegTheta=-0.0785398185253143

[RightLeg]
ThighAlpha=0.0589048638939857
ThighTheta=0.431968986988068
LowerLegAlpha=0
LowerLegTheta=-0.157079637050629
