[%General]
Highest=146
CenterX=41.6358544334895
CenterY=59.0432867109961
XWidth=53

[LeftLeg]
ThighAlpha=-0.0999597683548927
ThighTheta=0.534705460071564
LowerLegAlpha=-0.0678298398852348
LowerLegTheta=-0.0333198979496956

[RightLeg]
ThighAlpha=0.13922968506813
ThighTheta=-0.464892268180847
LowerLegAlpha=0.0606898665428162
LowerLegTheta=-0.677505135536194
