[%General]
Highest=150
CenterX=37.6749938850387
CenterY=149.472857725234
XWidth=48

[LeftLeg]
ThighAlpha=-0.157079637050629
ThighTheta=0.0785398185253143
LowerLegAlpha=-0.157079637050629
LowerLegTheta=-0.157079637050629

[RightLeg]
ThighAlpha=0.117809727787971
ThighTheta=0.0785398185253143
LowerLegAlpha=0.0392699092626572
LowerLegTheta=-0.157079637050629
