[%General]
Highest=147
CenterX=40.1326657723266
CenterY=105.605659895234
XWidth=51

[LeftLeg]
ThighAlpha=-0.0999597683548927
ThighTheta=-0.461718916893005
LowerLegAlpha=-0.0856797993183136
LowerLegTheta=-0.255452752113342

[RightLeg]
ThighAlpha=0.0678298473358154
ThighTheta=0.537878811359406
LowerLegAlpha=0.00713998824357986
LowerLegTheta=0.458545625209808
