[%General]
Highest=147
CenterX=40.3216725384145
CenterY=123.104914074001
XWidth=48

[LeftLeg]
ThighAlpha=-0.00356999039649963
ThighTheta=-0.461718916893005
LowerLegAlpha=-0.0999597683548927
LowerLegTheta=-0.537878751754761

[RightLeg]
ThighAlpha=0.103529766201973
ThighTheta=0.537878811359406
LowerLegAlpha=0.0428399071097374
LowerLegTheta=0.172946274280548
