[%General]
Highest=147
CenterX=40.2204590121331
CenterY=113.6601750938
XWidth=50

[LeftLeg]
ThighAlpha=-0.0785398185253143
ThighTheta=-0.464892268180847
LowerLegAlpha=-0.0856797993183136
LowerLegTheta=-0.391905754804611

[RightLeg]
ThighAlpha=0.103529766201973
ThighTheta=0.607692003250122
LowerLegAlpha=0.0428399071097374
LowerLegTheta=0.31891930103302
