[%General]
Highest=147
CenterX=40.076735609027
CenterY=109.615769549465
XWidth=51

[LeftLeg]
ThighAlpha=-0.103529758751392
ThighTheta=-0.461718916893005
LowerLegAlpha=-0.0678298398852348
LowerLegTheta=-0.358359158039093

[RightLeg]
ThighAlpha=0.0856798067688942
ThighTheta=0.567798733711243
LowerLegAlpha=0.0249899476766586
LowerLegTheta=0.468518972396851
