[%General]
Highest=147
CenterX=37.0827006384809
CenterY=170.55401427903
XWidth=54

[LeftLeg]
ThighAlpha=-0.0981747731566429
ThighTheta=0.589048624038696
LowerLegAlpha=-0.0196349546313286
LowerLegTheta=0.274889349937439

[RightLeg]
ThighAlpha=0.0981747731566429
ThighTheta=-0.431968986988068
LowerLegAlpha=0.0785398185253143
LowerLegTheta=-0.0785398185253143
