[%General]
Highest=143
CenterX=32.5344306348673
CenterY=249.190366886873
XWidth=45

[LeftLeg]
ThighAlpha=-0.157079637050629
ThighTheta=-0.52155876159668
LowerLegAlpha=0.00713998824357986
LowerLegTheta=-0.192439526319504

[RightLeg]
ThighAlpha=-0.00356999039649963
ThighTheta=0.59771865606308
LowerLegAlpha=0.00356999784708023
LowerLegTheta=0.574598729610443
