[%General]
Highest=144
CenterX=31.5772742502932
CenterY=287.092331211258
XWidth=38

[LeftLeg]
ThighAlpha=-0.0999597683548927
ThighTheta=0.176119610667229
LowerLegAlpha=0.0606898665428162
LowerLegTheta=-1.02974426746368

[RightLeg]
ThighAlpha=0.121379725635052
ThighTheta=0.249106109142303
LowerLegAlpha=-0.13922968506813
LowerLegTheta=-0.176119565963745
