[%General]
Highest=144
CenterX=32.2574592695134
CenterY=281.763752529017
XWidth=40

[LeftLeg]
ThighAlpha=-0.196349546313286
ThighTheta=0.392699092626572
LowerLegAlpha=-0.117809727787971
LowerLegTheta=-0.157079637050629

[RightLeg]
ThighAlpha=0.157079637050629
ThighTheta=0.392699092626572
LowerLegAlpha=-0.157079637050629
LowerLegTheta=-0.157079637050629
