[%General]
Highest=144
CenterX=32.1688077484195
CenterY=291.026017182688
XWidth=40

[LeftLeg]
ThighAlpha=-0.0785398185253143
ThighTheta=0.31891930103302
LowerLegAlpha=0.021419957280159
LowerLegTheta=-0.817131459712982

[RightLeg]
ThighAlpha=0.13922968506813
ThighTheta=0.106306441128254
LowerLegAlpha=-0.0606898590922356
LowerLegTheta=-0.0364932343363762
