[%General]
Highest=146
CenterX=36.5056008997918
CenterY=175.317176599334
XWidth=52

[LeftLeg]
ThighAlpha=-0.0981747731566429
ThighTheta=0.549778699874878
LowerLegAlpha=-0.0392699092626572
LowerLegTheta=0.471238911151886

[RightLeg]
ThighAlpha=0.0981747731566429
ThighTheta=-0.589048624038696
LowerLegAlpha=0.0785398185253143
LowerLegTheta=0
