[%General]
Highest=144
CenterX=31.5772742502932
CenterY=287.092331211258
XWidth=38

[LeftLeg]
ThighAlpha=-0.157079637050629
ThighTheta=0.157079637050629
LowerLegAlpha=-0.196349546313286
LowerLegTheta=0.0785398185253143

[RightLeg]
ThighAlpha=0.157079637050629
ThighTheta=0.235619455575943
LowerLegAlpha=-0.196349546313286
LowerLegTheta=-0.157079637050629
