[%General]
Highest=149
CenterX=40.5445176790428
CenterY=72.7591477389476
XWidth=51

[LeftLeg]
ThighAlpha=-0.117809727787971
ThighTheta=0.157079637050629
LowerLegAlpha=-0.0785398185253143
LowerLegTheta=0

[RightLeg]
ThighAlpha=0.196349546313286
ThighTheta=0.0785398185253143
LowerLegAlpha=0.117809727787971
LowerLegTheta=0.157079637050629
