[%General]
Highest=143
CenterX=35.6226876950879
CenterY=188.518153441761
XWidth=53

[LeftLeg]
ThighAlpha=-0.0981747731566429
ThighTheta=0.628318548202515
LowerLegAlpha=-0.0392699092626572
LowerLegTheta=0.235619455575943

[RightLeg]
ThighAlpha=0.0981747731566429
ThighTheta=-0.628318548202515
LowerLegAlpha=0.0981747731566429
LowerLegTheta=-0.314159274101257
