[%General]
Highest=144
CenterX=32.0682892855834
CenterY=240.501612844104
XWidth=45

[LeftLeg]
ThighAlpha=-0.157079637050629
ThighTheta=-0.392699092626572
LowerLegAlpha=0
LowerLegTheta=-0.0785398185253143

[RightLeg]
ThighAlpha=-0.0392699092626572
ThighTheta=0.549778699874878
LowerLegAlpha=0
LowerLegTheta=0.392699092626572
