[%General]
Highest=150
CenterX=37.9592712943494
CenterY=157.96524091691
XWidth=50

[LeftLeg]
ThighAlpha=0
ThighTheta=0.471238911151886
LowerLegAlpha=0
LowerLegTheta=-0.314159274101257

[RightLeg]
ThighAlpha=0.0981747731566429
ThighTheta=-0.157079637050629
LowerLegAlpha=0.0392699092626572
LowerLegTheta=-0.0785398185253143
