[%General]
Highest=141
CenterX=32.794097769768
CenterY=263.233590694055
XWidth=43

[LeftLeg]
ThighAlpha=-0.0999597683548927
ThighTheta=-0.461718916893005
LowerLegAlpha=-0.0285599306225777
LowerLegTheta=-0.537878751754761

[RightLeg]
ThighAlpha=0.0321299284696579
ThighTheta=0.534705460071564
LowerLegAlpha=0.00713998824357986
LowerLegTheta=0.31891930103302
