[%General]
Highest=150
CenterX=37.6749938850387
CenterY=149.472857725234
XWidth=48

[LeftLeg]
ThighAlpha=-0.0785398185253143
ThighTheta=0.252279460430145
LowerLegAlpha=0.021419957280159
LowerLegTheta=-0.607691943645477

[RightLeg]
ThighAlpha=0.13922968506813
ThighTheta=0.0364932715892792
LowerLegAlpha=-0.00356999039649963
LowerLegTheta=-0.0364932343363762
