[%General]
Highest=143
CenterX=32.9105535973461
CenterY=276.727327389592
XWidth=40

[LeftLeg]
ThighAlpha=-0.024989940226078
ThighTheta=0.0333199352025986
LowerLegAlpha=0.021419957280159
LowerLegTheta=-1.09955739974976

[RightLeg]
ThighAlpha=0.103529766201973
ThighTheta=0.395079135894775
LowerLegAlpha=-0.0678298398852348
LowerLegTheta=0.030146598815918
