[%General]
Highest=147
CenterX=41.3667556418345
CenterY=63.9319420852544
XWidth=53

[LeftLeg]
ThighAlpha=-0.157079637050629
ThighTheta=0.424999058246613
LowerLegAlpha=0.021419957280159
LowerLegTheta=-0.0197199191898108

[RightLeg]
ThighAlpha=0.13922968506813
ThighTheta=-0.312119245529175
LowerLegAlpha=0.046409897506237
LowerLegTheta=-0.896917939186096
