[%General]
Highest=143
CenterX=32.9105535973461
CenterY=276.727327389592
XWidth=40

[LeftLeg]
ThighAlpha=-0.196349546313286
ThighTheta=0.392699092626572
LowerLegAlpha=-0.117809727787971
LowerLegTheta=-0.0785398185253143

[RightLeg]
ThighAlpha=0.117809727787971
ThighTheta=0.471238911151886
LowerLegAlpha=-0.0785398185253143
LowerLegTheta=-0.0785398185253143
