[%General]
Highest=145
CenterX=42.4198335315101
CenterY=40.0253507728894
XWidth=50

[LeftLeg]
ThighAlpha=-0.117809727787971
ThighTheta=0.544678807258606
LowerLegAlpha=-0.0499798804521561
LowerLegTheta=0.431799054145813

[RightLeg]
ThighAlpha=0.13922968506813
ThighTheta=-0.544678747653961
LowerLegAlpha=0.0606898665428162
LowerLegTheta=-0.371959120035172
