[%General]
Highest=150
CenterX=40.5815212376588
CenterY=80.5654046073878
XWidth=47

[LeftLeg]
ThighAlpha=-0.0785398185253143
ThighTheta=-0.0333198979496956
LowerLegAlpha=-0.121379718184471
LowerLegTheta=-0.109479740262032

[RightLeg]
ThighAlpha=0.13922968506813
ThighTheta=0.179292947053909
LowerLegAlpha=0.0999597758054733
LowerLegTheta=-0.398252427577972
