[%General]
Highest=149
CenterX=40.5445176790428
CenterY=72.7591477389476
XWidth=51

[LeftLeg]
ThighAlpha=-0.0856797993183136
ThighTheta=0.176119610667229
LowerLegAlpha=-0.117809727787971
LowerLegTheta=-0.0333198979496956

[RightLeg]
ThighAlpha=0.13922968506813
ThighTheta=-0.106306403875351
LowerLegAlpha=-0.117809727787971
LowerLegTheta=-0.890117883682251
