[%General]
Highest=148
CenterX=40.4223503710605
CenterY=101.419876634433
XWidth=50

[LeftLeg]
ThighAlpha=-0.103529758751392
ThighTheta=-0.391905754804611
LowerLegAlpha=-0.0678298398852348
LowerLegTheta=-0.179292917251587

[RightLeg]
ThighAlpha=0.0499798879027367
ThighTheta=0.534705460071564
LowerLegAlpha=-0.0107099711894989
LowerLegTheta=0.252279460430145
