[%General]
Highest=150
CenterX=37.9752603963942
CenterY=153.865605878964
XWidth=50

[LeftLeg]
ThighAlpha=-0.0428398996591568
ThighTheta=0.252279460430145
LowerLegAlpha=-0.13922968506813
LowerLegTheta=-0.395079076290131

[RightLeg]
ThighAlpha=0.103529766201973
ThighTheta=-0.106306403875351
LowerLegAlpha=0.0999597758054733
LowerLegTheta=0.0333199352025986
