[%General]
Highest=145
CenterX=42.0984090873185
CenterY=44.5598369590976
XWidth=50

[LeftLeg]
ThighAlpha=-0.0999597683548927
ThighTheta=0.60451865196228
LowerLegAlpha=-0.103529758751392
LowerLegTheta=0.31891930103302

[RightLeg]
ThighAlpha=0.13922968506813
ThighTheta=-0.534705400466919
LowerLegAlpha=0.121379725635052
LowerLegTheta=-0.531532108783722
