[%General]
Highest=165
CenterX=35.4753349072142
CenterY=132.522880751071
XWidth=59

[LeftLeg]
ThighAlpha=-0.0999597683548927
ThighTheta=0.106306441128254
LowerLegAlpha=-0.103529758751392
LowerLegTheta=0.103133104741573

[RightLeg]
ThighAlpha=0.0856798067688942
ThighTheta=0.106306441128254
LowerLegAlpha=-0.0285599306225777
LowerLegTheta=-0.959931075572968
