[%General]
Highest=136
CenterX=32.8030111158013
CenterY=313.702490502322
XWidth=44

[LeftLeg]
ThighAlpha=-0.0981747731566429
ThighTheta=-0.235619455575943
LowerLegAlpha=-0.0589048638939857
LowerLegTheta=-0.314159274101257

[RightLeg]
ThighAlpha=0.0981747731566429
ThighTheta=-0.157079637050629
LowerLegAlpha=0.0981747731566429
LowerLegTheta=-0.392699092626572
