[%General]
Highest=162
CenterX=38.7548361495982
CenterY=195.811183492609
XWidth=60

[LeftLeg]
ThighAlpha=-0.00356999039649963
ThighTheta=-0.109479740262032
LowerLegAlpha=-0.0142799615859985
LowerLegTheta=-1.09955739974976

[RightLeg]
ThighAlpha=0.121379725635052
ThighTheta=0.322092622518539
LowerLegAlpha=0.0428399071097374
LowerLegTheta=0.179292947053909
