[%General]
Highest=160
CenterX=38.1501598257835
CenterY=31.6225309781847
XWidth=52

[LeftLeg]
ThighAlpha=0.046409897506237
ThighTheta=-0.567798674106598
LowerLegAlpha=-0.082109808921814
LowerLegTheta=-0.259079366922379

[RightLeg]
ThighAlpha=0.121379725635052
ThighTheta=0.342039257287979
LowerLegAlpha=0.0428399071097374
LowerLegTheta=0.31891930103302
