[%General]
Highest=148
CenterX=32.8741522230595
CenterY=302.494124116581
XWidth=44

[LeftLeg]
ThighAlpha=-0.157079637050629
ThighTheta=-0.116279698908329
LowerLegAlpha=-0.0856797993183136
LowerLegTheta=-0.0333198830485344

[RightLeg]
ThighAlpha=0.13922968506813
ThighTheta=-0.116279698908329
LowerLegAlpha=0.046409897506237
LowerLegTheta=-0.0795597806572914
