[%General]
Highest=164
CenterX=39.3141220044135
CenterY=87.5505426576675
XWidth=60

[LeftLeg]
ThighAlpha=-0.0428398996591568
ThighTheta=0.424999058246613
LowerLegAlpha=-0.0321299210190773
LowerLegTheta=0.32571929693222

[RightLeg]
ThighAlpha=0.13922968506813
ThighTheta=-0.401879042387009
LowerLegAlpha=0.0999597758054733
LowerLegTheta=-0.348839163780212
