[%General]
Highest=157
CenterX=37.3257097391275
CenterY=269.542635133991
XWidth=49

[LeftLeg]
ThighAlpha=-0.0785398185253143
ThighTheta=0.431799054145813
LowerLegAlpha=-0.121379718184471
LowerLegTheta=0.282199382781982

[RightLeg]
ThighAlpha=0.0856798067688942
ThighTheta=-0.37875908613205
LowerLegAlpha=0.0249899476766586
LowerLegTheta=-0.710598349571228
