[%General]
Highest=154
CenterX=34.4519304188474
CenterY=290.66199275312
XWidth=45

[LeftLeg]
ThighAlpha=-0.0999597683548927
ThighTheta=-0.106306403875351
LowerLegAlpha=-0.157079637050629
LowerLegTheta=0.31891930103302

[RightLeg]
ThighAlpha=0.0107099786400795
ThighTheta=0.46489229798317
LowerLegAlpha=0.0107099786400795
LowerLegTheta=-0.820304751396179
