[%General]
Highest=161
CenterX=37.9668762426783
CenterY=48.5188349723252
XWidth=54

[LeftLeg]
ThighAlpha=0.0678298473358154
ThighTheta=-0.2522794008255
LowerLegAlpha=-0.0142799615859985
LowerLegTheta=-0.886944591999054

[RightLeg]
ThighAlpha=0.121379725635052
ThighTheta=0.249106109142303
LowerLegAlpha=0.0642598569393158
LowerLegTheta=0.0364932715892792
