[%General]
Highest=166
CenterX=35.9821513841389
CenterY=136.511660321353
XWidth=59

[LeftLeg]
ThighAlpha=-0.0785398185253143
ThighTheta=0
LowerLegAlpha=-0.0785398185253143
LowerLegTheta=0.117809727787971

[RightLeg]
ThighAlpha=0.0981747731566429
ThighTheta=0.274889349937439
LowerLegAlpha=-0.0196349546313286
LowerLegTheta=-0.785398185253143
