[%General]
Highest=162
CenterX=38.6609258180406
CenterY=90.799155257792
XWidth=62

[LeftLeg]
ThighAlpha=-0.0785398185253143
ThighTheta=0.431968986988068
LowerLegAlpha=-0.0785398185253143
LowerLegTheta=0.510508835315704

[RightLeg]
ThighAlpha=0.0981747731566429
ThighTheta=-0.431968986988068
LowerLegAlpha=0.0981747731566429
LowerLegTheta=-0.353429168462753
