[%General]
Highest=161
CenterX=37.531225840912
CenterY=170.371041423612
XWidth=62

[LeftLeg]
ThighAlpha=-0.0428398996591568
ThighTheta=-0.464892268180847
LowerLegAlpha=-0.0321299210190773
LowerLegTheta=-0.24275940656662

[RightLeg]
ThighAlpha=0.0678298473358154
ThighTheta=0.534705460071564
LowerLegAlpha=-0.0142799615859985
LowerLegTheta=0.46171897649765
