[%General]
Highest=154
CenterX=34.4519304188474
CenterY=290.66199275312
XWidth=45

[LeftLeg]
ThighAlpha=-0.0785398185253143
ThighTheta=-0.117809727787971
LowerLegAlpha=-0.0981747731566429
LowerLegTheta=0.353429168462753

[RightLeg]
ThighAlpha=0.0589048638939857
ThighTheta=0.196349546313286
LowerLegAlpha=0.0981747731566429
LowerLegTheta=-0.117809727787971
