[%General]
Highest=160
CenterX=38.1501598257835
CenterY=31.6225309781847
XWidth=52

[LeftLeg]
ThighAlpha=0.046409897506237
ThighTheta=-0.537878751754761
LowerLegAlpha=-0.082109808921814
LowerLegTheta=-0.318919241428375

[RightLeg]
ThighAlpha=0.121379725635052
ThighTheta=0.322092622518539
LowerLegAlpha=0.0428399071097374
LowerLegTheta=0.388732463121414
