[%General]
Highest=157
CenterX=38.6949974961579
CenterY=252.846954809967
XWidth=58

[LeftLeg]
ThighAlpha=-0.0785398185253143
ThighTheta=0.514758884906769
LowerLegAlpha=-0.13922968506813
LowerLegTheta=0.484838932752609

[RightLeg]
ThighAlpha=0.13922968506813
ThighTheta=-0.491638839244843
LowerLegAlpha=0.0606898665428162
LowerLegTheta=-0.365159124135971
