[%General]
Highest=165
CenterX=36.5174722128663
CenterY=140.819902885371
XWidth=59

[LeftLeg]
ThighAlpha=-0.0999597683548927
ThighTheta=-0.0632398128509521
LowerLegAlpha=-0.13922968506813
LowerLegTheta=0.070039875805378

[RightLeg]
ThighAlpha=0.103529766201973
ThighTheta=0.19243960082531
LowerLegAlpha=0.13922968506813
LowerLegTheta=-0.358359158039093
