[%General]
Highest=158
CenterX=38.1880241553409
CenterY=23.6980016688116
XWidth=52

[LeftLeg]
ThighAlpha=-0.00713998079299927
ThighTheta=-0.537878751754761
LowerLegAlpha=-0.0142799615859985
LowerLegTheta=-0.0632398128509521

[RightLeg]
ThighAlpha=0.0678298473358154
ThighTheta=0.312119334936142
LowerLegAlpha=0.0142799690365791
LowerLegTheta=0.521558880805969
