[%General]
Highest=160
CenterX=38.1501598257835
CenterY=31.6225309781847
XWidth=52

[LeftLeg]
ThighAlpha=0.0785398185253143
ThighTheta=-0.549778699874878
LowerLegAlpha=-0.0981747731566429
LowerLegTheta=-0.274889349937439

[RightLeg]
ThighAlpha=0.0981747731566429
ThighTheta=0.353429168462753
LowerLegAlpha=0.0785398185253143
LowerLegTheta=0.314159274101257
