[%General]
Highest=163
CenterX=39.9961608599674
CenterY=227.485911727202
XWidth=61

[LeftLeg]
ThighAlpha=-0.00356999039649963
ThighTheta=0.507958889007568
LowerLegAlpha=0.00356999784708023
LowerLegTheta=-0.2522794008255

[RightLeg]
ThighAlpha=0.13922968506813
ThighTheta=-0.229159444570541
LowerLegAlpha=0.0606898665428162
LowerLegTheta=-0.0632398128509521
