[%General]
Highest=158
CenterX=36.9350840020688
CenterY=274.996713325214
XWidth=51

[LeftLeg]
ThighAlpha=-0.117809727787971
ThighTheta=0.322092622518539
LowerLegAlpha=-0.0499798804521561
LowerLegTheta=0.245932787656784

[RightLeg]
ThighAlpha=0.0142799690365791
ThighTheta=-0.182466238737106
LowerLegAlpha=0.0821098163723946
LowerLegTheta=-0.886944591999054
