[%General]
Highest=157
CenterX=37.3257097391275
CenterY=269.542635133991
XWidth=49

[LeftLeg]
ThighAlpha=-0.0785398185253143
ThighTheta=0.391905784606934
LowerLegAlpha=-0.0678298398852348
LowerLegTheta=0.322092622518539

[RightLeg]
ThighAlpha=0.103529766201973
ThighTheta=-0.388732433319092
LowerLegAlpha=0.00713998824357986
LowerLegTheta=-0.750491619110107
