[%General]
Highest=164
CenterX=40.2975591603843
CenterY=219.240858910925
XWidth=59

[LeftLeg]
ThighAlpha=0
ThighTheta=0.392699092626572
LowerLegAlpha=-0.0785398185253143
LowerLegTheta=-0.785398185253143

[RightLeg]
ThighAlpha=0.0981747731566429
ThighTheta=-0.0785398185253143
LowerLegAlpha=0.0981747731566429
LowerLegTheta=0.0785398185253143
