[%General]
Highest=165
CenterX=40.2574189095928
CenterY=223.5222398138
XWidth=60

[LeftLeg]
ThighAlpha=-0.00713998079299927
ThighTheta=0.46171897649765
LowerLegAlpha=-0.0678298398852348
LowerLegTheta=-0.461718916893005

[RightLeg]
ThighAlpha=0.13922968506813
ThighTheta=-0.176119565963745
LowerLegAlpha=0.0821098163723946
LowerLegTheta=0.103133104741573
