[%General]
Highest=165
CenterX=39.2437110714113
CenterY=75.5305151851673
XWidth=57

[LeftLeg]
ThighAlpha=0.0499798879027367
ThighTheta=0.371959179639816
LowerLegAlpha=-0.0678298398852348
LowerLegTheta=-0.342039197683334

[RightLeg]
ThighAlpha=0.121379725635052
ThighTheta=-0.2522794008255
LowerLegAlpha=0.0999597758054733
LowerLegTheta=-0.176119565963745
