[%General]
Highest=161
CenterX=37.8826588288492
CenterY=20.154236378024
XWidth=51

[LeftLeg]
ThighAlpha=-0.0196349546313286
ThighTheta=-0.431968986988068
LowerLegAlpha=0
LowerLegTheta=-0.0785398185253143

[RightLeg]
ThighAlpha=0.0392699092626572
ThighTheta=0.235619455575943
LowerLegAlpha=0
LowerLegTheta=0.549778699874878
