[%General]
Highest=165
CenterX=36.5174722128663
CenterY=140.819902885371
XWidth=59

[LeftLeg]
ThighAlpha=-0.0999597683548927
ThighTheta=-0.0333198979496956
LowerLegAlpha=-0.121379718184471
LowerLegTheta=0.030146598815918

[RightLeg]
ThighAlpha=0.0678298473358154
ThighTheta=0.391905784606934
LowerLegAlpha=0.121379725635052
LowerLegTheta=-0.886944591999054
