[%General]
Highest=159
CenterX=38.8619321996846
CenterY=244.542074608454
XWidth=59

[LeftLeg]
ThighAlpha=-0.0606898590922356
ThighTheta=0.468065619468689
LowerLegAlpha=-0.121379718184471
LowerLegTheta=0.601345300674438

[RightLeg]
ThighAlpha=0.13922968506813
ThighTheta=-0.461718916893005
LowerLegAlpha=0.0428399071097374
LowerLegTheta=-0.255452752113342
