[%General]
Highest=164
CenterX=38.4208938006612
CenterY=65.6806295125192
XWidth=58

[LeftLeg]
ThighAlpha=0.0285599380731583
ThighTheta=0.249106109142303
LowerLegAlpha=-0.0321299210190773
LowerLegTheta=-0.81395810842514

[RightLeg]
ThighAlpha=0.13922968506813
ThighTheta=-0.0364932343363762
LowerLegAlpha=0.13922968506813
LowerLegTheta=-0.179292917251587
