[%General]
Highest=160
CenterX=38.2572563314382
CenterY=27.6603329615625
XWidth=53

[LeftLeg]
ThighAlpha=0.0107099786400795
ThighTheta=-0.574598670005798
LowerLegAlpha=-0.0321299210190773
LowerLegTheta=-0.139399647712708

[RightLeg]
ThighAlpha=0.103529766201973
ThighTheta=0.342039257287979
LowerLegAlpha=0.0142799690365791
LowerLegTheta=0.378759175539017
