[%General]
Highest=163
CenterX=37.8446172755348
CenterY=56.753509125275
XWidth=57

[LeftLeg]
ThighAlpha=0.0107099786400795
ThighTheta=0.176119610667229
LowerLegAlpha=-0.0142799615859985
LowerLegTheta=-1.09955739974976

[RightLeg]
ThighAlpha=0.103529766201973
ThighTheta=0.106306441128254
LowerLegAlpha=0.0999597758054733
LowerLegTheta=-0.0364932343363762
