[%General]
Highest=163
CenterX=36.5475450081833
CenterY=11.6327823240589
XWidth=50

[LeftLeg]
ThighAlpha=-0.157079637050629
ThighTheta=-0.112653076648712
LowerLegAlpha=-0.157079637050629
LowerLegTheta=0.398252457380295

[RightLeg]
ThighAlpha=-0.00713998079299927
ThighTheta=0.179292947053909
LowerLegAlpha=0.00356999784708023
LowerLegTheta=-0.109479740262032
