[%General]
Highest=162
CenterX=36.8768853392516
CenterY=14.4190745959205
XWidth=50

[LeftLeg]
ThighAlpha=-0.0785398185253143
ThighTheta=-0.10267972946167
LowerLegAlpha=-0.157079637050629
LowerLegTheta=0.32571929693222

[RightLeg]
ThighAlpha=0.0142799690365791
ThighTheta=0.199239581823349
LowerLegAlpha=-0.0107099711894989
LowerLegTheta=0.206039562821388
