[%General]
Highest=161
CenterX=37.9375206897048
CenterY=180.692655334705
XWidth=62

[LeftLeg]
ThighAlpha=-0.0392699092626572
ThighTheta=-0.464892268180847
LowerLegAlpha=-0.0321299210190773
LowerLegTheta=-0.398252427577972

[RightLeg]
ThighAlpha=0.103529766201973
ThighTheta=0.46489229798317
LowerLegAlpha=0.00356999784708023
LowerLegTheta=0.388732463121414
