[%General]
Highest=162
CenterX=37.422935830809
CenterY=16.9111524886752
XWidth=51

[LeftLeg]
ThighAlpha=0.0142799690365791
ThighTheta=-0.431798994541168
LowerLegAlpha=-0.0678298398852348
LowerLegTheta=0.0333199612796307

[RightLeg]
ThighAlpha=0.0321299284696579
ThighTheta=0.222359538078308
LowerLegAlpha=-0.0107099711894989
LowerLegTheta=0.355639219284058
