[%General]
Highest=164
CenterX=38.4208938006612
CenterY=65.6806295125192
XWidth=58

[LeftLeg]
ThighAlpha=0.0392699092626572
ThighTheta=0.274889349937439
LowerLegAlpha=-0.0785398185253143
LowerLegTheta=-0.785398185253143

[RightLeg]
ThighAlpha=0.0981747731566429
ThighTheta=-0.0785398185253143
LowerLegAlpha=0.0981747731566429
LowerLegTheta=-0.0785398185253143
