[%General]
Highest=164
CenterX=36.5665970005931
CenterY=154.366820120315
XWidth=60

[LeftLeg]
ThighAlpha=-0.0785398185253143
ThighTheta=-0.318919241428375
LowerLegAlpha=-0.082109808921814
LowerLegTheta=-0.109479740262032

[RightLeg]
ThighAlpha=0.0107099786400795
ThighTheta=0.468065619468689
LowerLegAlpha=0.00356999784708023
LowerLegTheta=-0.112653076648712
