[%General]
Highest=161
CenterX=39.2114463634967
CenterY=235.899079878807
XWidth=60

[LeftLeg]
ThighAlpha=-0.0606898590922356
ThighTheta=0.46489229798317
LowerLegAlpha=-0.0142799615859985
LowerLegTheta=0.31891930103302

[RightLeg]
ThighAlpha=0.13922968506813
ThighTheta=-0.388732433319092
LowerLegAlpha=0.046409897506237
LowerLegTheta=-0.109479740262032
