[%General]
Highest=158
CenterX=38.1880241553409
CenterY=23.6980016688116
XWidth=52

[LeftLeg]
ThighAlpha=0.0642598569393158
ThighTheta=-0.537878751754761
LowerLegAlpha=-0.103529758751392
LowerLegTheta=-0.10313306748867

[RightLeg]
ThighAlpha=0.0678298473358154
ThighTheta=0.322092622518539
LowerLegAlpha=0.0321299284696579
LowerLegTheta=0.46171897649765
