[%General]
Highest=165
CenterX=35.6441519892172
CenterY=127.844330693159
XWidth=58

[LeftLeg]
ThighAlpha=-0.0785398185253143
ThighTheta=0.229159519076347
LowerLegAlpha=-0.103529758751392
LowerLegTheta=0.0564399100840092

[RightLeg]
ThighAlpha=0.0856798067688942
ThighTheta=-0.109479710459709
LowerLegAlpha=-0.0606898590922356
LowerLegTheta=-0.81395810842514
