[%General]
Highest=163
CenterX=37.437418499979
CenterY=44.0235771673748
XWidth=53

[LeftLeg]
ThighAlpha=0.0392699092626572
ThighTheta=-0.314159274101257
LowerLegAlpha=0.0196349546313286
LowerLegTheta=-0.785398185253143

[RightLeg]
ThighAlpha=0.0981747731566429
ThighTheta=0.274889349937439
LowerLegAlpha=0.0589048638939857
LowerLegTheta=0.117809727787971
