[%General]
Highest=163
CenterX=38.2894180692882
CenterY=95.0633129544368
XWidth=62

[LeftLeg]
ThighAlpha=-0.0214199498295784
ThighTheta=0.46489229798317
LowerLegAlpha=-0.13922968506813
LowerLegTheta=0.46171897649765

[RightLeg]
ThighAlpha=0.13922968506813
ThighTheta=-0.464892268180847
LowerLegAlpha=0.0999597758054733
LowerLegTheta=-0.461718916893005
