[%General]
Highest=149
CenterX=33.3057528903747
CenterY=299.640359779516
XWidth=45

[LeftLeg]
ThighAlpha=-0.117809727787971
ThighTheta=-0.146199628710747
LowerLegAlpha=-0.13922968506813
LowerLegTheta=0.0564399100840092

[RightLeg]
ThighAlpha=-0.0785398185253143
ThighTheta=0.777238249778748
LowerLegAlpha=-0.024989940226078
LowerLegTheta=-0.395079076290131
