[%General]
Highest=165
CenterX=40.2574189095928
CenterY=223.5222398138
XWidth=60

[LeftLeg]
ThighAlpha=-0.0196349546313286
ThighTheta=0.471238911151886
LowerLegAlpha=0
LowerLegTheta=-0.471238911151886

[RightLeg]
ThighAlpha=0.0981747731566429
ThighTheta=-0.117809727787971
LowerLegAlpha=0.0981747731566429
LowerLegTheta=0
