[%General]
Highest=164
CenterX=35.1715681892673
CenterY=123.67997079944
XWidth=59

[LeftLeg]
ThighAlpha=-0.13922968506813
ThighTheta=0.31891930103302
LowerLegAlpha=-0.0321299210190773
LowerLegTheta=0.0364932715892792

[RightLeg]
ThighAlpha=0.0499798879027367
ThighTheta=-0.179292917251587
LowerLegAlpha=0.00713998824357986
LowerLegTheta=-0.890117883682251
