[%General]
Highest=164
CenterX=39.1743423147971
CenterY=209.896904261418
XWidth=57

[LeftLeg]
ThighAlpha=-0.0196349546313286
ThighTheta=0.117809727787971
LowerLegAlpha=0.0392699092626572
LowerLegTheta=-0.785398185253143

[RightLeg]
ThighAlpha=0.0981747731566429
ThighTheta=0.117809727787971
LowerLegAlpha=0.0785398185253143
LowerLegTheta=0.0392699092626572
