[%General]
Highest=163
CenterX=37.437418499979
CenterY=44.0235771673748
XWidth=53

[LeftLeg]
ThighAlpha=0.046409897506237
ThighTheta=-0.312119245529175
LowerLegAlpha=0.00713998824357986
LowerLegTheta=-0.837078034877777

[RightLeg]
ThighAlpha=0.0856798067688942
ThighTheta=0.282199382781982
LowerLegAlpha=0.103529766201973
LowerLegTheta=0.0863598436117172
