[%General]
Highest=162
CenterX=38.9803683867699
CenterY=200.752949265398
XWidth=58

[LeftLeg]
ThighAlpha=-0.0196349546313286
ThighTheta=-0.235619455575943
LowerLegAlpha=0.0392699092626572
LowerLegTheta=-0.785398185253143

[RightLeg]
ThighAlpha=0.0981747731566429
ThighTheta=0.274889349937439
LowerLegAlpha=0.0785398185253143
LowerLegTheta=0.0785398185253143
