[%General]
Highest=162
CenterX=37.8081398811296
CenterY=35.7746703669736
XWidth=54

[LeftLeg]
ThighAlpha=0.0321299284696579
ThighTheta=-0.461718916893005
LowerLegAlpha=-0.0107099711894989
LowerLegTheta=-0.464892268180847

[RightLeg]
ThighAlpha=0.13922968506813
ThighTheta=0.322092622518539
LowerLegAlpha=0.046409897506237
LowerLegTheta=0.249106109142303
