[%General]
Highest=163
CenterX=39.9961608599674
CenterY=227.485911727202
XWidth=61

[LeftLeg]
ThighAlpha=-0.0392699092626572
ThighTheta=0.549778699874878
LowerLegAlpha=0.0589048638939857
LowerLegTheta=-0.314159274101257

[RightLeg]
ThighAlpha=0.0981747731566429
ThighTheta=-0.196349546313286
LowerLegAlpha=0.0981747731566429
LowerLegTheta=-0.117809727787971
