[%General]
Highest=165
CenterX=37.5384039003337
CenterY=60.9791096369413
XWidth=57

[LeftLeg]
ThighAlpha=0
ThighTheta=0.157079637050629
LowerLegAlpha=0
LowerLegTheta=-0.785398185253143

[RightLeg]
ThighAlpha=0.0981747731566429
ThighTheta=0.0392699092626572
LowerLegAlpha=0.0981747731566429
LowerLegTheta=-0.117809727787971
