[%General]
Highest=158
CenterX=35.2982516186076
CenterY=283.906220586977
XWidth=46

[LeftLeg]
ThighAlpha=-0.117809727787971
ThighTheta=0.0564399100840092
LowerLegAlpha=-0.103529758751392
LowerLegTheta=0.371959179639816

[RightLeg]
ThighAlpha=0.13922968506813
ThighTheta=0.109479792416096
LowerLegAlpha=0.0999597758054733
LowerLegTheta=0.265879422426224
