[%General]
Highest=162
CenterX=37.6815840010595
CenterY=103.300642341567
XWidth=64

[LeftLeg]
ThighAlpha=-0.0785398185253143
ThighTheta=0.514758884906769
LowerLegAlpha=-0.13922968506813
LowerLegTheta=0.288999378681183

[RightLeg]
ThighAlpha=0.13922968506813
ThighTheta=-0.491638839244843
LowerLegAlpha=0.0606898665428162
LowerLegTheta=-0.454918920993805
