[%General]
Highest=163
CenterX=36.2053443019042
CenterY=113.458120002301
XWidth=63

[LeftLeg]
ThighAlpha=-0.117809727787971
ThighTheta=0.46171897649765
LowerLegAlpha=-0.0856797993183136
LowerLegTheta=0.215559557080269

[RightLeg]
ThighAlpha=0.121379725635052
ThighTheta=-0.312119245529175
LowerLegAlpha=0.021419957280159
LowerLegTheta=-0.777238190174103
