[%General]
Highest=158
CenterX=37.3680095503918
CenterY=263.3660423042
XWidth=51

[LeftLeg]
ThighAlpha=-0.0981747731566429
ThighTheta=0.471238911151886
LowerLegAlpha=-0.0785398185253143
LowerLegTheta=0.314159274101257

[RightLeg]
ThighAlpha=0.0981747731566429
ThighTheta=-0.431968986988068
LowerLegAlpha=0.0392699092626572
LowerLegTheta=-0.628318548202515
