[%General]
Highest=164
CenterX=36.6344020727067
CenterY=158.155763365989
XWidth=62

[LeftLeg]
ThighAlpha=-0.082109808921814
ThighTheta=-0.391905754804611
LowerLegAlpha=-0.0856797993183136
LowerLegTheta=-0.10313306748867

[RightLeg]
ThighAlpha=0.0321299284696579
ThighTheta=0.46489229798317
LowerLegAlpha=-0.0499798804521561
LowerLegTheta=0.249106109142303
