[%General]
Highest=163
CenterX=36.2053443019042
CenterY=113.458120002301
XWidth=63

[LeftLeg]
ThighAlpha=-0.0999597683548927
ThighTheta=0.46171897649765
LowerLegAlpha=-0.103529758751392
LowerLegTheta=0.185639619827271

[RightLeg]
ThighAlpha=0.121379725635052
ThighTheta=-0.391905754804611
LowerLegAlpha=0.021419957280159
LowerLegTheta=-0.607691943645477
