[%General]
Highest=151
CenterX=34.1336529210202
CenterY=297.354624175008
XWidth=46

[LeftLeg]
ThighAlpha=-0.117809727787971
ThighTheta=-0.146199628710747
LowerLegAlpha=-0.13922968506813
LowerLegTheta=0.146199703216553

[RightLeg]
ThighAlpha=-0.0606898590922356
ThighTheta=0.664358496665955
LowerLegAlpha=0.021419957280159
LowerLegTheta=-0.484838873147964
