[%General]
Highest=158
CenterX=36.5944797973557
CenterY=279.604164092426
XWidth=48

[LeftLeg]
ThighAlpha=-0.117809727787971
ThighTheta=0.206039562821388
LowerLegAlpha=-0.0499798804521561
LowerLegTheta=0.245479479432106

[RightLeg]
ThighAlpha=0.0107099786400795
ThighTheta=0.123079754412174
LowerLegAlpha=0.00713998824357986
LowerLegTheta=-1.06963741779327
