[%General]
Highest=157
CenterX=38.7564674254254
CenterY=248.373186947633
XWidth=59

[LeftLeg]
ThighAlpha=-0.117809727787971
ThighTheta=0.514758884906769
LowerLegAlpha=-0.082109808921814
LowerLegTheta=0.574598729610443

[RightLeg]
ThighAlpha=0.13922968506813
ThighTheta=-0.491638839244843
LowerLegAlpha=0.0606898665428162
LowerLegTheta=-0.305319279432297
