[%General]
Highest=143
CenterX=32.8234313584261
CenterY=306.086246990307
XWidth=45

[LeftLeg]
ThighAlpha=-0.157079637050629
ThighTheta=-0.176119565963745
LowerLegAlpha=-0.0856797993183136
LowerLegTheta=-0.109479740262032

[RightLeg]
ThighAlpha=0.13922968506813
ThighTheta=-0.109479740262032
LowerLegAlpha=0.0678298473358154
LowerLegTheta=-0.176119565963745
