[%General]
Highest=163
CenterX=35.7253180661578
CenterY=119.024978795589
XWidth=61

[LeftLeg]
ThighAlpha=-0.117809727787971
ThighTheta=0.371959179639816
LowerLegAlpha=-0.0856797993183136
LowerLegTheta=0.146199703216553

[RightLeg]
ThighAlpha=0.0856798067688942
ThighTheta=-0.312119245529175
LowerLegAlpha=0.0642598569393158
LowerLegTheta=-0.80715811252594
