[%General]
Highest=162
CenterX=36.8768853392516
CenterY=14.4190745959205
XWidth=50

[LeftLeg]
ThighAlpha=-0.0785398185253143
ThighTheta=-0.392699092626572
LowerLegAlpha=-0.0785398185253143
LowerLegTheta=0.785398185253143

[RightLeg]
ThighAlpha=0.0196349546313286
ThighTheta=0.196349546313286
LowerLegAlpha=-0.0196349546313286
LowerLegTheta=0.196349546313286
