[%General]
Highest=157
CenterX=38.7564674254254
CenterY=248.373186947633
XWidth=59

[LeftLeg]
ThighAlpha=-0.0999597683548927
ThighTheta=0.534705460071564
LowerLegAlpha=-0.117809727787971
LowerLegTheta=0.534705460071564

[RightLeg]
ThighAlpha=0.13922968506813
ThighTheta=-0.461718916893005
LowerLegAlpha=0.0606898665428162
LowerLegTheta=-0.395079076290131
