[%General]
Highest=151
CenterX=34.1336529210202
CenterY=297.354624175008
XWidth=46

[LeftLeg]
ThighAlpha=-0.0785398185253143
ThighTheta=-0.157079637050629
LowerLegAlpha=-0.0981747731566429
LowerLegTheta=0.235619455575943

[RightLeg]
ThighAlpha=-0.0589048638939857
ThighTheta=0.706858336925507
LowerLegAlpha=0.0981747731566429
LowerLegTheta=-0.549778699874878
