[%General]
Highest=162
CenterX=38.1381285900685
CenterY=185.657273122666
XWidth=62

[LeftLeg]
ThighAlpha=-0.0642598494887352
ThighTheta=-0.391905754804611
LowerLegAlpha=0.021419957280159
LowerLegTheta=-0.677505135536194

[RightLeg]
ThighAlpha=0.0856798067688942
ThighTheta=0.46489229798317
LowerLegAlpha=0.0642598569393158
LowerLegTheta=0.249106109142303
