[%General]
Highest=165
CenterX=39.5833344100888
CenterY=80.1923558978202
XWidth=58

[LeftLeg]
ThighAlpha=0.0196349546313286
ThighTheta=0.431968986988068
LowerLegAlpha=0
LowerLegTheta=-0.196349546313286

[RightLeg]
ThighAlpha=0.0981747731566429
ThighTheta=-0.353429168462753
LowerLegAlpha=0.0981747731566429
LowerLegTheta=-0.196349546313286
