[%General]
Highest=164
CenterX=40.2975591603843
CenterY=219.240858910925
XWidth=59

[LeftLeg]
ThighAlpha=-0.00356999039649963
ThighTheta=0.391905784606934
LowerLegAlpha=-0.0464098900556564
LowerLegTheta=-0.886944591999054

[RightLeg]
ThighAlpha=0.13922968506813
ThighTheta=-0.0364932343363762
LowerLegAlpha=0.0606898665428162
LowerLegTheta=0.0364932715892792
