[%General]
Highest=160
CenterX=38.2572563314382
CenterY=27.6603329615625
XWidth=53

[LeftLeg]
ThighAlpha=0.0107099786400795
ThighTheta=-0.604518592357635
LowerLegAlpha=-0.0678298398852348
LowerLegTheta=-0.109479740262032

[RightLeg]
ThighAlpha=0.103529766201973
ThighTheta=0.322092622518539
LowerLegAlpha=0.0142799690365791
LowerLegTheta=0.388732463121414
