[%General]
Highest=148
CenterX=32.8741522230595
CenterY=302.494124116581
XWidth=44

[LeftLeg]
ThighAlpha=-0.157079637050629
ThighTheta=-0.106306403875351
LowerLegAlpha=-0.103529758751392
LowerLegTheta=-0.10313306748867

[RightLeg]
ThighAlpha=0.13922968506813
ThighTheta=-0.106306403875351
LowerLegAlpha=0.0499798879027367
LowerLegTheta=-0.109479740262032
