[%General]
Highest=163
CenterX=35.7253180661578
CenterY=119.024978795589
XWidth=61

[LeftLeg]
ThighAlpha=-0.117809727787971
ThighTheta=0.391905784606934
LowerLegAlpha=-0.0856797993183136
LowerLegTheta=0.176119610667229

[RightLeg]
ThighAlpha=0.0856798067688942
ThighTheta=-0.2522794008255
LowerLegAlpha=0.0642598569393158
LowerLegTheta=-0.886944591999054
