[%General]
Highest=163
CenterX=38.690431852443
CenterY=205.386006916733
XWidth=57

[LeftLeg]
ThighAlpha=-0.024989940226078
ThighTheta=0.103133104741573
LowerLegAlpha=0.0249899476766586
LowerLegTheta=-1.09955739974976

[RightLeg]
ThighAlpha=0.121379725635052
ThighTheta=0.179292947053909
LowerLegAlpha=0.0107099786400795
LowerLegTheta=0.106306441128254
