[%General]
Highest=165
CenterX=39.2437110714113
CenterY=75.5305151851673
XWidth=57

[LeftLeg]
ThighAlpha=0.0499798879027367
ThighTheta=0.391905784606934
LowerLegAlpha=-0.0321299210190773
LowerLegTheta=-0.391905754804611

[RightLeg]
ThighAlpha=0.121379725635052
ThighTheta=-0.249106079339981
LowerLegAlpha=0.121379725635052
LowerLegTheta=-0.176119565963745
