[%General]
Highest=151
CenterX=34.1336529210202
CenterY=297.354624175008
XWidth=46

[LeftLeg]
ThighAlpha=-0.0785398185253143
ThighTheta=-0.157079637050629
LowerLegAlpha=-0.0981747731566429
LowerLegTheta=0.157079637050629

[RightLeg]
ThighAlpha=-0.0589048638939857
ThighTheta=0.667588412761688
LowerLegAlpha=0.0785398185253143
LowerLegTheta=-0.510508835315704
