[%General]
Highest=162
CenterX=38.6609258180406
CenterY=90.799155257792
XWidth=62

[LeftLeg]
ThighAlpha=-0.0785398185253143
ThighTheta=0.424999058246613
LowerLegAlpha=-0.0499798804521561
LowerLegTheta=0.468518972396851

[RightLeg]
ThighAlpha=0.13922968506813
ThighTheta=-0.454918920993805
LowerLegAlpha=0.0606898665428162
LowerLegTheta=-0.318919241428375
