[%General]
Highest=160
CenterX=37.2570051262104
CenterY=175.678410180181
XWidth=62

[LeftLeg]
ThighAlpha=-0.0606898590922356
ThighTheta=-0.534705400466919
LowerLegAlpha=0.00356999784708023
LowerLegTheta=-0.2522794008255

[RightLeg]
ThighAlpha=0.0499798879027367
ThighTheta=0.46489229798317
LowerLegAlpha=0.00356999784708023
LowerLegTheta=0.531532108783722
