[%General]
Highest=152
CenterX=34.207669953937
CenterY=294.08804525922
XWidth=45

[LeftLeg]
ThighAlpha=-0.117809727787971
ThighTheta=-0.109479740262032
LowerLegAlpha=-0.121379718184471
LowerLegTheta=0.179292947053909

[RightLeg]
ThighAlpha=-0.024989940226078
ThighTheta=0.60451865196228
LowerLegAlpha=0.0606898665428162
LowerLegTheta=-0.674331784248352
