[%General]
Highest=162
CenterX=38.6609258180406
CenterY=90.799155257792
XWidth=62

[LeftLeg]
ThighAlpha=-0.0785398185253143
ThighTheta=0.392699092626572
LowerLegAlpha=-0.0589048638939857
LowerLegTheta=0.549778699874878

[RightLeg]
ThighAlpha=0.0981747731566429
ThighTheta=-0.471238911151886
LowerLegAlpha=0.0981747731566429
LowerLegTheta=-0.235619455575943
