[%General]
Highest=164
CenterX=38.4208938006612
CenterY=65.6806295125192
XWidth=58

[LeftLeg]
ThighAlpha=0.046409897506237
ThighTheta=0.288999378681183
LowerLegAlpha=-0.0321299210190773
LowerLegTheta=-0.784038186073303

[RightLeg]
ThighAlpha=0.121379725635052
ThighTheta=-0.0564398318529129
LowerLegAlpha=0.13922968506813
LowerLegTheta=-0.109479710459709
