[%General]
Highest=136
CenterX=32.8030111158013
CenterY=313.702490502322
XWidth=44

[LeftLeg]
ThighAlpha=-0.157079637050629
ThighTheta=-0.249106079339981
LowerLegAlpha=-0.121379718184471
LowerLegTheta=-0.322092592716217

[RightLeg]
ThighAlpha=0.13922968506813
ThighTheta=-0.179292917251587
LowerLegAlpha=0.121379725635052
LowerLegTheta=-0.318919241428375
