[%General]
Highest=164
CenterX=36.9877794162737
CenterY=149.629586369012
XWidth=60

[LeftLeg]
ThighAlpha=-0.0428398996591568
ThighTheta=-0.2459327429533
LowerLegAlpha=-0.121379718184471
LowerLegTheta=-0.0396665707230568

[RightLeg]
ThighAlpha=0.0499798879027367
ThighTheta=0.322092622518539
LowerLegAlpha=0.00356999784708023
LowerLegTheta=-0.182466238737106
