[%General]
Highest=140
CenterX=32.805035209647
CenterY=310.195747226953
XWidth=46

[LeftLeg]
ThighAlpha=-0.0981747731566429
ThighTheta=-0.0785398185253143
LowerLegAlpha=-0.0785398185253143
LowerLegTheta=-0.471238911151886

[RightLeg]
ThighAlpha=0.0981747731566429
ThighTheta=-0.157079637050629
LowerLegAlpha=0.0981747731566429
LowerLegTheta=-0.235619455575943
