[%General]
Highest=162
CenterX=37.422935830809
CenterY=16.9111524886752
XWidth=51

[LeftLeg]
ThighAlpha=0.0321299284696579
ThighTheta=-0.391905754804611
LowerLegAlpha=-0.0856797993183136
LowerLegTheta=-0.0364932343363762

[RightLeg]
ThighAlpha=0.0499798879027367
ThighTheta=0.252279460430145
LowerLegAlpha=-0.0285599306225777
LowerLegTheta=0.315745949745178
