[%General]
Highest=161
CenterX=36.7691360389699
CenterY=165.902465723434
XWidth=63

[LeftLeg]
ThighAlpha=-0.0785398185253143
ThighTheta=-0.431798994541168
LowerLegAlpha=-0.0321299210190773
LowerLegTheta=-0.229159444570541

[RightLeg]
ThighAlpha=0.0499798879027367
ThighTheta=0.484838932752609
LowerLegAlpha=-0.0499798804521561
LowerLegTheta=0.514758884906769
