[%General]
Highest=162
CenterX=38.2268054026393
CenterY=190.356692046459
XWidth=61

[LeftLeg]
ThighAlpha=-0.0428398996591568
ThighTheta=-0.322092592716217
LowerLegAlpha=-0.0142799615859985
LowerLegTheta=-0.747318267822266

[RightLeg]
ThighAlpha=0.121379725635052
ThighTheta=0.391905784606934
LowerLegAlpha=0.021419957280159
LowerLegTheta=0.249106109142303
