[%General]
Highest=158
CenterX=36.5944797973557
CenterY=279.604164092426
XWidth=48

[LeftLeg]
ThighAlpha=-0.117809727787971
ThighTheta=0.245932787656784
LowerLegAlpha=-0.0499798804521561
LowerLegTheta=0.185639619827271

[RightLeg]
ThighAlpha=0.0107099786400795
ThighTheta=0.172946274280548
LowerLegAlpha=0.00713998824357986
LowerLegTheta=-1.09955739974976
