[%General]
Highest=166
CenterX=39.2083208354163
CenterY=70.6987279897795
XWidth=57

[LeftLeg]
ThighAlpha=0.0821098163723946
ThighTheta=0.322092622518539
LowerLegAlpha=-0.121379718184471
LowerLegTheta=-0.537878751754761

[RightLeg]
ThighAlpha=0.13922968506813
ThighTheta=-0.109479740262032
LowerLegAlpha=0.121379725635052
LowerLegTheta=-0.176119565963745
