[%General]
Highest=165
CenterX=37.5384039003337
CenterY=60.9791096369413
XWidth=57

[LeftLeg]
ThighAlpha=-0.00713998079299927
ThighTheta=0.176119610667229
LowerLegAlpha=-0.0499798804521561
LowerLegTheta=-0.956757783889771

[RightLeg]
ThighAlpha=0.0856798067688942
ThighTheta=0.0333199352025986
LowerLegAlpha=0.0999597758054733
LowerLegTheta=-0.10313306748867
