[%General]
Highest=164
CenterX=36.6344020727067
CenterY=158.155763365989
XWidth=62

[LeftLeg]
ThighAlpha=-0.0642598494887352
ThighTheta=-0.371959120035172
LowerLegAlpha=-0.103529758751392
LowerLegTheta=-0.152999609708786

[RightLeg]
ThighAlpha=0.0499798879027367
ThighTheta=0.454919010400772
LowerLegAlpha=-0.0678298398852348
LowerLegTheta=0.229159519076347
