[%General]
Highest=163
CenterX=38.690431852443
CenterY=205.386006916733
XWidth=57

[LeftLeg]
ThighAlpha=0.0107099786400795
ThighTheta=0.0931598246097565
LowerLegAlpha=-0.0285599306225777
LowerLegTheta=-1.09955739974976

[RightLeg]
ThighAlpha=0.121379725635052
ThighTheta=0.199239581823349
LowerLegAlpha=0.0107099786400795
LowerLegTheta=0.0564399100840092
