[%General]
Highest=160
CenterX=39.1527210436158
CenterY=240.443800237185
XWidth=59

[LeftLeg]
ThighAlpha=-0.0214199498295784
ThighTheta=0.46489229798317
LowerLegAlpha=-0.103529758751392
LowerLegTheta=0.46171897649765

[RightLeg]
ThighAlpha=0.13922968506813
ThighTheta=-0.461718916893005
LowerLegAlpha=0.0249899476766586
LowerLegTheta=-0.109479740262032
