[%General]
Highest=162
CenterX=39.5645626627261
CenterY=231.634846245866
XWidth=62

[LeftLeg]
ThighAlpha=-0.0428398996591568
ThighTheta=0.537878811359406
LowerLegAlpha=0.00356999784708023
LowerLegTheta=-0.112653076648712

[RightLeg]
ThighAlpha=0.13922968506813
ThighTheta=-0.318919241428375
LowerLegAlpha=0.0606898665428162
LowerLegTheta=-0.0364932343363762
