[%General]
Highest=165
CenterX=39.5833344100888
CenterY=80.1923558978202
XWidth=58

[LeftLeg]
ThighAlpha=0.0285599380731583
ThighTheta=0.46171897649765
LowerLegAlpha=-0.0142799615859985
LowerLegTheta=-0.249106079339981

[RightLeg]
ThighAlpha=0.13922968506813
ThighTheta=-0.395079076290131
LowerLegAlpha=0.0678298473358154
LowerLegTheta=-0.0999597311019897
