[%General]
Highest=164
CenterX=36.5665970005931
CenterY=154.366820120315
XWidth=60

[LeftLeg]
ThighAlpha=-0.0606898590922356
ThighTheta=-0.318919241428375
LowerLegAlpha=-0.0999597683548927
LowerLegTheta=-0.0795597806572914

[RightLeg]
ThighAlpha=0.0107099786400795
ThighTheta=0.448119014501572
LowerLegAlpha=0.00356999784708023
LowerLegTheta=-0.0727597996592522
