[%General]
Highest=163
CenterX=38.2894180692882
CenterY=95.0633129544368
XWidth=62

[LeftLeg]
ThighAlpha=-0.0392699092626572
ThighTheta=0.424999058246613
LowerLegAlpha=-0.13922968506813
LowerLegTheta=0.521558880805969

[RightLeg]
ThighAlpha=0.13922968506813
ThighTheta=-0.454918920993805
LowerLegAlpha=0.0999597758054733
LowerLegTheta=-0.401879042387009
