[%General]
Highest=162
CenterX=37.9252799395148
CenterY=99.0478667240233
XWidth=64

[LeftLeg]
ThighAlpha=-0.0606898590922356
ThighTheta=0.534705460071564
LowerLegAlpha=-0.13922968506813
LowerLegTheta=0.391905784606934

[RightLeg]
ThighAlpha=0.13922968506813
ThighTheta=-0.461718916893005
LowerLegAlpha=0.0606898665428162
LowerLegTheta=-0.395079076290131
