[%General]
Highest=156
CenterX=34.5617286395016
CenterY=287.758814134294
XWidth=46

[LeftLeg]
ThighAlpha=-0.117809727787971
ThighTheta=-0.0564398318529129
LowerLegAlpha=-0.121379718184471
LowerLegTheta=0.335239291191101

[RightLeg]
ThighAlpha=0.0499798879027367
ThighTheta=0.342039257287979
LowerLegAlpha=-0.157079637050629
LowerLegTheta=-0.920037806034088
