[%General]
Highest=152
CenterX=34.207669953937
CenterY=294.08804525922
XWidth=45

[LeftLeg]
ThighAlpha=-0.0981747731566429
ThighTheta=-0.196349546313286
LowerLegAlpha=-0.0589048638939857
LowerLegTheta=0.431968986988068

[RightLeg]
ThighAlpha=0
ThighTheta=0.589048624038696
LowerLegAlpha=0.0981747731566429
LowerLegTheta=-0.706858336925507
