[%General]
Highest=163
CenterX=37.437418499979
CenterY=44.0235771673748
XWidth=53

[LeftLeg]
ThighAlpha=0.046409897506237
ThighTheta=-0.322092592716217
LowerLegAlpha=0.00713998824357986
LowerLegTheta=-0.817131459712982

[RightLeg]
ThighAlpha=0.103529766201973
ThighTheta=0.252279460430145
LowerLegAlpha=0.0678298473358154
LowerLegTheta=0.176119610667229
