[%General]
Highest=140
CenterX=32.805035209647
CenterY=310.195747226953
XWidth=46

[LeftLeg]
ThighAlpha=-0.157079637050629
ThighTheta=-0.176119565963745
LowerLegAlpha=-0.103529758751392
LowerLegTheta=-0.255452752113342

[RightLeg]
ThighAlpha=0.13922968506813
ThighTheta=-0.179292917251587
LowerLegAlpha=0.0999597758054733
LowerLegTheta=-0.249106079339981
