[%General]
Highest=164
CenterX=39.3141220044135
CenterY=87.5505426576675
XWidth=60

[LeftLeg]
ThighAlpha=-0.0428398996591568
ThighTheta=0.395079135894775
LowerLegAlpha=-0.0321299210190773
LowerLegTheta=0.315745949745178

[RightLeg]
ThighAlpha=0.13922968506813
ThighTheta=-0.391905754804611
LowerLegAlpha=0.0821098163723946
LowerLegTheta=-0.318919241428375
