[%General]
Highest=162
CenterX=37.6400883776846
CenterY=52.587884892398
XWidth=56

[LeftLeg]
ThighAlpha=0.0285599380731583
ThighTheta=-0.179292917251587
LowerLegAlpha=0.00713998824357986
LowerLegTheta=-0.820304751396179

[RightLeg]
ThighAlpha=0.13922968506813
ThighTheta=0.109479777514935
LowerLegAlpha=0.0107099786400795
LowerLegTheta=0.106306441128254
