[%General]
Highest=164
CenterX=39.9147485080989
CenterY=214.79123499068
XWidth=58

[LeftLeg]
ThighAlpha=-0.024989940226078
ThighTheta=0.249106109142303
LowerLegAlpha=0.021419957280159
LowerLegTheta=-0.81395810842514

[RightLeg]
ThighAlpha=0.13922968506813
ThighTheta=0.0364932715892792
LowerLegAlpha=0.0678298473358154
LowerLegTheta=0.030146598815918
