[%General]
Highest=162
CenterX=37.507857562632
CenterY=39.6339921206713
XWidth=53

[LeftLeg]
ThighAlpha=0.0499798879027367
ThighTheta=-0.391905754804611
LowerLegAlpha=0.00356999784708023
LowerLegTheta=-0.607691943645477

[RightLeg]
ThighAlpha=0.13922968506813
ThighTheta=0.322092622518539
LowerLegAlpha=0.00713998824357986
LowerLegTheta=0.179292947053909
