[%General]
Highest=160
CenterX=38.2572563314382
CenterY=27.6603329615625
XWidth=53

[LeftLeg]
ThighAlpha=0.0196349546313286
ThighTheta=-0.589048624038696
LowerLegAlpha=-0.0392699092626572
LowerLegTheta=-0.117809727787971

[RightLeg]
ThighAlpha=0.0981747731566429
ThighTheta=0.353429168462753
LowerLegAlpha=0.0392699092626572
LowerLegTheta=0.353429168462753
