[%General]
Highest=165
CenterX=35.6441519892172
CenterY=127.844330693159
XWidth=58

[LeftLeg]
ThighAlpha=-0.0606898590922356
ThighTheta=0.249106109142303
LowerLegAlpha=-0.13922968506813
LowerLegTheta=0.0364932715892792

[RightLeg]
ThighAlpha=0.0856798067688942
ThighTheta=-0.109479740262032
LowerLegAlpha=-0.0606898590922356
LowerLegTheta=-0.81395810842514
