[%General]
Highest=164
CenterX=39.1743423147971
CenterY=209.896904261418
XWidth=57

[LeftLeg]
ThighAlpha=-0.024989940226078
ThighTheta=0.103133104741573
LowerLegAlpha=-0.0107099711894989
LowerLegTheta=-0.956757783889771

[RightLeg]
ThighAlpha=0.13922968506813
ThighTheta=0.106306441128254
LowerLegAlpha=0.00356999784708023
LowerLegTheta=0.0396666079759598
