[%General]
Highest=161
CenterX=37.8826588288492
CenterY=20.154236378024
XWidth=51

[LeftLeg]
ThighAlpha=-0.00356999039649963
ThighTheta=-0.461718916893005
LowerLegAlpha=-0.0142799615859985
LowerLegTheta=-0.0396665707230568

[RightLeg]
ThighAlpha=0.0499798879027367
ThighTheta=0.252279460430145
LowerLegAlpha=-0.0107099711894989
LowerLegTheta=0.458545625209808
