[%General]
Highest=165
CenterX=40.2574189095928
CenterY=223.5222398138
XWidth=60

[LeftLeg]
ThighAlpha=-0.024989940226078
ThighTheta=0.46171897649765
LowerLegAlpha=0.021419957280159
LowerLegTheta=-0.52155876159668

[RightLeg]
ThighAlpha=0.13922968506813
ThighTheta=-0.146199628710747
LowerLegAlpha=0.0999597758054733
LowerLegTheta=0.0632398948073387
