[%General]
Highest=165
CenterX=35.4753349072142
CenterY=132.522880751071
XWidth=59

[LeftLeg]
ThighAlpha=-0.0981747731566429
ThighTheta=0.157079637050629
LowerLegAlpha=-0.0785398185253143
LowerLegTheta=0

[RightLeg]
ThighAlpha=0.0785398185253143
ThighTheta=0.0392699092626572
LowerLegAlpha=0
LowerLegTheta=-0.785398185253143
