[%General]
Highest=149
CenterX=33.3057528903747
CenterY=299.640359779516
XWidth=45

[LeftLeg]
ThighAlpha=-0.117809727787971
ThighTheta=-0.106306403875351
LowerLegAlpha=-0.157079637050629
LowerLegTheta=-0.0333198979496956

[RightLeg]
ThighAlpha=-0.0606898590922356
ThighTheta=0.74731832742691
LowerLegAlpha=-0.0606898590922356
LowerLegTheta=-0.395079076290131
