[%General]
Highest=156
CenterX=34.5617286395016
CenterY=287.758814134294
XWidth=46

[LeftLeg]
ThighAlpha=-0.117809727787971
ThighTheta=-0.0364932343363762
LowerLegAlpha=-0.0856797993183136
LowerLegTheta=0.325265944004059

[RightLeg]
ThighAlpha=-0.00356999039649963
ThighTheta=0.322092622518539
LowerLegAlpha=0.00356999784708023
LowerLegTheta=-0.890117883682251
