[%General]
Highest=163
CenterX=36.5475450081833
CenterY=11.6327823240589
XWidth=50

[LeftLeg]
ThighAlpha=-0.0785398185253143
ThighTheta=-0.274889349937439
LowerLegAlpha=-0.0981747731566429
LowerLegTheta=0.471238911151886

[RightLeg]
ThighAlpha=0
ThighTheta=0.196349546313286
LowerLegAlpha=0
LowerLegTheta=-0.117809727787971
