[%General]
Highest=162
CenterX=37.507857562632
CenterY=39.6339921206713
XWidth=53

[LeftLeg]
ThighAlpha=0.0142799690365791
ThighTheta=-0.342039197683334
LowerLegAlpha=0.00356999784708023
LowerLegTheta=-0.717398345470428

[RightLeg]
ThighAlpha=0.13922968506813
ThighTheta=0.312119334936142
LowerLegAlpha=0.00713998824357986
LowerLegTheta=0.199239581823349
