[%General]
Highest=166
CenterX=36.7317513935805
CenterY=145.36166367794
XWidth=60

[LeftLeg]
ThighAlpha=-0.0856797993183136
ThighTheta=-0.106306403875351
LowerLegAlpha=-0.13922968506813
LowerLegTheta=-0.0396665707230568

[RightLeg]
ThighAlpha=0.0499798879027367
ThighTheta=0.31891930103302
LowerLegAlpha=0.046409897506237
LowerLegTheta=-0.395079076290131
