[%General]
Highest=158
CenterX=35.2982516186076
CenterY=283.906220586977
XWidth=46

[LeftLeg]
ThighAlpha=-0.117809727787971
ThighTheta=0.0364932715892792
LowerLegAlpha=-0.121379718184471
LowerLegTheta=0.388732463121414

[RightLeg]
ThighAlpha=0.13922968506813
ThighTheta=0.109479777514935
LowerLegAlpha=0.0821098163723946
LowerLegTheta=0.245932787656784
