[%General]
Highest=136
CenterX=32.8030111158013
CenterY=313.702490502322
XWidth=44

[LeftLeg]
ThighAlpha=-0.157079637050629
ThighTheta=-0.259079366922379
LowerLegAlpha=-0.121379718184471
LowerLegTheta=-0.2522794008255

[RightLeg]
ThighAlpha=0.13922968506813
ThighTheta=-0.199239507317543
LowerLegAlpha=0.13922968506813
LowerLegTheta=-0.348839163780212
