[%General]
Highest=162
CenterX=37.8081398811296
CenterY=35.7746703669736
XWidth=54

[LeftLeg]
ThighAlpha=0.0499798879027367
ThighTheta=-0.491638839244843
LowerLegAlpha=-0.0464098900556564
LowerLegTheta=-0.424998998641968

[RightLeg]
ThighAlpha=0.13922968506813
ThighTheta=0.342039257287979
LowerLegAlpha=0.0285599380731583
LowerLegTheta=0.259079456329346
