[%General]
Highest=162
CenterX=35.4780991036699
CenterY=170.982200236766
XWidth=54

[LeftLeg]
ThighAlpha=-0.0606898590922356
ThighTheta=0.249106109142303
LowerLegAlpha=-0.103529758751392
LowerLegTheta=-0.674331784248352

[RightLeg]
ThighAlpha=0.0499798879027367
ThighTheta=0.0333199352025986
LowerLegAlpha=0.021419957280159
LowerLegTheta=-0.176119565963745
