[%General]
Highest=157
CenterX=40.9693354310521
CenterY=50.3304781050607
XWidth=52

[LeftLeg]
ThighAlpha=-0.0214199498295784
ThighTheta=0.60451865196228
LowerLegAlpha=-0.103529758751392
LowerLegTheta=0.179292947053909

[RightLeg]
ThighAlpha=0.103529766201973
ThighTheta=-0.461718916893005
LowerLegAlpha=0.0249899476766586
LowerLegTheta=-0.607691943645477
