[%General]
Highest=149
CenterX=27.6789476659819
CenterY=287.955166500198
XWidth=43

[LeftLeg]
ThighAlpha=-0.0606898590922356
ThighTheta=-0.461718916893005
LowerLegAlpha=-0.0856797993183136
LowerLegTheta=-0.478038877248764

[RightLeg]
ThighAlpha=0.103529766201973
ThighTheta=0.837078154087067
LowerLegAlpha=0.0821098163723946
LowerLegTheta=0.185639619827271
