[%General]
Highest=158
CenterX=41.8325094930384
CenterY=29.0780227832923
XWidth=47

[LeftLeg]
ThighAlpha=-0.0606898590922356
ThighTheta=0.534705460071564
LowerLegAlpha=0.021419957280159
LowerLegTheta=0.0333199352025986

[RightLeg]
ThighAlpha=0.046409897506237
ThighTheta=-0.322092592716217
LowerLegAlpha=0.0107099786400795
LowerLegTheta=-0.318919241428375
