[%General]
Highest=156
CenterX=32.2375567280375
CenterY=216.852636239531
XWidth=49

[LeftLeg]
ThighAlpha=-0.0214199498295784
ThighTheta=0.607692003250122
LowerLegAlpha=-0.0856797993183136
LowerLegTheta=0.176119610667229

[RightLeg]
ThighAlpha=0.0142799690365791
ThighTheta=-0.395079076290131
LowerLegAlpha=0.00713998824357986
LowerLegTheta=-0.67115843296051
