[%General]
Highest=158
CenterX=29.9355289041183
CenterY=250.937194618948
XWidth=48

[LeftLeg]
ThighAlpha=-0.0785398185253143
ThighTheta=-0.106306403875351
LowerLegAlpha=-0.121379718184471
LowerLegTheta=0.103133104741573

[RightLeg]
ThighAlpha=0.0856798067688942
ThighTheta=0.46171897649765
LowerLegAlpha=-0.0142799615859985
LowerLegTheta=-0.325265914201736
