[%General]
Highest=159
CenterX=40.518897818046
CenterY=65.8416125495488
XWidth=49

[LeftLeg]
ThighAlpha=-0.0214199498295784
ThighTheta=0.478038966655731
LowerLegAlpha=0.00356999784708023
LowerLegTheta=0.0102000124752522

[RightLeg]
ThighAlpha=0.103529766201973
ThighTheta=-0.259079366922379
LowerLegAlpha=0.0107099786400795
LowerLegTheta=-0.80035811662674
