[%General]
Highest=157
CenterX=37.3657689089336
CenterY=134.14531478251
XWidth=51

[LeftLeg]
ThighAlpha=-0.0428398996591568
ThighTheta=-0.464892268180847
LowerLegAlpha=-0.0321299210190773
LowerLegTheta=-0.677505135536194

[RightLeg]
ThighAlpha=0.0142799690365791
ThighTheta=0.60451865196228
LowerLegAlpha=0.00356999784708023
LowerLegTheta=0.252279460430145
