[%General]
Highest=157
CenterX=36.8132283831168
CenterY=129.319448283889
XWidth=52

[LeftLeg]
ThighAlpha=-0.0606898590922356
ThighTheta=-0.461718916893005
LowerLegAlpha=-0.0464098900556564
LowerLegTheta=-0.627638518810272

[RightLeg]
ThighAlpha=-0.0214199498295784
ThighTheta=0.544678807258606
LowerLegAlpha=0.0821098163723946
LowerLegTheta=0.431799054145813
