[%General]
Highest=139
CenterX=27.0760399225902
CenterY=297.795233642828
XWidth=42

[LeftLeg]
ThighAlpha=0.00713998824357986
ThighTheta=-0.391905754804611
LowerLegAlpha=-0.13922968506813
LowerLegTheta=-0.747318267822266

[RightLeg]
ThighAlpha=0.0821098163723946
ThighTheta=0.886944651603699
LowerLegAlpha=-0.0214199498295784
LowerLegTheta=-0.176119565963745
