[%General]
Highest=162
CenterX=35.4658670828884
CenterY=175.54318300063
XWidth=55

[LeftLeg]
ThighAlpha=-0.0785398185253143
ThighTheta=0.322092622518539
LowerLegAlpha=-0.0107099711894989
LowerLegTheta=-0.2522794008255

[RightLeg]
ThighAlpha=0.0142799690365791
ThighTheta=-0.106306403875351
LowerLegAlpha=0.0999597758054733
LowerLegTheta=-0.10313306748867
