[%General]
Highest=158
CenterX=41.8325094930384
CenterY=29.0780227832923
XWidth=47

[LeftLeg]
ThighAlpha=-0.0606898590922356
ThighTheta=0.544678807258606
LowerLegAlpha=0.021419957280159
LowerLegTheta=0.0632398948073387

[RightLeg]
ThighAlpha=0.046409897506237
ThighTheta=-0.342039197683334
LowerLegAlpha=-0.00713998079299927
LowerLegTheta=-0.288999319076538
