[%General]
Highest=158
CenterX=36.9236861562962
CenterY=119.393797633944
XWidth=52

[LeftLeg]
ThighAlpha=-0.0642598494887352
ThighTheta=-0.461718916893005
LowerLegAlpha=-0.0678298398852348
LowerLegTheta=-0.395079076290131

[RightLeg]
ThighAlpha=0.0142799690365791
ThighTheta=0.537878811359406
LowerLegAlpha=0.00713998824357986
LowerLegTheta=0.46171897649765
