[%General]
Highest=155
CenterX=28.2392762155896
CenterY=269.724966470414
XWidth=46

[LeftLeg]
ThighAlpha=-0.0589048638939857
ThighTheta=-0.392699092626572
LowerLegAlpha=-0.0785398185253143
LowerLegTheta=-0.157079637050629

[RightLeg]
ThighAlpha=-0.0589048638939857
ThighTheta=0.392699092626572
LowerLegAlpha=0.0981747731566429
LowerLegTheta=0.549778699874878
