[%General]
Highest=157
CenterX=30.6923869512812
CenterY=227.503674326373
XWidth=50

[LeftLeg]
ThighAlpha=-0.082109808921814
ThighTheta=0.454919010400772
LowerLegAlpha=0.021419957280159
LowerLegTheta=0.123079754412174

[RightLeg]
ThighAlpha=-0.0285599306225777
ThighTheta=-0.206039488315582
LowerLegAlpha=0.00356999784708023
LowerLegTheta=-0.830278038978577
