[%General]
Highest=162
CenterX=37.8988770783047
CenterY=98.1565343847918
XWidth=53

[LeftLeg]
ThighAlpha=-0.0392699092626572
ThighTheta=-0.157079637050629
LowerLegAlpha=-0.0981747731566429
LowerLegTheta=-0.235619455575943

[RightLeg]
ThighAlpha=0.0392699092626572
ThighTheta=0.392699092626572
LowerLegAlpha=0
LowerLegTheta=-0.157079637050629
