[%General]
Highest=157
CenterX=41.0542982697061
CenterY=55.7008788794287
XWidth=52

[LeftLeg]
ThighAlpha=-0.0428398996591568
ThighTheta=0.537878811359406
LowerLegAlpha=-0.0678298398852348
LowerLegTheta=0.172946274280548

[RightLeg]
ThighAlpha=0.0678298473358154
ThighTheta=-0.391905754804611
LowerLegAlpha=0.0821098163723946
LowerLegTheta=-0.747318267822266
