[%General]
Highest=158
CenterX=35.1840683792162
CenterY=193.683485253046
XWidth=52

[LeftLeg]
ThighAlpha=-0.0785398185253143
ThighTheta=0.510508835315704
LowerLegAlpha=0
LowerLegTheta=0.471238911151886

[RightLeg]
ThighAlpha=0.0196349546313286
ThighTheta=-0.392699092626572
LowerLegAlpha=0.0981747731566429
LowerLegTheta=-0.274889349937439
