[%General]
Highest=158
CenterX=35.1840683792162
CenterY=193.683485253046
XWidth=52

[LeftLeg]
ThighAlpha=-0.0392699092626572
ThighTheta=0.534705460071564
LowerLegAlpha=0.00713998824357986
LowerLegTheta=0.46171897649765

[RightLeg]
ThighAlpha=0.0321299284696579
ThighTheta=-0.391905754804611
LowerLegAlpha=0.0856798067688942
LowerLegTheta=-0.318919241428375
