[%General]
Highest=161
CenterX=35.405207461876
CenterY=165.534395960841
XWidth=55

[LeftLeg]
ThighAlpha=-0.0999597683548927
ThighTheta=0.179292947053909
LowerLegAlpha=-0.0499798804521561
LowerLegTheta=-0.744144916534424

[RightLeg]
ThighAlpha=0.0142799690365791
ThighTheta=0.106306441128254
LowerLegAlpha=0.0821098163723946
LowerLegTheta=-0.176119565963745
