[%General]
Highest=158
CenterX=35.1840683792162
CenterY=193.683485253046
XWidth=52

[LeftLeg]
ThighAlpha=-0.0392699092626572
ThighTheta=0.544678807258606
LowerLegAlpha=-0.0464098900556564
LowerLegTheta=0.401879131793976

[RightLeg]
ThighAlpha=0.0321299284696579
ThighTheta=-0.401879042387009
LowerLegAlpha=0.0856798067688942
LowerLegTheta=-0.259079366922379
