[%General]
Highest=156
CenterX=33.0432320952585
CenterY=211.881841352608
XWidth=48

[LeftLeg]
ThighAlpha=-0.0606898590922356
ThighTheta=0.60451865196228
LowerLegAlpha=-0.0642598494887352
LowerLegTheta=0.252279460430145

[RightLeg]
ThighAlpha=0.0321299284696579
ThighTheta=-0.461718916893005
LowerLegAlpha=0.00713998824357986
LowerLegTheta=-0.537878751754761
