[%General]
Highest=158
CenterX=41.942201360436
CenterY=25.2465094076932
XWidth=47

[LeftLeg]
ThighAlpha=-0.0606898590922356
ThighTheta=0.49163892865181
LowerLegAlpha=0.021419957280159
LowerLegTheta=-0.0632398128509521

[RightLeg]
ThighAlpha=0.0499798879027367
ThighTheta=-0.259079366922379
LowerLegAlpha=-0.00713998079299927
LowerLegTheta=-0.312119245529175
