[%General]
Highest=159
CenterX=36.8254941757854
CenterY=148.404444640546
XWidth=52

[LeftLeg]
ThighAlpha=-0.0214199498295784
ThighTheta=-0.249106079339981
LowerLegAlpha=-0.0499798804521561
LowerLegTheta=-0.820304751396179

[RightLeg]
ThighAlpha=-0.0214199498295784
ThighTheta=0.391905784606934
LowerLegAlpha=0.0821098163723946
LowerLegTheta=0.109479777514935
