[%General]
Highest=156
CenterX=32.2375567280375
CenterY=216.852636239531
XWidth=49

[LeftLeg]
ThighAlpha=-0.0981747731566429
ThighTheta=0.549778699874878
LowerLegAlpha=0.0196349546313286
LowerLegTheta=0.235619455575943

[RightLeg]
ThighAlpha=0.0196349546313286
ThighTheta=-0.431968986988068
LowerLegAlpha=0
LowerLegTheta=-0.589048624038696
