[%General]
Highest=163
CenterX=37.6982546960509
CenterY=93.5146723857418
XWidth=53

[LeftLeg]
ThighAlpha=-0.0589048638939857
ThighTheta=0
LowerLegAlpha=-0.0981747731566429
LowerLegTheta=-0.314159274101257

[RightLeg]
ThighAlpha=0.0392699092626572
ThighTheta=0.314159274101257
LowerLegAlpha=0
LowerLegTheta=-0.235619455575943
