[%General]
Highest=157
CenterX=30.6923869512812
CenterY=227.503674326373
XWidth=50

[LeftLeg]
ThighAlpha=-0.0785398185253143
ThighTheta=0.431968986988068
LowerLegAlpha=0
LowerLegTheta=0.157079637050629

[RightLeg]
ThighAlpha=-0.0196349546313286
ThighTheta=-0.196349546313286
LowerLegAlpha=-0.0589048638939857
LowerLegTheta=-0.785398185253143
