[%General]
Highest=160
CenterX=36.872037770332
CenterY=156.422266219921
XWidth=51

[LeftLeg]
ThighAlpha=-0.0285599306225777
ThighTheta=0.0364932715892792
LowerLegAlpha=0.021419957280159
LowerLegTheta=-0.886944591999054

[RightLeg]
ThighAlpha=0.0321299284696579
ThighTheta=0.249106109142303
LowerLegAlpha=0.00356999784708023
LowerLegTheta=0.0396666079759598
