[%General]
Highest=156
CenterX=33.4008929093639
CenterY=207.07521494161
XWidth=49

[LeftLeg]
ThighAlpha=-0.0785398185253143
ThighTheta=0.574598729610443
LowerLegAlpha=-0.0321299210190773
LowerLegTheta=0.395079135894775

[RightLeg]
ThighAlpha=0.0142799690365791
ThighTheta=-0.431798994541168
LowerLegAlpha=0.0428399071097374
LowerLegTheta=-0.514758765697479
