[%General]
Highest=161
CenterX=37.3171735583354
CenterY=107.470255332285
XWidth=51

[LeftLeg]
ThighAlpha=-0.00713998079299927
ThighTheta=-0.318919241428375
LowerLegAlpha=-0.103529758751392
LowerLegTheta=-0.2454794049263

[RightLeg]
ThighAlpha=-0.00713998079299927
ThighTheta=0.507958889007568
LowerLegAlpha=0.00356999784708023
LowerLegTheta=0.070039875805378
