[%General]
Highest=159
CenterX=36.8254941757854
CenterY=148.404444640546
XWidth=52

[LeftLeg]
ThighAlpha=-0.0392699092626572
ThighTheta=-0.229159444570541
LowerLegAlpha=-0.0142799615859985
LowerLegTheta=-0.860197961330414

[RightLeg]
ThighAlpha=-0.0214199498295784
ThighTheta=0.431799054145813
LowerLegAlpha=0.0999597758054733
LowerLegTheta=0.0496399253606796
