[%General]
Highest=161
CenterX=37.4932614936433
CenterY=111.778385869642
XWidth=52

[LeftLeg]
ThighAlpha=-0.024989940226078
ThighTheta=-0.391905754804611
LowerLegAlpha=-0.0856797993183136
LowerLegTheta=-0.255452752113342

[RightLeg]
ThighAlpha=0.0142799690365791
ThighTheta=0.46489229798317
LowerLegAlpha=-0.0142799615859985
LowerLegTheta=0.388732463121414
