[%General]
Highest=158
CenterX=37.1106945907429
CenterY=144.055533180494
XWidth=51

[LeftLeg]
ThighAlpha=-0.0428398996591568
ThighTheta=-0.318919241428375
LowerLegAlpha=-0.0142799615859985
LowerLegTheta=-0.820304751396179

[RightLeg]
ThighAlpha=0.0142799690365791
ThighTheta=0.534705460071564
LowerLegAlpha=0.0249899476766586
LowerLegTheta=0.0333199352025986
