[%General]
Highest=161
CenterX=39.6106585703002
CenterY=74.6335777053713
XWidth=50

[LeftLeg]
ThighAlpha=-0.0214199498295784
ThighTheta=0.335239291191101
LowerLegAlpha=0.00356999784708023
LowerLegTheta=-0.10267972946167

[RightLeg]
ThighAlpha=0.13922968506813
ThighTheta=-0.199239507317543
LowerLegAlpha=-0.117809727787971
LowerLegTheta=-0.567798674106598
