[%General]
Highest=162
CenterX=39.0488593847433
CenterY=78.8883807940137
XWidth=51

[LeftLeg]
ThighAlpha=-0.00713998079299927
ThighTheta=0.259079456329346
LowerLegAlpha=-0.0856797993183136
LowerLegTheta=-0.109479710459709

[RightLeg]
ThighAlpha=0.121379725635052
ThighTheta=0.0632398948073387
LowerLegAlpha=-0.0999597683548927
LowerLegTheta=-0.67115843296051
