[%General]
Highest=154
CenterX=27.6410302557642
CenterY=275.824164616954
XWidth=47

[LeftLeg]
ThighAlpha=-0.0999597683548927
ThighTheta=-0.454918920993805
LowerLegAlpha=-0.0678298398852348
LowerLegTheta=-0.182919546961784

[RightLeg]
ThighAlpha=-0.00356999039649963
ThighTheta=0.484838932752609
LowerLegAlpha=0.0428399071097374
LowerLegTheta=0.754118323326111
