[%General]
Highest=156
CenterX=31.5578210987781
CenterY=222.280962596773
XWidth=49

[LeftLeg]
ThighAlpha=-0.0214199498295784
ThighTheta=0.537878811359406
LowerLegAlpha=-0.0678298398852348
LowerLegTheta=0.172946274280548

[RightLeg]
ThighAlpha=-0.00356999039649963
ThighTheta=-0.325265914201736
LowerLegAlpha=0.00356999784708023
LowerLegTheta=-0.747318267822266
