[%General]
Highest=158
CenterX=29.2846591403779
CenterY=241.117624865775
XWidth=49

[LeftLeg]
ThighAlpha=-0.024989940226078
ThighTheta=-0.0333198979496956
LowerLegAlpha=-0.157079637050629
LowerLegTheta=0.322092622518539

[RightLeg]
ThighAlpha=0.0606898665428162
ThighTheta=-0.176119565963745
LowerLegAlpha=-0.117809727787971
LowerLegTheta=-0.179292917251587
