[%General]
Highest=161
CenterX=35.5833076815447
CenterY=184.665202182734
XWidth=53

[LeftLeg]
ThighAlpha=-0.0606898590922356
ThighTheta=0.514758884906769
LowerLegAlpha=0.00356999784708023
LowerLegTheta=0.0931598246097565

[RightLeg]
ThighAlpha=0.0856798067688942
ThighTheta=-0.288999319076538
LowerLegAlpha=0.00713998824357986
LowerLegTheta=-0.176119565963745
