[%General]
Highest=158
CenterX=42.8631290411426
CenterY=17.0568940417328
XWidth=45

[LeftLeg]
ThighAlpha=-0.0214199498295784
ThighTheta=0.249106109142303
LowerLegAlpha=0.00356999784708023
LowerLegTheta=-0.2522794008255

[RightLeg]
ThighAlpha=0.0321299284696579
ThighTheta=-0.106306403875351
LowerLegAlpha=0.0606898665428162
LowerLegTheta=-0.179292917251587
