[%General]
Highest=161
CenterX=39.6106585703002
CenterY=74.6335777053713
XWidth=50

[LeftLeg]
ThighAlpha=0
ThighTheta=0.353429168462753
LowerLegAlpha=-0.0392699092626572
LowerLegTheta=-0.117809727787971

[RightLeg]
ThighAlpha=0.0981747731566429
ThighTheta=-0.117809727787971
LowerLegAlpha=-0.0589048638939857
LowerLegTheta=-0.667588412761688
