[%General]
Highest=156
CenterX=29.2029587554576
CenterY=265.678097579585
XWidth=48

[LeftLeg]
ThighAlpha=-0.0285599306225777
ThighTheta=-0.288999319076538
LowerLegAlpha=-0.121379718184471
LowerLegTheta=-0.215559482574463

[RightLeg]
ThighAlpha=-0.00356999039649963
ThighTheta=0.401879131793976
LowerLegAlpha=0.0606898665428162
LowerLegTheta=0.222359538078308
