[%General]
Highest=158
CenterX=43.0485014161512
CenterY=13.316104668367
XWidth=44

[LeftLeg]
ThighAlpha=0.0321299284696579
ThighTheta=0.109479777514935
LowerLegAlpha=-0.0499798804521561
LowerLegTheta=-0.398252427577972

[RightLeg]
ThighAlpha=0.0321299284696579
ThighTheta=-0.0364932343363762
LowerLegAlpha=0.0999597758054733
LowerLegTheta=-0.106306403875351
