[%General]
Highest=158
CenterX=41.942201360436
CenterY=25.2465094076932
XWidth=47

[LeftLeg]
ThighAlpha=-0.024989940226078
ThighTheta=0.46171897649765
LowerLegAlpha=0.021419957280159
LowerLegTheta=-0.0333198979496956

[RightLeg]
ThighAlpha=0.0499798879027367
ThighTheta=-0.249106079339981
LowerLegAlpha=-0.00713998079299927
LowerLegTheta=-0.322092592716217
