[%General]
Highest=163
CenterX=38.2880479735318
CenterY=88.6857349639608
XWidth=52

[LeftLeg]
ThighAlpha=-0.00713998079299927
ThighTheta=0.0496399253606796
LowerLegAlpha=-0.13922968506813
LowerLegTheta=-0.162519589066505

[RightLeg]
ThighAlpha=0.0856798067688942
ThighTheta=0.206039562821388
LowerLegAlpha=0.0642598569393158
LowerLegTheta=-0.265879362821579
