[%General]
Highest=159
CenterX=37.2450375536481
CenterY=152.432895207439
XWidth=50

[LeftLeg]
ThighAlpha=0
ThighTheta=-0.157079637050629
LowerLegAlpha=0
LowerLegTheta=-0.785398185253143

[RightLeg]
ThighAlpha=0
ThighTheta=0.314159274101257
LowerLegAlpha=0.0785398185253143
LowerLegTheta=0.0785398185253143
