[%General]
Highest=157
CenterX=29.6370590962588
CenterY=236.529655123221
XWidth=49

[LeftLeg]
ThighAlpha=-0.0981747731566429
ThighTheta=0.274889349937439
LowerLegAlpha=-0.0196349546313286
LowerLegTheta=0.117809727787971

[RightLeg]
ThighAlpha=0.0196349546313286
ThighTheta=-0.0785398185253143
LowerLegAlpha=-0.0981747731566429
LowerLegTheta=-0.667588412761688
