[%General]
Highest=158
CenterX=37.3643014783687
CenterY=139.283535387127
XWidth=50

[LeftLeg]
ThighAlpha=-0.024989940226078
ThighTheta=-0.391905754804611
LowerLegAlpha=-0.0107099711894989
LowerLegTheta=-0.747318267822266

[RightLeg]
ThighAlpha=0.0142799690365791
ThighTheta=0.60451865196228
LowerLegAlpha=0.0428399071097374
LowerLegTheta=0.109479777514935
