[%General]
Highest=157
CenterX=37.3657689089336
CenterY=134.14531478251
XWidth=51

[LeftLeg]
ThighAlpha=-0.0392699092626572
ThighTheta=-0.471238911151886
LowerLegAlpha=-0.0392699092626572
LowerLegTheta=-0.628318548202515

[RightLeg]
ThighAlpha=0
ThighTheta=0.628318548202515
LowerLegAlpha=0.0785398185253143
LowerLegTheta=0.235619455575943
