[%General]
Highest=163
CenterX=37.6982546960509
CenterY=93.5146723857418
XWidth=53

[LeftLeg]
ThighAlpha=-0.024989940226078
ThighTheta=-0.0364932343363762
LowerLegAlpha=-0.157079637050629
LowerLegTheta=-0.249106079339981

[RightLeg]
ThighAlpha=0.0321299284696579
ThighTheta=0.31891930103302
LowerLegAlpha=0.0249899476766586
LowerLegTheta=-0.24275940656662
