[%General]
Highest=136
CenterX=27.0592833876221
CenterY=308.287740598164
XWidth=37

[LeftLeg]
ThighAlpha=0.0856798067688942
ThighTheta=-0.109479740262032
LowerLegAlpha=-0.121379718184471
LowerLegTheta=-1.09955739974976

[RightLeg]
ThighAlpha=0.0107099786400795
ThighTheta=0.886944651603699
LowerLegAlpha=0.0107099786400795
LowerLegTheta=-0.461718916893005
