[%General]
Highest=163
CenterX=38.2880479735318
CenterY=88.6857349639608
XWidth=52

[LeftLeg]
ThighAlpha=-0.00713998079299927
ThighTheta=0.0396666079759598
LowerLegAlpha=-0.13922968506813
LowerLegTheta=-0.182466238737106

[RightLeg]
ThighAlpha=0.0856798067688942
ThighTheta=0.176119610667229
LowerLegAlpha=0.0642598569393158
LowerLegTheta=-0.315745919942856
