[%General]
Highest=157
CenterX=29.6370590962588
CenterY=236.529655123221
XWidth=49

[LeftLeg]
ThighAlpha=-0.0999597683548927
ThighTheta=0.31891930103302
LowerLegAlpha=-0.0142799615859985
LowerLegTheta=0.0333199352025986

[RightLeg]
ThighAlpha=0.0142799690365791
ThighTheta=-0.106306403875351
LowerLegAlpha=-0.117809727787971
LowerLegTheta=-0.610865235328674
