[%General]
Highest=151
CenterX=27.5842965779468
CenterY=283.568726235741
XWidth=45

[LeftLeg]
ThighAlpha=-0.0981747731566429
ThighTheta=-0.471238911151886
LowerLegAlpha=-0.0196349546313286
LowerLegTheta=-0.392699092626572

[RightLeg]
ThighAlpha=0.0589048638939857
ThighTheta=0.667588412761688
LowerLegAlpha=0.0981747731566429
LowerLegTheta=0.471238911151886
