[%General]
Highest=155
CenterX=28.2392762155896
CenterY=269.724966470414
XWidth=46

[LeftLeg]
ThighAlpha=-0.0428398996591568
ThighTheta=-0.348839163780212
LowerLegAlpha=-0.103529758751392
LowerLegTheta=-0.215559482574463

[RightLeg]
ThighAlpha=-0.0392699092626572
ThighTheta=0.424999058246613
LowerLegAlpha=0.0428399071097374
LowerLegTheta=0.49163892865181
