[%General]
Highest=156
CenterX=41.2006261337703
CenterY=45.426443911288
XWidth=51

[LeftLeg]
ThighAlpha=-0.0392699092626572
ThighTheta=0.574598729610443
LowerLegAlpha=-0.0856797993183136
LowerLegTheta=0.365159213542938

[RightLeg]
ThighAlpha=0.0678298473358154
ThighTheta=-0.461718916893005
LowerLegAlpha=0.0606898665428162
LowerLegTheta=-0.544678747653961
