[%General]
Highest=156
CenterX=41.4140496892698
CenterY=36.5893125353102
XWidth=48

[LeftLeg]
ThighAlpha=-0.0589048638939857
ThighTheta=0.549778699874878
LowerLegAlpha=0
LowerLegTheta=0.392699092626572

[RightLeg]
ThighAlpha=0.0589048638939857
ThighTheta=-0.392699092626572
LowerLegAlpha=0.0196349546313286
LowerLegTheta=-0.471238911151886
