[%General]
Highest=161
CenterX=36.2465989877417
CenterY=160.38686697288
XWidth=54

[LeftLeg]
ThighAlpha=-0.082109808921814
ThighTheta=0.109479777514935
LowerLegAlpha=-0.0142799615859985
LowerLegTheta=-0.81395810842514

[RightLeg]
ThighAlpha=0.0142799690365791
ThighTheta=0.176119610667229
LowerLegAlpha=0.0821098163723946
LowerLegTheta=-0.0333198979496956
