[%General]
Highest=158
CenterX=42.7424525884162
CenterY=21.3029472065607
XWidth=45

[LeftLeg]
ThighAlpha=-0.00356999039649963
ThighTheta=0.322092622518539
LowerLegAlpha=0.00356999784708023
LowerLegTheta=-0.0333198979496956

[RightLeg]
ThighAlpha=0.0285599380731583
ThighTheta=-0.179292917251587
LowerLegAlpha=0.0107099786400795
LowerLegTheta=-0.2459327429533
