[%General]
Highest=158
CenterX=42.7424525884162
CenterY=21.3029472065607
XWidth=45

[LeftLeg]
ThighAlpha=0
ThighTheta=0.314159274101257
LowerLegAlpha=0
LowerLegTheta=-0.0785398185253143

[RightLeg]
ThighAlpha=0.0392699092626572
ThighTheta=-0.157079637050629
LowerLegAlpha=0
LowerLegTheta=-0.235619455575943
