[%General]
Highest=159
CenterX=37.2450375536481
CenterY=152.432895207439
XWidth=50

[LeftLeg]
ThighAlpha=-0.0392699092626572
ThighTheta=-0.229159444570541
LowerLegAlpha=0.00713998824357986
LowerLegTheta=-0.680678427219391

[RightLeg]
ThighAlpha=0.0142799690365791
ThighTheta=0.342039257287979
LowerLegAlpha=0.021419957280159
LowerLegTheta=0.0863598436117172
