[%General]
Highest=139
CenterX=27.089593711668
CenterY=303.256915412922
XWidth=41

[LeftLeg]
ThighAlpha=0.046409897506237
ThighTheta=-0.255452752113342
LowerLegAlpha=-0.13922968506813
LowerLegTheta=-0.956757783889771

[RightLeg]
ThighAlpha=0.0856798067688942
ThighTheta=0.886944651603699
LowerLegAlpha=-0.13922968506813
LowerLegTheta=-0.318919241428375
