[%General]
Highest=159
CenterX=35.6654872668501
CenterY=188.931813218014
XWidth=52

[LeftLeg]
ThighAlpha=-0.0606898590922356
ThighTheta=0.534705460071564
LowerLegAlpha=0.00356999784708023
LowerLegTheta=0.388732463121414

[RightLeg]
ThighAlpha=0.0678298473358154
ThighTheta=-0.391905754804611
LowerLegAlpha=-0.00713998079299927
LowerLegTheta=-0.109479740262032
