[%General]
Highest=157
CenterX=29.6763612292611
CenterY=245.90450973212
XWidth=49

[LeftLeg]
ThighAlpha=-0.0785398185253143
ThighTheta=-0.0265199020504951
LowerLegAlpha=-0.13922968506813
LowerLegTheta=0.212839543819427

[RightLeg]
ThighAlpha=0.13922968506813
ThighTheta=0.438599050045013
LowerLegAlpha=0.13922968506813
LowerLegTheta=-0.2454794049263
