[%General]
Highest=156
CenterX=41.7525753911521
CenterY=32.4389722485737
XWidth=47

[LeftLeg]
ThighAlpha=-0.0642598494887352
ThighTheta=0.534705460071564
LowerLegAlpha=0.0249899476766586
LowerLegTheta=0.315745949745178

[RightLeg]
ThighAlpha=0.0499798879027367
ThighTheta=-0.391905754804611
LowerLegAlpha=0.00713998824357986
LowerLegTheta=-0.325265914201736
