[%General]
Highest=161
CenterX=35.4453444747613
CenterY=179.953913710778
XWidth=55

[LeftLeg]
ThighAlpha=-0.0428398996591568
ThighTheta=0.46489229798317
LowerLegAlpha=0.021419957280159
LowerLegTheta=-0.255452752113342

[RightLeg]
ThighAlpha=0.0321299284696579
ThighTheta=-0.176119565963745
LowerLegAlpha=0.0606898665428162
LowerLegTheta=-0.182466238737106
