[%General]
Highest=161
CenterX=37.4932614936433
CenterY=111.778385869642
XWidth=52

[LeftLeg]
ThighAlpha=-0.024989940226078
ThighTheta=-0.342039197683334
LowerLegAlpha=-0.0856797993183136
LowerLegTheta=-0.365159124135971

[RightLeg]
ThighAlpha=-0.00356999039649963
ThighTheta=0.454919010400772
LowerLegAlpha=0.021419957280159
LowerLegTheta=0.378759175539017
