[%General]
Highest=161
CenterX=37.3171735583354
CenterY=107.470255332285
XWidth=51

[LeftLeg]
ThighAlpha=-0.00713998079299927
ThighTheta=-0.318919241428375
LowerLegAlpha=-0.103529758751392
LowerLegTheta=-0.255452752113342

[RightLeg]
ThighAlpha=-0.00713998079299927
ThighTheta=0.468065619468689
LowerLegAlpha=0.00356999784708023
LowerLegTheta=0.030146598815918
