[%General]
Highest=148
CenterX=26.9742303701141
CenterY=292.493927514509
XWidth=43

[LeftLeg]
ThighAlpha=-0.0499798804521561
ThighTheta=-0.388732433319092
LowerLegAlpha=-0.103529758751392
LowerLegTheta=-0.607691943645477

[RightLeg]
ThighAlpha=0.103529766201973
ThighTheta=0.886944651603699
LowerLegAlpha=-0.121379718184471
LowerLegTheta=-0.10313306748867
