[%General]
Highest=162
CenterX=39.0488593847433
CenterY=78.8883807940137
XWidth=51

[LeftLeg]
ThighAlpha=0.0107099786400795
ThighTheta=0.249106109142303
LowerLegAlpha=-0.103529758751392
LowerLegTheta=-0.0396665707230568

[RightLeg]
ThighAlpha=0.13922968506813
ThighTheta=-0.0333198979496956
LowerLegAlpha=-0.117809727787971
LowerLegTheta=-0.537878751754761
