[%General]
Highest=158
CenterX=37.3643014783687
CenterY=139.283535387127
XWidth=50

[LeftLeg]
ThighAlpha=-0.0196349546313286
ThighTheta=-0.392699092626572
LowerLegAlpha=-0.0392699092626572
LowerLegTheta=-0.706858336925507

[RightLeg]
ThighAlpha=0
ThighTheta=0.589048624038696
LowerLegAlpha=0.0785398185253143
LowerLegTheta=0.117809727787971
