[%General]
Highest=154
CenterX=27.6410302557642
CenterY=275.824164616954
XWidth=47

[LeftLeg]
ThighAlpha=-0.0785398185253143
ThighTheta=-0.471238911151886
LowerLegAlpha=-0.0589048638939857
LowerLegTheta=-0.157079637050629

[RightLeg]
ThighAlpha=-0.0196349546313286
ThighTheta=0.471238911151886
LowerLegAlpha=0.0589048638939857
LowerLegTheta=0.706858336925507
