[%General]
Highest=157
CenterX=30.2660004665993
CenterY=232.318026285092
XWidth=50

[LeftLeg]
ThighAlpha=-0.082109808921814
ThighTheta=0.322092622518539
LowerLegAlpha=-0.0321299210190773
LowerLegTheta=0.176119610667229

[RightLeg]
ThighAlpha=0.00713998824357986
ThighTheta=-0.176119565963745
LowerLegAlpha=-0.117809727787971
LowerLegTheta=-0.680678427219391
