[%General]
Highest=156
CenterX=29.2029587554576
CenterY=265.678097579585
XWidth=48

[LeftLeg]
ThighAlpha=-0.0589048638939857
ThighTheta=-0.353429168462753
LowerLegAlpha=-0.0785398185253143
LowerLegTheta=-0.0785398185253143

[RightLeg]
ThighAlpha=0
ThighTheta=0.392699092626572
LowerLegAlpha=0.0392699092626572
LowerLegTheta=0.274889349937439
