[%General]
Highest=151
CenterX=27.5842965779468
CenterY=283.568726235741
XWidth=45

[LeftLeg]
ThighAlpha=-0.0999597683548927
ThighTheta=-0.491638839244843
LowerLegAlpha=-0.0499798804521561
LowerLegTheta=-0.335239201784134

[RightLeg]
ThighAlpha=0.0678298473358154
ThighTheta=0.694278478622437
LowerLegAlpha=0.0999597758054733
LowerLegTheta=0.448119014501572
