[%General]
Highest=157
CenterX=41.0542982697061
CenterY=55.7008788794287
XWidth=52

[LeftLeg]
ThighAlpha=-0.0428398996591568
ThighTheta=0.537878811359406
LowerLegAlpha=-0.0499798804521561
LowerLegTheta=0.18291962146759

[RightLeg]
ThighAlpha=0.0678298473358154
ThighTheta=-0.371959120035172
LowerLegAlpha=0.0821098163723946
LowerLegTheta=-0.777238190174103
