[%General]
Highest=156
CenterX=41.4140496892698
CenterY=36.5893125353102
XWidth=48

[LeftLeg]
ThighAlpha=-0.0606898590922356
ThighTheta=0.534705460071564
LowerLegAlpha=0.00356999784708023
LowerLegTheta=0.388732463121414

[RightLeg]
ThighAlpha=0.0678298473358154
ThighTheta=-0.391905754804611
LowerLegAlpha=0.00713998824357986
LowerLegTheta=-0.464892268180847
