[%General]
Highest=157
CenterX=29.6763612292611
CenterY=245.90450973212
XWidth=49

[LeftLeg]
ThighAlpha=-0.0606898590922356
ThighTheta=-0.0364932343363762
LowerLegAlpha=-0.157079637050629
LowerLegTheta=0.172946274280548

[RightLeg]
ThighAlpha=0.13922968506813
ThighTheta=0.458545625209808
LowerLegAlpha=0.103529766201973
LowerLegTheta=-0.255452752113342
