[%General]
Highest=162
CenterX=35.4780991036699
CenterY=170.982200236766
XWidth=54

[LeftLeg]
ThighAlpha=-0.0785398185253143
ThighTheta=0.259079456329346
LowerLegAlpha=0.00356999784708023
LowerLegTheta=-0.66435843706131

[RightLeg]
ThighAlpha=0.0499798879027367
ThighTheta=0.0333199612796307
LowerLegAlpha=0.021419957280159
LowerLegTheta=-0.176119565963745
