[%General]
Highest=156
CenterX=29.4763918684237
CenterY=260.876371437328
XWidth=48

[LeftLeg]
ThighAlpha=-0.024989940226078
ThighTheta=-0.2459327429533
LowerLegAlpha=-0.13922968506813
LowerLegTheta=-0.109479740262032

[RightLeg]
ThighAlpha=0.0142799690365791
ThighTheta=0.46489229798317
LowerLegAlpha=0.0285599380731583
LowerLegTheta=-0.112653076648712
