[%General]
Highest=158
CenterX=42.7424525884162
CenterY=21.3029472065607
XWidth=45

[LeftLeg]
ThighAlpha=-0.0392699092626572
ThighTheta=0.353429168462753
LowerLegAlpha=0.0785398185253143
LowerLegTheta=-0.157079637050629

[RightLeg]
ThighAlpha=0.0392699092626572
ThighTheta=-0.196349546313286
LowerLegAlpha=0
LowerLegTheta=-0.157079637050629
