[%General]
Highest=149
CenterX=27.6789476659819
CenterY=287.955166500198
XWidth=43

[LeftLeg]
ThighAlpha=-0.0606898590922356
ThighTheta=-0.464892268180847
LowerLegAlpha=-0.0892497897148132
LowerLegTheta=-0.464892268180847

[RightLeg]
ThighAlpha=0.13922968506813
ThighTheta=0.817131459712982
LowerLegAlpha=0.0821098163723946
LowerLegTheta=0.185639619827271
