[%General]
Highest=154
CenterX=28.2255363913301
CenterY=273.037278923492
XWidth=47

[LeftLeg]
ThighAlpha=-0.082109808921814
ThighTheta=-0.431798994541168
LowerLegAlpha=-0.0678298398852348
LowerLegTheta=-0.215559482574463

[RightLeg]
ThighAlpha=-0.0214199498295784
ThighTheta=0.454919010400772
LowerLegAlpha=0.0821098163723946
LowerLegTheta=0.634438574314117
