[%General]
Highest=157
CenterX=30.2660004665993
CenterY=232.318026285092
XWidth=50

[LeftLeg]
ThighAlpha=-0.082109808921814
ThighTheta=0.342039257287979
LowerLegAlpha=0.00356999784708023
LowerLegTheta=0.0863598436117172

[RightLeg]
ThighAlpha=0.00713998824357986
ThighTheta=-0.206039488315582
LowerLegAlpha=-0.0999597683548927
LowerLegTheta=-0.650758504867554
