[%General]
Highest=159
CenterX=37.4419162690907
CenterY=115.425105157666
XWidth=53

[LeftLeg]
ThighAlpha=-0.0428398996591568
ThighTheta=-0.391905754804611
LowerLegAlpha=-0.0678298398852348
LowerLegTheta=-0.395079076290131

[RightLeg]
ThighAlpha=0.0142799690365791
ThighTheta=0.534705460071564
LowerLegAlpha=0.00713998824357986
LowerLegTheta=0.391905784606934
