[%General]
Highest=158
CenterX=36.5956439779215
CenterY=124.154386535932
XWidth=52

[LeftLeg]
ThighAlpha=-0.0606898590922356
ThighTheta=-0.461718916893005
LowerLegAlpha=-0.0856797993183136
LowerLegTheta=-0.534705400466919

[RightLeg]
ThighAlpha=-0.00356999039649963
ThighTheta=0.534705460071564
LowerLegAlpha=0.00356999784708023
LowerLegTheta=0.46171897649765
