[%General]
Highest=158
CenterX=40.6848638308999
CenterY=61.091857376801
XWidth=50

[LeftLeg]
ThighAlpha=-0.0214199498295784
ThighTheta=0.537878811359406
LowerLegAlpha=-0.0321299210190773
LowerLegTheta=0.0333199352025986

[RightLeg]
ThighAlpha=0.0856798067688942
ThighTheta=-0.325265914201736
LowerLegAlpha=0.00713998824357986
LowerLegTheta=-0.817131459712982
