[%General]
Highest=158
CenterX=37.1106945907429
CenterY=144.055533180494
XWidth=51

[LeftLeg]
ThighAlpha=-0.0428398996591568
ThighTheta=-0.318919241428375
LowerLegAlpha=-0.0142799615859985
LowerLegTheta=-0.830278038978577

[RightLeg]
ThighAlpha=-0.00356999039649963
ThighTheta=0.544678807258606
LowerLegAlpha=0.0428399071097374
LowerLegTheta=0.0333199612796307
