[%General]
Highest=158
CenterX=40.6848638308999
CenterY=61.091857376801
XWidth=50

[LeftLeg]
ThighAlpha=-0.0214199498295784
ThighTheta=0.537878811359406
LowerLegAlpha=-0.0321299210190773
LowerLegTheta=0.0632398948073387

[RightLeg]
ThighAlpha=0.0856798067688942
ThighTheta=-0.335239201784134
LowerLegAlpha=0.00713998824357986
LowerLegTheta=-0.777238190174103
