[%General]
Highest=155
CenterX=28.2392762155896
CenterY=269.724966470414
XWidth=46

[LeftLeg]
ThighAlpha=-0.0428398996591568
ThighTheta=-0.318919241428375
LowerLegAlpha=-0.103529758751392
LowerLegTheta=-0.255452752113342

[RightLeg]
ThighAlpha=-0.0214199498295784
ThighTheta=0.395079135894775
LowerLegAlpha=0.0249899476766586
LowerLegTheta=0.531532108783722
