[%General]
Highest=159
CenterX=35.6654872668501
CenterY=188.931813218014
XWidth=52

[LeftLeg]
ThighAlpha=-0.0981747731566429
ThighTheta=0.549778699874878
LowerLegAlpha=0.0785398185253143
LowerLegTheta=0.274889349937439

[RightLeg]
ThighAlpha=0.0589048638939857
ThighTheta=-0.353429168462753
LowerLegAlpha=0
LowerLegTheta=-0.157079637050629
