[%General]
Highest=157
CenterX=40.9693354310521
CenterY=50.3304781050607
XWidth=52

[LeftLeg]
ThighAlpha=-0.0785398185253143
ThighTheta=0.589048624038696
LowerLegAlpha=-0.0392699092626572
LowerLegTheta=0.235619455575943

[RightLeg]
ThighAlpha=0.0589048638939857
ThighTheta=-0.431968986988068
LowerLegAlpha=0.0785398185253143
LowerLegTheta=-0.667588412761688
