[%General]
Highest=158
CenterX=41.942201360436
CenterY=25.2465094076932
XWidth=47

[LeftLeg]
ThighAlpha=-0.0589048638939857
ThighTheta=0.471238911151886
LowerLegAlpha=0.0589048638939857
LowerLegTheta=-0.0785398185253143

[RightLeg]
ThighAlpha=0.0196349546313286
ThighTheta=-0.235619455575943
LowerLegAlpha=0.0392699092626572
LowerLegTheta=-0.314159274101257
