[%General]
Highest=162
CenterX=37.3737244522864
CenterY=102.775474194971
XWidth=55

[LeftLeg]
ThighAlpha=-0.0642598494887352
ThighTheta=-0.249106079339981
LowerLegAlpha=-0.0678298398852348
LowerLegTheta=-0.182466238737106

[RightLeg]
ThighAlpha=0.0321299284696579
ThighTheta=0.391905784606934
LowerLegAlpha=0.0107099786400795
LowerLegTheta=0.0364932715892792
