[%General]
Highest=156
CenterX=34.5016619607563
CenterY=202.430751635155
XWidth=51

[LeftLeg]
ThighAlpha=-0.0606898590922356
ThighTheta=0.534705460071564
LowerLegAlpha=-0.0321299210190773
LowerLegTheta=0.531532108783722

[RightLeg]
ThighAlpha=0.0321299284696579
ThighTheta=-0.461718916893005
LowerLegAlpha=0.0606898665428162
LowerLegTheta=-0.395079076290131
