[%General]
Highest=158
CenterX=43.0485014161512
CenterY=13.316104668367
XWidth=44

[LeftLeg]
ThighAlpha=-0.0196349546313286
ThighTheta=0.0785398185253143
LowerLegAlpha=0
LowerLegTheta=-0.314159274101257

[RightLeg]
ThighAlpha=0.0589048638939857
ThighTheta=-0.0785398185253143
LowerLegAlpha=0.0589048638939857
LowerLegTheta=-0.0785398185253143
