[%General]
Highest=139
CenterX=27.0760399225902
CenterY=297.795233642828
XWidth=42

[LeftLeg]
ThighAlpha=0.00713998824357986
ThighTheta=-0.401879042387009
LowerLegAlpha=-0.13922968506813
LowerLegTheta=-0.687478423118591

[RightLeg]
ThighAlpha=0.0821098163723946
ThighTheta=0.926837921142578
LowerLegAlpha=-0.0392699092626572
LowerLegTheta=-0.206039488315582
