[%General]
Highest=156
CenterX=41.2872334277293
CenterY=40.8028810032942
XWidth=50

[LeftLeg]
ThighAlpha=-0.0606898590922356
ThighTheta=0.537878811359406
LowerLegAlpha=-0.0321299210190773
LowerLegTheta=0.46171897649765

[RightLeg]
ThighAlpha=0.0678298473358154
ThighTheta=-0.461718916893005
LowerLegAlpha=0.0428399071097374
LowerLegTheta=-0.468065589666367
