[%General]
Highest=156
CenterX=29.2029587554576
CenterY=265.678097579585
XWidth=48

[LeftLeg]
ThighAlpha=-0.0285599306225777
ThighTheta=-0.249106079339981
LowerLegAlpha=-0.103529758751392
LowerLegTheta=-0.255452752113342

[RightLeg]
ThighAlpha=-0.00356999039649963
ThighTheta=0.391905784606934
LowerLegAlpha=0.0606898665428162
LowerLegTheta=0.252279460430145
