[%General]
Highest=159
CenterX=40.518897818046
CenterY=65.8416125495488
XWidth=49

[LeftLeg]
ThighAlpha=-0.0196349546313286
ThighTheta=0.471238911151886
LowerLegAlpha=0
LowerLegTheta=0

[RightLeg]
ThighAlpha=0.0981747731566429
ThighTheta=-0.274889349937439
LowerLegAlpha=0.0196349546313286
LowerLegTheta=-0.785398185253143
