[%General]
Highest=159
CenterX=37.2450375536481
CenterY=152.432895207439
XWidth=50

[LeftLeg]
ThighAlpha=-0.0392699092626572
ThighTheta=-0.196349546313286
LowerLegAlpha=0.0196349546313286
LowerLegTheta=-0.746128261089325

[RightLeg]
ThighAlpha=0
ThighTheta=0.353429168462753
LowerLegAlpha=0.0785398185253143
LowerLegTheta=0
