[%General]
Highest=154
CenterX=28.2255363913301
CenterY=273.037278923492
XWidth=47

[LeftLeg]
ThighAlpha=-0.082109808921814
ThighTheta=-0.391905754804611
LowerLegAlpha=-0.0678298398852348
LowerLegTheta=-0.255452752113342

[RightLeg]
ThighAlpha=-0.0214199498295784
ThighTheta=0.46489229798317
LowerLegAlpha=0.0428399071097374
LowerLegTheta=0.60451865196228
