[%General]
Highest=158
CenterX=43.0485014161512
CenterY=13.316104668367
XWidth=44

[LeftLeg]
ThighAlpha=0.0392699092626572
ThighTheta=0.117809727787971
LowerLegAlpha=-0.0589048638939857
LowerLegTheta=-0.392699092626572

[RightLeg]
ThighAlpha=0.0392699092626572
ThighTheta=-0.0392699092626572
LowerLegAlpha=0.0785398185253143
LowerLegTheta=-0.157079637050629
