[%General]
Highest=156
CenterX=33.0432320952585
CenterY=211.881841352608
XWidth=48

[LeftLeg]
ThighAlpha=-0.0981747731566429
ThighTheta=0.589048624038696
LowerLegAlpha=0
LowerLegTheta=0.274889349937439

[RightLeg]
ThighAlpha=0
ThighTheta=-0.431968986988068
LowerLegAlpha=0.0392699092626572
LowerLegTheta=-0.589048624038696
