[%General]
Highest=156
CenterX=31.5578210987781
CenterY=222.280962596773
XWidth=49

[LeftLeg]
ThighAlpha=-0.0392699092626572
ThighTheta=0.537878811359406
LowerLegAlpha=-0.0321299210190773
LowerLegTheta=0.123079754412174

[RightLeg]
ThighAlpha=-0.00356999039649963
ThighTheta=-0.335239201784134
LowerLegAlpha=-0.0499798804521561
LowerLegTheta=-0.687478423118591
