[%General]
Highest=161
CenterX=35.4453444747613
CenterY=179.953913710778
XWidth=55

[LeftLeg]
ThighAlpha=-0.0785398185253143
ThighTheta=0.431968986988068
LowerLegAlpha=0.0785398185253143
LowerLegTheta=-0.0392699092626572

[RightLeg]
ThighAlpha=0.0589048638939857
ThighTheta=-0.196349546313286
LowerLegAlpha=0.0196349546313286
LowerLegTheta=-0.157079637050629
