[%General]
Highest=154
CenterX=27.6410302557642
CenterY=275.824164616954
XWidth=47

[LeftLeg]
ThighAlpha=-0.0999597683548927
ThighTheta=-0.464892268180847
LowerLegAlpha=-0.0678298398852348
LowerLegTheta=-0.172946244478226

[RightLeg]
ThighAlpha=-0.00356999039649963
ThighTheta=0.534705460071564
LowerLegAlpha=0.0428399071097374
LowerLegTheta=0.60451865196228
