[%General]
Highest=157
CenterX=37.3657689089336
CenterY=134.14531478251
XWidth=51

[LeftLeg]
ThighAlpha=-0.0392699092626572
ThighTheta=-0.431968986988068
LowerLegAlpha=-0.0392699092626572
LowerLegTheta=-0.706858336925507

[RightLeg]
ThighAlpha=0
ThighTheta=0.589048624038696
LowerLegAlpha=0.0785398185253143
LowerLegTheta=0.274889349937439
