[%General]
Highest=151
CenterX=27.3049726143034
CenterY=279.371287225898
XWidth=47

[LeftLeg]
ThighAlpha=-0.117809727787971
ThighTheta=-0.461718916893005
LowerLegAlpha=-0.0464098900556564
LowerLegTheta=-0.305319279432297

[RightLeg]
ThighAlpha=-0.0214199498295784
ThighTheta=0.574598729610443
LowerLegAlpha=0.0999597758054733
LowerLegTheta=0.717398405075073
