[%General]
Highest=162
CenterX=38.5053162468229
CenterY=83.6372709489401
XWidth=50

[LeftLeg]
ThighAlpha=-0.0214199498295784
ThighTheta=0.176119610667229
LowerLegAlpha=-0.0999597683548927
LowerLegTheta=-0.176119565963745

[RightLeg]
ThighAlpha=0.121379725635052
ThighTheta=0.0333199352025986
LowerLegAlpha=-0.0999597683548927
LowerLegTheta=-0.38555908203125
