[%General]
Highest=157
CenterX=36.8132283831168
CenterY=129.319448283889
XWidth=52

[LeftLeg]
ThighAlpha=-0.0606898590922356
ThighTheta=-0.461718916893005
LowerLegAlpha=-0.0464098900556564
LowerLegTheta=-0.607691943645477

[RightLeg]
ThighAlpha=-0.00356999039649963
ThighTheta=0.534705460071564
LowerLegAlpha=0.0642598569393158
LowerLegTheta=0.391905784606934
