[%General]
Highest=157
CenterX=30.6923869512812
CenterY=227.503674326373
XWidth=50

[LeftLeg]
ThighAlpha=-0.0214199498295784
ThighTheta=0.46489229798317
LowerLegAlpha=-0.0678298398852348
LowerLegTheta=0.103133104741573

[RightLeg]
ThighAlpha=0.00713998824357986
ThighTheta=-0.2459327429533
LowerLegAlpha=-0.0856797993183136
LowerLegTheta=-0.750491619110107
