[%General]
Highest=148
CenterX=26.9742303701141
CenterY=292.493927514509
XWidth=43

[LeftLeg]
ThighAlpha=-0.0214199498295784
ThighTheta=-0.395079076290131
LowerLegAlpha=-0.157079637050629
LowerLegTheta=-0.567798674106598

[RightLeg]
ThighAlpha=0.0856798067688942
ThighTheta=0.896917998790741
LowerLegAlpha=-0.13922968506813
LowerLegTheta=-0.0931597501039505
