[%General]
Highest=151
CenterX=27.5842965779468
CenterY=283.568726235741
XWidth=45

[LeftLeg]
ThighAlpha=-0.0999597683548927
ThighTheta=-0.461718916893005
LowerLegAlpha=-0.0142799615859985
LowerLegTheta=-0.395079076290131

[RightLeg]
ThighAlpha=0.0678298473358154
ThighTheta=0.674331784248352
LowerLegAlpha=0.0821098163723946
LowerLegTheta=0.468065619468689
