[%General]
Highest=159
CenterX=37.2450375536481
CenterY=152.432895207439
XWidth=50

[LeftLeg]
ThighAlpha=-0.0214199498295784
ThighTheta=-0.249106079339981
LowerLegAlpha=-0.0107099711894989
LowerLegTheta=-0.680678427219391

[RightLeg]
ThighAlpha=0.0142799690365791
ThighTheta=0.322092622518539
LowerLegAlpha=0.021419957280159
LowerLegTheta=0.106306441128254
