[%General]
Highest=162
CenterX=37.8988770783047
CenterY=98.1565343847918
XWidth=53

[LeftLeg]
ThighAlpha=-0.00356999039649963
ThighTheta=-0.106306403875351
LowerLegAlpha=-0.157079637050629
LowerLegTheta=-0.322092592716217

[RightLeg]
ThighAlpha=0.0321299284696579
ThighTheta=0.395079135894775
LowerLegAlpha=0.046409897506237
LowerLegTheta=-0.182466238737106
