[%General]
Highest=161
CenterX=39.6106585703002
CenterY=74.6335777053713
XWidth=50

[LeftLeg]
ThighAlpha=-0.0214199498295784
ThighTheta=0.325265944004059
LowerLegAlpha=0.00356999784708023
LowerLegTheta=-0.112653076648712

[RightLeg]
ThighAlpha=0.13922968506813
ThighTheta=-0.179292917251587
LowerLegAlpha=-0.117809727787971
LowerLegTheta=-0.607691943645477
