[%General]
Highest=159
CenterX=36.2365628134058
CenterY=77.117746894872
XWidth=56

[LeftLeg]
ThighAlpha=0.0196349546313286
ThighTheta=-0.314159274101257
LowerLegAlpha=0
LowerLegTheta=-0.706858336925507

[RightLeg]
ThighAlpha=0.0981747731566429
ThighTheta=0.392699092626572
LowerLegAlpha=0.0589048638939857
LowerLegTheta=0.157079637050629
