[%General]
Highest=157
CenterX=32.1270257415635
CenterY=188.93512986787
XWidth=58

[LeftLeg]
ThighAlpha=-0.0785398185253143
ThighTheta=-0.392699092626572
LowerLegAlpha=-0.0785398185253143
LowerLegTheta=-0.0785398185253143

[RightLeg]
ThighAlpha=0
ThighTheta=0.471238911151886
LowerLegAlpha=-0.0392699092626572
LowerLegTheta=0.471238911151886
