[%General]
Highest=157
CenterX=32.7522824545025
CenterY=211.157292336045
XWidth=56

[LeftLeg]
ThighAlpha=-0.0785398185253143
ThighTheta=-0.314159274101257
LowerLegAlpha=0
LowerLegTheta=-0.628318548202515

[RightLeg]
ThighAlpha=0.0589048638939857
ThighTheta=0.392699092626572
LowerLegAlpha=0.0392699092626572
LowerLegTheta=0.157079637050629
