[%General]
Highest=161
CenterX=37.2469552073947
CenterY=33.5675474038117
XWidth=49

[LeftLeg]
ThighAlpha=-0.0196349546313286
ThighTheta=0
LowerLegAlpha=-0.0589048638939857
LowerLegTheta=-0.0785398185253143

[RightLeg]
ThighAlpha=0.0981747731566429
ThighTheta=0.157079637050629
LowerLegAlpha=-0.0196349546313286
LowerLegTheta=-0.549778699874878
