[%General]
Highest=173
CenterX=38.3172626957074
CenterY=100.435257669421
XWidth=66

[LeftLeg]
ThighAlpha=-0.0785398185253143
ThighTheta=0.549778699874878
LowerLegAlpha=-0.0981747731566429
LowerLegTheta=0.549778699874878

[RightLeg]
ThighAlpha=0.0981747731566429
ThighTheta=-0.549778699874878
LowerLegAlpha=0.0785398185253143
LowerLegTheta=-0.235619455575943
