[%General]
Highest=176
CenterX=40.9684358798011
CenterY=47.9427838323987
XWidth=58

[LeftLeg]
ThighAlpha=0.0981747731566429
ThighTheta=-0.235619455575943
LowerLegAlpha=-0.0392699092626572
LowerLegTheta=-0.785398185253143

[RightLeg]
ThighAlpha=0.0981747731566429
ThighTheta=0.235619455575943
LowerLegAlpha=0.0589048638939857
LowerLegTheta=0.0785398185253143
