[%General]
Highest=156
CenterX=34.0567729476215
CenterY=301.425964608048
XWidth=51

[LeftLeg]
ThighAlpha=-0.0785398185253143
ThighTheta=0.314159274101257
LowerLegAlpha=0
LowerLegTheta=-0.157079637050629

[RightLeg]
ThighAlpha=-0.0589048638939857
ThighTheta=-0.235619455575943
LowerLegAlpha=-0.0196349546313286
LowerLegTheta=-0.471238911151886
