[%General]
Highest=155
CenterX=34.1177600594894
CenterY=305.864083285136
XWidth=51

[LeftLeg]
ThighAlpha=-0.0785398185253143
ThighTheta=0.235619455575943
LowerLegAlpha=0
LowerLegTheta=-0.235619455575943

[RightLeg]
ThighAlpha=-0.0196349546313286
ThighTheta=-0.392699092626572
LowerLegAlpha=-0.0981747731566429
LowerLegTheta=0
