[%General]
Highest=176
CenterX=39.3223637225023
CenterY=88.9891953811669
XWidth=65

[LeftLeg]
ThighAlpha=-0.0392699092626572
ThighTheta=0.549778699874878
LowerLegAlpha=-0.0589048638939857
LowerLegTheta=0.235619455575943

[RightLeg]
ThighAlpha=0.0981747731566429
ThighTheta=-0.471238911151886
LowerLegAlpha=0.0785398185253143
LowerLegTheta=-0.157079637050629
