[%General]
Highest=179
CenterX=40.1665145841855
CenterY=63.9655895031623
XWidth=61

[LeftLeg]
ThighAlpha=0.0785398185253143
ThighTheta=0.235619455575943
LowerLegAlpha=-0.0589048638939857
LowerLegTheta=-0.785398185253143

[RightLeg]
ThighAlpha=0.0196349546313286
ThighTheta=-0.0785398185253143
LowerLegAlpha=0.0981747731566429
LowerLegTheta=0.0785398185253143
