[%General]
Highest=174
CenterX=40.5674442660409
CenterY=24.3209257086395
XWidth=54

[LeftLeg]
ThighAlpha=-0.0196349546313286
ThighTheta=-0.549778699874878
LowerLegAlpha=-0.0196349546313286
LowerLegTheta=0

[RightLeg]
ThighAlpha=0.0981747731566429
ThighTheta=0.471238911151886
LowerLegAlpha=-0.0392699092626572
LowerLegTheta=0.314159274101257
