[%General]
Highest=174
CenterX=36.5557103064067
CenterY=175.60056309342
XWidth=65

[LeftLeg]
ThighAlpha=-0.0785398185253143
ThighTheta=-0.392699092626572
LowerLegAlpha=-0.0392699092626572
LowerLegTheta=-0.157079637050629

[RightLeg]
ThighAlpha=0.0392699092626572
ThighTheta=0.471238911151886
LowerLegAlpha=-0.0392699092626572
LowerLegTheta=0.628318548202515
