[%General]
Highest=175
CenterX=38.4361538237944
CenterY=222.925587884777
XWidth=64

[LeftLeg]
ThighAlpha=0
ThighTheta=0.0785398185253143
LowerLegAlpha=-0.0785398185253143
LowerLegTheta=-0.785398185253143

[RightLeg]
ThighAlpha=0.0981747731566429
ThighTheta=0.157079637050629
LowerLegAlpha=0.0785398185253143
LowerLegTheta=0.0785398185253143
