[%General]
Highest=175
CenterX=40.1861517359317
CenterY=18.5273705399291
XWidth=54

[LeftLeg]
ThighAlpha=0.0392699092626572
ThighTheta=-0.314159274101257
LowerLegAlpha=-0.0981747731566429
LowerLegTheta=-0.157079637050629

[RightLeg]
ThighAlpha=0.0785398185253143
ThighTheta=0.314159274101257
LowerLegAlpha=-0.0785398185253143
LowerLegTheta=0.549778699874878
