[%General]
Highest=165
CenterX=40.9834299587407
CenterY=79.399830186927
XWidth=57

[LeftLeg]
ThighAlpha=-0.024989940226078
ThighTheta=0.454919010400772
LowerLegAlpha=0.021419957280159
LowerLegTheta=-0.275399327278137

[RightLeg]
ThighAlpha=0.13922968506813
ThighTheta=-0.312119245529175
LowerLegAlpha=0.0999597758054733
LowerLegTheta=-0.146199628710747
