[%General]
Highest=158
CenterX=38.1835786599174
CenterY=249.024560410284
XWidth=59

[LeftLeg]
ThighAlpha=-0.0392699092626572
ThighTheta=0.514758884906769
LowerLegAlpha=-0.0642598494887352
LowerLegTheta=0.49163892865181

[RightLeg]
ThighAlpha=0.0821098163723946
ThighTheta=-0.52155876159668
LowerLegAlpha=0.00713998824357986
LowerLegTheta=-0.358359158039093
