[%General]
Highest=161
CenterX=42.1912287470032
CenterY=166.053611287167
XWidth=60

[LeftLeg]
ThighAlpha=-0.0642598494887352
ThighTheta=-0.424998998641968
LowerLegAlpha=-0.0856797993183136
LowerLegTheta=-0.199239507317543

[RightLeg]
ThighAlpha=0.0321299284696579
ThighTheta=0.537878811359406
LowerLegAlpha=-0.0642598494887352
LowerLegTheta=0.521558880805969
