[%General]
Highest=158
CenterX=36.4498337366598
CenterY=258.778982921012
XWidth=53

[LeftLeg]
ThighAlpha=-0.117809727787971
ThighTheta=0.484838932752609
LowerLegAlpha=0.021419957280159
LowerLegTheta=0.378759175539017

[RightLeg]
ThighAlpha=0.0499798879027367
ThighTheta=-0.484838873147964
LowerLegAlpha=-0.0107099711894989
LowerLegTheta=-0.537878751754761
