[%General]
Highest=158
CenterX=35.8793394805481
CenterY=264.688879908894
XWidth=52

[LeftLeg]
ThighAlpha=-0.117809727787971
ThighTheta=0.431799054145813
LowerLegAlpha=0.021419957280159
LowerLegTheta=0.335239291191101

[RightLeg]
ThighAlpha=0.0499798879027367
ThighTheta=-0.371959120035172
LowerLegAlpha=-0.0499798804521561
LowerLegTheta=-0.694278359413147
