[%General]
Highest=163
CenterX=42.5261752136752
CenterY=200.162720567963
XWidth=55

[LeftLeg]
ThighAlpha=-0.0428398996591568
ThighTheta=0.00340002961456776
LowerLegAlpha=0.00356999784708023
LowerLegTheta=-1.09955739974976

[RightLeg]
ThighAlpha=0.121379725635052
ThighTheta=0.229159519076347
LowerLegAlpha=-0.0107099711894989
LowerLegTheta=0.116279773414135
