[%General]
Highest=162
CenterX=43.097093065827
CenterY=180.692421468844
XWidth=59

[LeftLeg]
ThighAlpha=-0.0428398996591568
ThighTheta=-0.431798994541168
LowerLegAlpha=-0.0142799615859985
LowerLegTheta=-0.448118954896927

[RightLeg]
ThighAlpha=0.103529766201973
ThighTheta=0.46171897649765
LowerLegAlpha=0.0107099786400795
LowerLegTheta=0.335239291191101
