[%General]
Highest=161
CenterX=39.7889380589077
CenterY=30.0737856683256
XWidth=54

[LeftLeg]
ThighAlpha=0.0321299284696579
ThighTheta=-0.537878751754761
LowerLegAlpha=-0.13922968506813
LowerLegTheta=-0.265879362821579

[RightLeg]
ThighAlpha=0.13922968506813
ThighTheta=0.371959179639816
LowerLegAlpha=0.103529766201973
LowerLegTheta=0.288999378681183
