[%General]
Highest=159
CenterX=38.6781668950959
CenterY=244.660349417899
XWidth=59

[LeftLeg]
ThighAlpha=-0.117809727787971
ThighTheta=0.454919010400772
LowerLegAlpha=0.021419957280159
LowerLegTheta=0.551478803157806

[RightLeg]
ThighAlpha=0.103529766201973
ThighTheta=-0.514758765697479
LowerLegAlpha=-0.0107099711894989
LowerLegTheta=-0.229159444570541
