[%General]
Highest=162
CenterX=39.3202455810269
CenterY=34.3702901421003
XWidth=54

[LeftLeg]
ThighAlpha=0.0428399071097374
ThighTheta=-0.52155876159668
LowerLegAlpha=-0.121379718184471
LowerLegTheta=-0.38827908039093

[RightLeg]
ThighAlpha=0.13922968506813
ThighTheta=0.342039257287979
LowerLegAlpha=0.121379725635052
LowerLegTheta=0.229159519076347
