[%General]
Highest=163
CenterX=39.6914639868617
CenterY=60.6154395088762
XWidth=57

[LeftLeg]
ThighAlpha=0.0856798067688942
ThighTheta=0.0632398948073387
LowerLegAlpha=-0.103529758751392
LowerLegTheta=-0.694278359413147

[RightLeg]
ThighAlpha=0.13922968506813
ThighTheta=0.0333199612796307
LowerLegAlpha=0.13922968506813
LowerLegTheta=-0.0632398128509521
