[%General]
Highest=159
CenterX=33.6778240079488
CenterY=279.967335279141
XWidth=47

[LeftLeg]
ThighAlpha=-0.0785398185253143
ThighTheta=0.169319659471512
LowerLegAlpha=-0.0499798804521561
LowerLegTheta=0.18291962146759

[RightLeg]
ThighAlpha=-0.0321299210190773
ThighTheta=0.123079754412174
LowerLegAlpha=-0.121379718184471
LowerLegTheta=-1.0097975730896
