[%General]
Highest=161
CenterX=42.7228880032671
CenterY=175.536775992452
XWidth=60

[LeftLeg]
ThighAlpha=-0.0606898590922356
ThighTheta=-0.424998998641968
LowerLegAlpha=-0.0142799615859985
LowerLegTheta=-0.348839163780212

[RightLeg]
ThighAlpha=0.103529766201973
ThighTheta=0.484838932752609
LowerLegAlpha=0.00713998824357986
LowerLegTheta=0.431799054145813
