[%General]
Highest=151
CenterX=30.9166501504477
CenterY=296.732725536477
XWidth=44

[LeftLeg]
ThighAlpha=-0.117809727787971
ThighTheta=-0.199239507317543
LowerLegAlpha=-0.0499798804521561
LowerLegTheta=0.139399722218513

[RightLeg]
ThighAlpha=-0.117809727787971
ThighTheta=0.74731832742691
LowerLegAlpha=0.021419957280159
LowerLegTheta=-0.371959120035172
