[%General]
Highest=162
CenterX=41.3253290204696
CenterY=103.871675843848
XWidth=62

[LeftLeg]
ThighAlpha=-0.117809727787971
ThighTheta=0.544678807258606
LowerLegAlpha=-0.121379718184471
LowerLegTheta=0.31891930103302

[RightLeg]
ThighAlpha=0.13922968506813
ThighTheta=-0.454918920993805
LowerLegAlpha=0.0999597758054733
LowerLegTheta=-0.491638839244843
