[%General]
Highest=160
CenterX=39.8153198315621
CenterY=21.8403181605508
XWidth=52

[LeftLeg]
ThighAlpha=0.046409897506237
ThighTheta=-0.454918920993805
LowerLegAlpha=-0.0999597683548927
LowerLegTheta=-0.0863597691059113

[RightLeg]
ThighAlpha=0.121379725635052
ThighTheta=0.305319339036942
LowerLegAlpha=0.0107099786400795
LowerLegTheta=0.46171897649765
