[%General]
Highest=165
CenterX=41.0929187166801
CenterY=87.8172187427193
XWidth=59

[LeftLeg]
ThighAlpha=-0.117809727787971
ThighTheta=0.454919010400772
LowerLegAlpha=-0.0285599306225777
LowerLegTheta=0.288999378681183

[RightLeg]
ThighAlpha=0.13922968506813
ThighTheta=-0.408679038286209
LowerLegAlpha=0.13922968506813
LowerLegTheta=-0.335239201784134
