[%General]
Highest=163
CenterX=40.7112657831292
CenterY=155.112317310705
XWidth=59

[LeftLeg]
ThighAlpha=-0.0785398185253143
ThighTheta=-0.318919241428375
LowerLegAlpha=-0.178499579429626
LowerLegTheta=-0.109479710459709

[RightLeg]
ThighAlpha=-0.00713998079299927
ThighTheta=0.46171897649765
LowerLegAlpha=-0.121379718184471
LowerLegTheta=0.169319659471512
