[%General]
Highest=159
CenterX=35.0422417955677
CenterY=275.658569073744
XWidth=50

[LeftLeg]
ThighAlpha=-0.117809727787971
ThighTheta=0.288999378681183
LowerLegAlpha=0.021419957280159
LowerLegTheta=0.199239581823349

[RightLeg]
ThighAlpha=-0.0464098900556564
ThighTheta=-0.109479710459709
LowerLegAlpha=0.00356999784708023
LowerLegTheta=-0.890117883682251
