[%General]
Highest=165
CenterX=41.3829561995501
CenterY=150.504712334407
XWidth=59

[LeftLeg]
ThighAlpha=-0.0999597683548927
ThighTheta=-0.265879362821579
LowerLegAlpha=-0.121379718184471
LowerLegTheta=-0.0496398508548737

[RightLeg]
ThighAlpha=0.0107099786400795
ThighTheta=0.424999058246613
LowerLegAlpha=-0.0856797993183136
LowerLegTheta=-0.0496398508548737
