[%General]
Highest=157
CenterX=37.4584532217281
CenterY=253.360746359752
XWidth=58

[LeftLeg]
ThighAlpha=-0.0392699092626572
ThighTheta=0.514758884906769
LowerLegAlpha=-0.0856797993183136
LowerLegTheta=0.46171897649765

[RightLeg]
ThighAlpha=0.0678298473358154
ThighTheta=-0.52155876159668
LowerLegAlpha=-0.0107099711894989
LowerLegTheta=-0.335239201784134
