[%General]
Highest=162
CenterX=38.684344524678
CenterY=13.4044815007817
XWidth=49

[LeftLeg]
ThighAlpha=-0.157079637050629
ThighTheta=-0.312119245529175
LowerLegAlpha=-0.121379718184471
LowerLegTheta=0.657558560371399

[RightLeg]
ThighAlpha=0.0321299284696579
ThighTheta=0.259079456329346
LowerLegAlpha=-0.0142799615859985
LowerLegTheta=0.0265199784189463
