[%General]
Highest=164
CenterX=38.983000808985
CenterY=47.5828264044295
XWidth=55

[LeftLeg]
ThighAlpha=-0.00356999039649963
ThighTheta=-0.259079366922379
LowerLegAlpha=0.00356999784708023
LowerLegTheta=-0.890117883682251

[RightLeg]
ThighAlpha=0.13922968506813
ThighTheta=0.229159519076347
LowerLegAlpha=0.103529766201973
LowerLegTheta=0.0863598436117172
