[%General]
Highest=165
CenterX=41.5968822999527
CenterY=146.041192726384
XWidth=59

[LeftLeg]
ThighAlpha=-0.0999597683548927
ThighTheta=-0.206039488315582
LowerLegAlpha=-0.121379718184471
LowerLegTheta=0.0632398948073387

[RightLeg]
ThighAlpha=0.0142799690365791
ThighTheta=0.371959179639816
LowerLegAlpha=-0.0142799615859985
LowerLegTheta=-0.358359158039093
