[%General]
Highest=159
CenterX=40.1158443277224
CenterY=26.0619270165571
XWidth=53

[LeftLeg]
ThighAlpha=0.00713998824357986
ThighTheta=-0.604518592357635
LowerLegAlpha=-0.103529758751392
LowerLegTheta=-0.109479710459709

[RightLeg]
ThighAlpha=0.13922968506813
ThighTheta=0.342039257287979
LowerLegAlpha=0.0642598569393158
LowerLegTheta=0.395079135894775
