[%General]
Highest=163
CenterX=41.23040094864
CenterY=119.988601497073
XWidth=61

[LeftLeg]
ThighAlpha=-0.117809727787971
ThighTheta=0.371959179639816
LowerLegAlpha=-0.121379718184471
LowerLegTheta=0.109479792416096

[RightLeg]
ThighAlpha=0.13922968506813
ThighTheta=0.282199382781982
LowerLegAlpha=0.13922968506813
LowerLegTheta=0.235959500074387
