[%General]
Highest=164
CenterX=41.623250476991
CenterY=227.36249983322
XWidth=60

[LeftLeg]
ThighAlpha=-0.024989940226078
ThighTheta=0.49163892865181
LowerLegAlpha=-0.0107099711894989
LowerLegTheta=-0.123079679906368

[RightLeg]
ThighAlpha=0.121379725635052
ThighTheta=-0.312119245529175
LowerLegAlpha=-0.00356999039649963
LowerLegTheta=0.0428399443626404
