[%General]
Highest=147
CenterX=29.4637521748695
CenterY=301.82783033018
XWidth=43

[LeftLeg]
ThighAlpha=-0.117809727787971
ThighTheta=-0.176119565963745
LowerLegAlpha=-0.082109808921814
LowerLegTheta=-0.0564398318529129

[RightLeg]
ThighAlpha=0.13922968506813
ThighTheta=-0.169319570064545
LowerLegAlpha=0.103529766201973
LowerLegTheta=-0.0863597691059113
