[%General]
Highest=163
CenterX=38.8358822394042
CenterY=38.50787379225
XWidth=54

[LeftLeg]
ThighAlpha=-0.00356999039649963
ThighTheta=-0.371959120035172
LowerLegAlpha=-0.0107099711894989
LowerLegTheta=-0.657558441162109

[RightLeg]
ThighAlpha=0.13922968506813
ThighTheta=0.342039257287979
LowerLegAlpha=0.103529766201973
LowerLegTheta=0.146199703216553
