[%General]
Highest=161
CenterX=42.8344325802913
CenterY=170.664116413724
XWidth=60

[LeftLeg]
ThighAlpha=-0.0642598494887352
ThighTheta=-0.431798994541168
LowerLegAlpha=0.00356999784708023
LowerLegTheta=-0.2522794008255

[RightLeg]
ThighAlpha=0.0499798879027367
ThighTheta=0.514758884906769
LowerLegAlpha=0.00356999784708023
LowerLegTheta=0.484838932752609
