[%General]
Highest=163
CenterX=38.7233118903465
CenterY=42.9863458627649
XWidth=55

[LeftLeg]
ThighAlpha=-0.00356999039649963
ThighTheta=-0.342039197683334
LowerLegAlpha=-0.0142799615859985
LowerLegTheta=-0.80715811252594

[RightLeg]
ThighAlpha=0.13922968506813
ThighTheta=0.342039257287979
LowerLegAlpha=0.103529766201973
LowerLegTheta=0.0564399100840092
