[%General]
Highest=156
CenterX=31.9928073981048
CenterY=290.629466834113
XWidth=45

[LeftLeg]
ThighAlpha=-0.13922968506813
ThighTheta=-0.116279698908329
LowerLegAlpha=-0.103529758751392
LowerLegTheta=0.212839543819427

[RightLeg]
ThighAlpha=-0.00356999039649963
ThighTheta=0.521558880805969
LowerLegAlpha=0.0285599380731583
LowerLegTheta=-0.67115843296051
