[%General]
Highest=167
CenterX=40.7019696676034
CenterY=74.8724803760054
XWidth=59

[LeftLeg]
ThighAlpha=-0.0107099711894989
ThighTheta=0.342039257287979
LowerLegAlpha=-0.0321299210190773
LowerLegTheta=-0.507958829402924

[RightLeg]
ThighAlpha=0.13922968506813
ThighTheta=-0.199239507317543
LowerLegAlpha=0.13922968506813
LowerLegTheta=-0.199239507317543
