[%General]
Highest=146
CenterX=36.7679128489065
CenterY=103.134842471459
XWidth=45

[LeftLeg]
ThighAlpha=-0.0392699092626572
ThighTheta=-0.510508835315704
LowerLegAlpha=-0.0392699092626572
LowerLegTheta=-0.471238911151886

[RightLeg]
ThighAlpha=0.0392699092626572
ThighTheta=0.589048624038696
LowerLegAlpha=0.0392699092626572
LowerLegTheta=0.117809727787971
