[%General]
Highest=147
CenterX=28.5342625950167
CenterY=213.330875002358
XWidth=49

[LeftLeg]
ThighAlpha=-0.0785398185253143
ThighTheta=-0.196349546313286
LowerLegAlpha=-0.0981747731566429
LowerLegTheta=-0.0392699092626572

[RightLeg]
ThighAlpha=0.0196349546313286
ThighTheta=0.510508835315704
LowerLegAlpha=0.0589048638939857
LowerLegTheta=-0.0785398185253143
