[%General]
Highest=146
CenterX=36.3783792854626
CenterY=94.9267339027706
XWidth=44

[LeftLeg]
ThighAlpha=-0.0589048638939857
ThighTheta=-0.510508835315704
LowerLegAlpha=-0.0589048638939857
LowerLegTheta=-0.353429168462753

[RightLeg]
ThighAlpha=0
ThighTheta=0.628318548202515
LowerLegAlpha=0.0392699092626572
LowerLegTheta=0.314159274101257
