[%General]
Highest=147
CenterX=37.0528323232323
CenterY=107.652202020202
XWidth=46

[LeftLeg]
ThighAlpha=-0.0392699092626572
ThighTheta=-0.431968986988068
LowerLegAlpha=0
LowerLegTheta=-0.667588412761688

[RightLeg]
ThighAlpha=0.0392699092626572
ThighTheta=0.549778699874878
LowerLegAlpha=0.0589048638939857
LowerLegTheta=0.0785398185253143
