[%General]
Highest=147
CenterX=36.507704013696
CenterY=90.7024602117811
XWidth=44

[LeftLeg]
ThighAlpha=-0.0392699092626572
ThighTheta=-0.471238911151886
LowerLegAlpha=-0.0589048638939857
LowerLegTheta=-0.274889349937439

[RightLeg]
ThighAlpha=0
ThighTheta=0.589048624038696
LowerLegAlpha=0.0196349546313286
LowerLegTheta=0.431968986988068
