[%General]
Highest=150
CenterX=34.7494985194383
CenterY=139.238243066832
XWidth=52

[LeftLeg]
ThighAlpha=-0.0981747731566429
ThighTheta=0.431968986988068
LowerLegAlpha=-0.0392699092626572
LowerLegTheta=-0.510508835315704

[RightLeg]
ThighAlpha=0.0785398185253143
ThighTheta=-0.117809727787971
LowerLegAlpha=0.0589048638939857
LowerLegTheta=-0.0392699092626572
