[%General]
Highest=149
CenterX=46.9710156081643
CenterY=290.006649632115
XWidth=45

[LeftLeg]
ThighAlpha=-0.157079637050629
ThighTheta=0.0364932715892792
LowerLegAlpha=-0.157079637050629
LowerLegTheta=0.176119610667229

[RightLeg]
ThighAlpha=0.13922968506813
ThighTheta=0.0364932715892792
LowerLegAlpha=-0.0606898590922356
LowerLegTheta=0.106306441128254
