[%General]
Highest=158
CenterX=48.3969149288315
CenterY=249.989539887454
XWidth=51

[LeftLeg]
ThighAlpha=-0.0999597683548927
ThighTheta=0.537878811359406
LowerLegAlpha=-0.13922968506813
LowerLegTheta=0.534705460071564

[RightLeg]
ThighAlpha=0.103529766201973
ThighTheta=-0.531532108783722
LowerLegAlpha=0.121379725635052
LowerLegTheta=-0.322092592716217
