[%General]
Highest=161
CenterX=45.005833118548
CenterY=176.304936446139
XWidth=61

[LeftLeg]
ThighAlpha=-0.0606898590922356
ThighTheta=-0.461718916893005
LowerLegAlpha=0.00356999784708023
LowerLegTheta=-0.365159124135971

[RightLeg]
ThighAlpha=0.0678298473358154
ThighTheta=0.484838932752609
LowerLegAlpha=0.0428399071097374
LowerLegTheta=0.431799054145813
