[%General]
Highest=162
CenterX=43.2900929028328
CenterY=158.89319981724
XWidth=59

[LeftLeg]
ThighAlpha=-0.0606898590922356
ThighTheta=-0.388732433319092
LowerLegAlpha=-0.0856797993183136
LowerLegTheta=-0.112653076648712

[RightLeg]
ThighAlpha=-0.00356999039649963
ThighTheta=0.46171897649765
LowerLegAlpha=0.00356999784708023
LowerLegTheta=0.249106109142303
