[%General]
Highest=139
CenterX=45.3581303666901
CenterY=302.157233893179
XWidth=42

[LeftLeg]
ThighAlpha=-0.157079637050629
ThighTheta=-0.0632398128509521
LowerLegAlpha=-0.157079637050629
LowerLegTheta=-0.169319570064545

[RightLeg]
ThighAlpha=0.13922968506813
ThighTheta=-0.139399647712708
LowerLegAlpha=-0.0428398996591568
LowerLegTheta=-0.0863597691059113
