[%General]
Highest=162
CenterX=47.1511653794119
CenterY=202.332693987293
XWidth=57

[LeftLeg]
ThighAlpha=0.0142799690365791
ThighTheta=0.0333199352025986
LowerLegAlpha=0.00356999784708023
LowerLegTheta=-1.09955739974976

[RightLeg]
ThighAlpha=0.13922968506813
ThighTheta=0.31891930103302
LowerLegAlpha=0.0249899476766586
LowerLegTheta=-0.0333198979496956
