[%General]
Highest=162
CenterX=43.8261538625944
CenterY=54.4987764087329
XWidth=56

[LeftLeg]
ThighAlpha=0.0142799690365791
ThighTheta=-0.176119565963745
LowerLegAlpha=0.00356999784708023
LowerLegTheta=-0.820304751396179

[RightLeg]
ThighAlpha=0.121379725635052
ThighTheta=0.0364932715892792
LowerLegAlpha=0.0856798067688942
LowerLegTheta=0.103133104741573
