[%General]
Highest=158
CenterX=48.3969149288315
CenterY=249.989539887454
XWidth=51

[LeftLeg]
ThighAlpha=-0.117809727787971
ThighTheta=0.537878811359406
LowerLegAlpha=-0.13922968506813
LowerLegTheta=0.514758884906769

[RightLeg]
ThighAlpha=0.103529766201973
ThighTheta=-0.52155876159668
LowerLegAlpha=0.13922968506813
LowerLegTheta=-0.312119245529175
