[%General]
Highest=165
CenterX=44.5694692825584
CenterY=82.32873974332
XWidth=59

[LeftLeg]
ThighAlpha=-0.0392699092626572
ThighTheta=0.392699092626572
LowerLegAlpha=0.0392699092626572
LowerLegTheta=-0.0392699092626572

[RightLeg]
ThighAlpha=0.0981747731566429
ThighTheta=-0.353429168462753
LowerLegAlpha=0.0981747731566429
LowerLegTheta=-0.157079637050629
