[%General]
Highest=162
CenterX=47.3122247351506
CenterY=196.981702858503
XWidth=61

[LeftLeg]
ThighAlpha=0.0107099786400795
ThighTheta=-0.182466238737106
LowerLegAlpha=-0.0142799615859985
LowerLegTheta=-0.956757783889771

[RightLeg]
ThighAlpha=0.13922968506813
ThighTheta=0.322092622518539
LowerLegAlpha=0.0428399071097374
LowerLegTheta=0.106306441128254
