[%General]
Highest=159
CenterX=44.4381883629721
CenterY=23.5867001558051
XWidth=53

[LeftLeg]
ThighAlpha=0.103529766201973
ThighTheta=-0.607691943645477
LowerLegAlpha=-0.103529758751392
LowerLegTheta=-0.0333198979496956

[RightLeg]
ThighAlpha=0.0856798067688942
ThighTheta=0.322092622518539
LowerLegAlpha=0.00713998824357986
LowerLegTheta=0.46489229798317
