[%General]
Highest=159
CenterX=44.2467236327526
CenterY=27.3308855079748
XWidth=54

[LeftLeg]
ThighAlpha=0.046409897506237
ThighTheta=-0.597718596458435
LowerLegAlpha=-0.121379718184471
LowerLegTheta=-0.146199628710747

[RightLeg]
ThighAlpha=0.0856798067688942
ThighTheta=0.371959179639816
LowerLegAlpha=0.0821098163723946
LowerLegTheta=0.312119334936142
