[%General]
Highest=145
CenterX=45.8052551336414
CenterY=299.712754299871
XWidth=44

[LeftLeg]
ThighAlpha=-0.157079637050629
ThighTheta=-0.106306403875351
LowerLegAlpha=-0.196349546313286
LowerLegTheta=-0.0364932343363762

[RightLeg]
ThighAlpha=0.13922968506813
ThighTheta=-0.0364932343363762
LowerLegAlpha=-0.0428398996591568
LowerLegTheta=-0.106306403875351
