[%General]
Highest=154
CenterX=48.4372911704049
CenterY=271.46635545395
XWidth=51

[LeftLeg]
ThighAlpha=-0.117809727787971
ThighTheta=0.454919010400772
LowerLegAlpha=-0.13922968506813
LowerLegTheta=0.259079456329346

[RightLeg]
ThighAlpha=0.0678298473358154
ThighTheta=-0.288999319076538
LowerLegAlpha=0.0606898665428162
LowerLegTheta=-0.890117883682251
