[%General]
Highest=163
CenterX=44.3887681985669
CenterY=90.350036607175
XWidth=57

[LeftLeg]
ThighAlpha=-0.0464098900556564
ThighTheta=0.391905784606934
LowerLegAlpha=-0.0678298398852348
LowerLegTheta=0.388732463121414

[RightLeg]
ThighAlpha=0.13922968506813
ThighTheta=-0.391905754804611
LowerLegAlpha=0.0821098163723946
LowerLegTheta=-0.391905754804611
