[%General]
Highest=160
CenterX=43.9760749048361
CenterY=107.200022992617
XWidth=60

[LeftLeg]
ThighAlpha=-0.0999597683548927
ThighTheta=0.534705460071564
LowerLegAlpha=-0.0678298398852348
LowerLegTheta=0.249106109142303

[RightLeg]
ThighAlpha=0.13922968506813
ThighTheta=-0.461718916893005
LowerLegAlpha=0.0606898665428162
LowerLegTheta=-0.537878751754761
