[%General]
Highest=163
CenterX=48.395193989248
CenterY=228.879202020856
XWidth=56

[LeftLeg]
ThighAlpha=-0.024989940226078
ThighTheta=0.534705460071564
LowerLegAlpha=0.00356999784708023
LowerLegTheta=-0.2522794008255

[RightLeg]
ThighAlpha=0.121379725635052
ThighTheta=-0.249106079339981
LowerLegAlpha=0.0606898665428162
LowerLegTheta=-0.0364932343363762
