[%General]
Highest=161
CenterX=47.9674575812884
CenterY=232.722314608261
XWidth=55

[LeftLeg]
ThighAlpha=-0.0606898590922356
ThighTheta=0.607692003250122
LowerLegAlpha=-0.0321299210190773
LowerLegTheta=-0.0396665707230568

[RightLeg]
ThighAlpha=0.103529766201973
ThighTheta=-0.322092592716217
LowerLegAlpha=0.0856798067688942
LowerLegTheta=-0.0999597311019897
