[%General]
Highest=153
CenterX=48.0599214145383
CenterY=277.119413064833
XWidth=49

[LeftLeg]
ThighAlpha=-0.0981747731566429
ThighTheta=0.353429168462753
LowerLegAlpha=-0.0785398185253143
LowerLegTheta=0.235619455575943

[RightLeg]
ThighAlpha=0.0981747731566429
ThighTheta=0.353429168462753
LowerLegAlpha=0.0981747731566429
LowerLegTheta=0.196349546313286
