[%General]
Highest=162
CenterX=43.8261538625944
CenterY=54.4987764087329
XWidth=56

[LeftLeg]
ThighAlpha=0.0142799690365791
ThighTheta=-0.146199628710747
LowerLegAlpha=0.00356999784708023
LowerLegTheta=-0.860197961330414

[RightLeg]
ThighAlpha=0.13922968506813
ThighTheta=0.0863598436117172
LowerLegAlpha=0.0856798067688942
LowerLegTheta=0.0333199612796307
