[%General]
Highest=158
CenterX=48.2956668379379
CenterY=246.189847568607
XWidth=51

[LeftLeg]
ThighAlpha=-0.0785398185253143
ThighTheta=0.510508835315704
LowerLegAlpha=-0.0981747731566429
LowerLegTheta=0.589048624038696

[RightLeg]
ThighAlpha=0.0981747731566429
ThighTheta=-0.510508835315704
LowerLegAlpha=0.0981747731566429
LowerLegTheta=-0.274889349937439
