[%General]
Highest=164
CenterX=43.8104652009697
CenterY=63.3652623583639
XWidth=57

[LeftLeg]
ThighAlpha=0.0107099786400795
ThighTheta=0.103133104741573
LowerLegAlpha=-0.0142799615859985
LowerLegTheta=-0.67115843296051

[RightLeg]
ThighAlpha=0.13922968506813
ThighTheta=-0.0333198979496956
LowerLegAlpha=0.13922968506813
LowerLegTheta=-0.112653076648712
