[%General]
Highest=164
CenterX=48.6294004298525
CenterY=220.898342350355
XWidth=56

[LeftLeg]
ThighAlpha=-0.0642598494887352
ThighTheta=0.252279460430145
LowerLegAlpha=-0.121379718184471
LowerLegTheta=-0.391905754804611

[RightLeg]
ThighAlpha=0.103529766201973
ThighTheta=-0.106306403875351
LowerLegAlpha=0.13922968506813
LowerLegTheta=0.0333199352025986
