[%General]
Highest=160
CenterX=43.763412424756
CenterY=13.9053094500614
XWidth=50

[LeftLeg]
ThighAlpha=0.0285599380731583
ThighTheta=-0.395079076290131
LowerLegAlpha=0.00713998824357986
LowerLegTheta=0.0396666079759598

[RightLeg]
ThighAlpha=0.0856798067688942
ThighTheta=0.249106109142303
LowerLegAlpha=-0.0999597683548927
LowerLegTheta=0.103133104741573
