[%General]
Highest=162
CenterX=43.6637295081967
CenterY=58.7477135461605
XWidth=56

[LeftLeg]
ThighAlpha=0.0285599380731583
ThighTheta=0.103133104741573
LowerLegAlpha=0.00356999784708023
LowerLegTheta=-0.956757783889771

[RightLeg]
ThighAlpha=0.13922968506813
ThighTheta=0.0364932715892792
LowerLegAlpha=0.0856798067688942
LowerLegTheta=-0.0364932343363762
