[%General]
Highest=152
CenterX=47.3536870882836
CenterY=282.183489173586
XWidth=48

[LeftLeg]
ThighAlpha=-0.157079637050629
ThighTheta=0.235959500074387
LowerLegAlpha=-0.157079637050629
LowerLegTheta=0.215559557080269

[RightLeg]
ThighAlpha=0.13922968506813
ThighTheta=0.342039257287979
LowerLegAlpha=0.00356999784708023
LowerLegTheta=0.0265199784189463
