[%General]
Highest=160
CenterX=44.0793064903006
CenterY=31.822337626045
XWidth=53

[LeftLeg]
ThighAlpha=0.0392699092626572
ThighTheta=-0.589048624038696
LowerLegAlpha=-0.0785398185253143
LowerLegTheta=-0.274889349937439

[RightLeg]
ThighAlpha=0.0981747731566429
ThighTheta=0.392699092626572
LowerLegAlpha=0.0981747731566429
LowerLegTheta=0.235619455575943
