[%General]
Highest=163
CenterX=47.2804541221055
CenterY=207.092671098693
XWidth=55

[LeftLeg]
ThighAlpha=0.0285599380731583
ThighTheta=0.152999684214592
LowerLegAlpha=-0.0142799615859985
LowerLegTheta=-1.09955739974976

[RightLeg]
ThighAlpha=0.13922968506813
ThighTheta=0.229159519076347
LowerLegAlpha=0.0249899476766586
LowerLegTheta=-0.0931597501039505
