[%General]
Highest=161
CenterX=45.9129588471986
CenterY=181.182449412414
XWidth=61

[LeftLeg]
ThighAlpha=-0.0285599306225777
ThighTheta=-0.461718916893005
LowerLegAlpha=-0.0142799615859985
LowerLegTheta=-0.468065589666367

[RightLeg]
ThighAlpha=0.13922968506813
ThighTheta=0.46489229798317
LowerLegAlpha=0.021419957280159
LowerLegTheta=0.388732463121414
