[%General]
Highest=160
CenterX=43.9760749048361
CenterY=107.200022992617
XWidth=60

[LeftLeg]
ThighAlpha=-0.117809727787971
ThighTheta=0.544678807258606
LowerLegAlpha=-0.0321299210190773
LowerLegTheta=0.259079456329346

[RightLeg]
ThighAlpha=0.13922968506813
ThighTheta=-0.431798994541168
LowerLegAlpha=0.0606898665428162
LowerLegTheta=-0.567798674106598
