[%General]
Highest=151
CenterX=47.0149717385704
CenterY=286.475004167235
XWidth=45

[LeftLeg]
ThighAlpha=-0.157079637050629
ThighTheta=0.0333199352025986
LowerLegAlpha=-0.13922968506813
LowerLegTheta=0.328439295291901

[RightLeg]
ThighAlpha=0.13922968506813
ThighTheta=0.249106109142303
LowerLegAlpha=-0.0107099711894989
LowerLegTheta=-0.0333198979496956
