[%General]
Highest=159
CenterX=43.4585527860713
CenterY=36.0850637950507
XWidth=52

[LeftLeg]
ThighAlpha=0.0285599380731583
ThighTheta=-0.461718916893005
LowerLegAlpha=0.00356999784708023
LowerLegTheta=-0.537878751754761

[RightLeg]
ThighAlpha=0.103529766201973
ThighTheta=0.391905784606934
LowerLegAlpha=0.0642598569393158
LowerLegTheta=0.109479777514935
