[%General]
Highest=156
CenterX=48.2592141568912
CenterY=265.116334992986
XWidth=52

[LeftLeg]
ThighAlpha=-0.157079637050629
ThighTheta=0.514758884906769
LowerLegAlpha=-0.13922968506813
LowerLegTheta=0.342039257287979

[RightLeg]
ThighAlpha=0.0856798067688942
ThighTheta=-0.37875908613205
LowerLegAlpha=0.0606898665428162
LowerLegTheta=-0.710598349571228
