[%General]
Highest=163
CenterX=43.4300556638297
CenterY=119.234937816351
XWidth=60

[LeftLeg]
ThighAlpha=-0.0428398996591568
ThighTheta=0.391905784606934
LowerLegAlpha=-0.13922968506813
LowerLegTheta=0.106306441128254

[RightLeg]
ThighAlpha=0.13922968506813
ThighTheta=-0.318919241428375
LowerLegAlpha=0.0249899476766586
LowerLegTheta=-0.820304751396179
