[%General]
Highest=160
CenterX=44.360997581116
CenterY=20.0337114577251
XWidth=52

[LeftLeg]
ThighAlpha=0.0321299284696579
ThighTheta=-0.747318267822266
LowerLegAlpha=0.00356999784708023
LowerLegTheta=0.391905784606934

[RightLeg]
ThighAlpha=0.103529766201973
ThighTheta=0.315745949745178
LowerLegAlpha=-0.0678298398852348
LowerLegTheta=0.398252457380295
