[%General]
Highest=165
CenterX=43.5629548615331
CenterY=136.540594915002
XWidth=57

[LeftLeg]
ThighAlpha=-0.0606898590922356
ThighTheta=0.0364932715892792
LowerLegAlpha=-0.103529758751392
LowerLegTheta=0.0333199352025986

[RightLeg]
ThighAlpha=0.13922968506813
ThighTheta=0.31891930103302
LowerLegAlpha=-0.00713998079299927
LowerLegTheta=-0.956757783889771
