[%General]
Highest=160
CenterX=44.360997581116
CenterY=20.0337114577251
XWidth=52

[LeftLeg]
ThighAlpha=0.0499798879027367
ThighTheta=-0.717398345470428
LowerLegAlpha=-0.0499798804521561
LowerLegTheta=0.342039257287979

[RightLeg]
ThighAlpha=0.0678298473358154
ThighTheta=0.295799374580383
LowerLegAlpha=-0.0142799615859985
LowerLegTheta=0.418199092149734
