[%General]
Highest=164
CenterX=47.691417750901
CenterY=216.289194307006
XWidth=56

[LeftLeg]
ThighAlpha=-0.0392699092626572
ThighTheta=0.146199703216553
LowerLegAlpha=-0.103529758751392
LowerLegTheta=-0.371959120035172

[RightLeg]
ThighAlpha=0.13922968506813
ThighTheta=0.0564399100840092
LowerLegAlpha=0.13922968506813
LowerLegTheta=-0.146199628710747
