[%General]
Highest=161
CenterX=47.7617507461313
CenterY=237.072693566836
XWidth=54

[LeftLeg]
ThighAlpha=-0.117809727787971
ThighTheta=0.544678807258606
LowerLegAlpha=-0.0142799615859985
LowerLegTheta=0.259079456329346

[RightLeg]
ThighAlpha=0.103529766201973
ThighTheta=-0.401879042387009
LowerLegAlpha=0.0999597758054733
LowerLegTheta=-0.146199628710747
