[%General]
Highest=161
CenterX=43.9894604630843
CenterY=112.783980449978
XWidth=61

[LeftLeg]
ThighAlpha=-0.0785398185253143
ThighTheta=0.49163892865181
LowerLegAlpha=-0.103529758751392
LowerLegTheta=0.139399722218513

[RightLeg]
ThighAlpha=0.13922968506813
ThighTheta=-0.342039197683334
LowerLegAlpha=0.0999597758054733
LowerLegTheta=-0.747318267822266
