[%General]
Highest=165
CenterX=43.4540487055661
CenterY=128.531729505413
XWidth=58

[LeftLeg]
ThighAlpha=-0.0999597683548927
ThighTheta=0.229159519076347
LowerLegAlpha=-0.0285599306225777
LowerLegTheta=0.0265199784189463

[RightLeg]
ThighAlpha=0.121379725635052
ThighTheta=0.00340002961456776
LowerLegAlpha=0.00713998824357986
LowerLegTheta=-1.03971755504608
