[%General]
Highest=147
CenterX=46.2430988970513
CenterY=296.954204096667
XWidth=44

[LeftLeg]
ThighAlpha=-0.157079637050629
ThighTheta=-0.0863597691059113
LowerLegAlpha=-0.157079637050629
LowerLegTheta=0.0564399100840092

[RightLeg]
ThighAlpha=-0.0642598494887352
ThighTheta=0.60451865196228
LowerLegAlpha=0.0499798879027367
LowerLegTheta=-0.567798674106598
