[%General]
Highest=146
CenterX=46.5301262088182
CenterY=293.377282412719
XWidth=45

[LeftLeg]
ThighAlpha=-0.0981747731566429
ThighTheta=0.0392699092626572
LowerLegAlpha=-0.0981747731566429
LowerLegTheta=0

[RightLeg]
ThighAlpha=0.0392699092626572
ThighTheta=0.353429168462753
LowerLegAlpha=0.0392699092626572
LowerLegTheta=-0.353429168462753
