[%General]
Highest=160
CenterX=44.3126132325885
CenterY=16.8979677822564
XWidth=51

[LeftLeg]
ThighAlpha=0.0499798879027367
ThighTheta=-0.484838873147964
LowerLegAlpha=0.0249899476766586
LowerLegTheta=0.0863598436117172

[RightLeg]
ThighAlpha=0.0856798067688942
ThighTheta=0.229159519076347
LowerLegAlpha=-0.0678298398852348
LowerLegTheta=0.371959179639816
