[%General]
Highest=161
CenterX=46.3306238385181
CenterY=186.060872981099
XWidth=61

[LeftLeg]
ThighAlpha=-0.0214199498295784
ThighTheta=-0.325265914201736
LowerLegAlpha=0.00356999784708023
LowerLegTheta=-0.744144916534424

[RightLeg]
ThighAlpha=0.13922968506813
ThighTheta=0.46489229798317
LowerLegAlpha=0.0249899476766586
LowerLegTheta=0.249106109142303
