[%General]
Highest=149
CenterX=46.9710156081643
CenterY=290.006649632115
XWidth=45

[LeftLeg]
ThighAlpha=-0.157079637050629
ThighTheta=0.00340002961456776
LowerLegAlpha=-0.157079637050629
LowerLegTheta=0.215559557080269

[RightLeg]
ThighAlpha=0.13922968506813
ThighTheta=0.0863598436117172
LowerLegAlpha=-0.0785398185253143
LowerLegTheta=-0.00339995324611664
