[%General]
Highest=159
CenterX=44.2467236327526
CenterY=27.3308855079748
XWidth=54

[LeftLeg]
ThighAlpha=0
ThighTheta=-0.589048624038696
LowerLegAlpha=-0.0589048638939857
LowerLegTheta=-0.157079637050629

[RightLeg]
ThighAlpha=0.0981747731566429
ThighTheta=0.353429168462753
LowerLegAlpha=0.0589048638939857
LowerLegTheta=0.353429168462753
