[%General]
Highest=163
CenterX=43.5678818078503
CenterY=124.076288719876
XWidth=59

[LeftLeg]
ThighAlpha=-0.117809727787971
ThighTheta=0.322092622518539
LowerLegAlpha=-0.0142799615859985
LowerLegTheta=0.106306441128254

[RightLeg]
ThighAlpha=0.13922968506813
ThighTheta=-0.179292917251587
LowerLegAlpha=0.0249899476766586
LowerLegTheta=-0.959931075572968
