[%General]
Highest=160
CenterX=43.0659613086015
CenterY=40.8683097968038
XWidth=53

[LeftLeg]
ThighAlpha=0.0321299284696579
ThighTheta=-0.395079076290131
LowerLegAlpha=0.00713998824357986
LowerLegTheta=-0.747318267822266

[RightLeg]
ThighAlpha=0.103529766201973
ThighTheta=0.391905784606934
LowerLegAlpha=0.0642598569393158
LowerLegTheta=0.0364932715892792
