[%General]
Highest=159
CenterX=44.2467236327526
CenterY=27.3308855079748
XWidth=54

[LeftLeg]
ThighAlpha=-0.024989940226078
ThighTheta=-0.607691943645477
LowerLegAlpha=-0.0321299210190773
LowerLegTheta=-0.106306403875351

[RightLeg]
ThighAlpha=0.0856798067688942
ThighTheta=0.391905784606934
LowerLegAlpha=0.0821098163723946
LowerLegTheta=0.322092622518539
