[%General]
Highest=165
CenterX=44.5694692825584
CenterY=82.32873974332
XWidth=59

[LeftLeg]
ThighAlpha=-0.024989940226078
ThighTheta=0.46489229798317
LowerLegAlpha=-0.0142799615859985
LowerLegTheta=-0.255452752113342

[RightLeg]
ThighAlpha=0.13922968506813
ThighTheta=-0.322092592716217
LowerLegAlpha=0.0821098163723946
LowerLegTheta=-0.249106079339981
