[%General]
Highest=166
CenterX=43.4347752903552
CenterY=132.876479829434
XWidth=59

[LeftLeg]
ThighAlpha=-0.0999597683548927
ThighTheta=0.172946274280548
LowerLegAlpha=-0.0499798804521561
LowerLegTheta=-0.030146561563015

[RightLeg]
ThighAlpha=0.13922968506813
ThighTheta=0.176119610667229
LowerLegAlpha=-0.0606898590922356
LowerLegTheta=-1.09955739974976
