[%General]
Highest=161
CenterX=43.4745762711864
CenterY=45.5555268038125
XWidth=55

[LeftLeg]
ThighAlpha=0.0142799690365791
ThighTheta=-0.322092592716217
LowerLegAlpha=-0.0142799615859985
LowerLegTheta=-0.886944591999054

[RightLeg]
ThighAlpha=0.13922968506813
ThighTheta=0.31891930103302
LowerLegAlpha=0.0642598569393158
LowerLegTheta=-0.0333198979496956
