[%General]
Highest=156
CenterX=48.3528563227696
CenterY=259.017295435477
XWidth=52

[LeftLeg]
ThighAlpha=-0.13922968506813
ThighTheta=0.537878811359406
LowerLegAlpha=-0.117809727787971
LowerLegTheta=0.531532108783722

[RightLeg]
ThighAlpha=0.103529766201973
ThighTheta=-0.464892268180847
LowerLegAlpha=0.0999597758054733
LowerLegTheta=-0.531532108783722
