[%General]
Highest=146
CenterX=46.5301262088182
CenterY=293.377282412719
XWidth=45

[LeftLeg]
ThighAlpha=-0.157079637050629
ThighTheta=-0.0364932343363762
LowerLegAlpha=-0.157079637050629
LowerLegTheta=0.179292947053909

[RightLeg]
ThighAlpha=0.0499798879027367
ThighTheta=0.322092622518539
LowerLegAlpha=0.00713998824357986
LowerLegTheta=-0.322092592716217
