[%General]
Highest=165
CenterX=42.9960417267967
CenterY=145.628843167168
XWidth=58

[LeftLeg]
ThighAlpha=-0.0642598494887352
ThighTheta=-0.106306403875351
LowerLegAlpha=-0.13922968506813
LowerLegTheta=-0.0396665707230568

[RightLeg]
ThighAlpha=0.0321299284696579
ThighTheta=0.322092622518539
LowerLegAlpha=0.13922968506813
LowerLegTheta=-0.461718916893005
