[%General]
Highest=163
CenterX=47.684589229532
CenterY=211.71898587734
XWidth=55

[LeftLeg]
ThighAlpha=-0.024989940226078
ThighTheta=0.259079456329346
LowerLegAlpha=-0.0321299210190773
LowerLegTheta=-1.09955739974976

[RightLeg]
ThighAlpha=0.13922968506813
ThighTheta=0.116279773414135
LowerLegAlpha=0.0321299284696579
LowerLegTheta=-0.0265199020504951
