[%General]
Highest=164
CenterX=44.9259306060127
CenterY=68.4261885957985
XWidth=56

[LeftLeg]
ThighAlpha=0.0285599380731583
ThighTheta=0.259079456329346
LowerLegAlpha=-0.0499798804521561
LowerLegTheta=-0.830278038978577

[RightLeg]
ThighAlpha=0.13922968506813
ThighTheta=-0.0564398318529129
LowerLegAlpha=0.13922968506813
LowerLegTheta=-0.229159444570541
