[%General]
Highest=165
CenterX=43.4540487055661
CenterY=128.531729505413
XWidth=58

[LeftLeg]
ThighAlpha=-0.082109808921814
ThighTheta=0.249106109142303
LowerLegAlpha=-0.0464098900556564
LowerLegTheta=0.0364932715892792

[RightLeg]
ThighAlpha=0.121379725635052
ThighTheta=0.0333199352025986
LowerLegAlpha=0.00713998824357986
LowerLegTheta=-1.09955739974976
