[%General]
Highest=165
CenterX=44.929504588573
CenterY=78.0083147773931
XWidth=57

[LeftLeg]
ThighAlpha=0.0107099786400795
ThighTheta=0.322092622518539
LowerLegAlpha=0.0249899476766586
LowerLegTheta=-0.255452752113342

[RightLeg]
ThighAlpha=0.13922968506813
ThighTheta=-0.249106079339981
LowerLegAlpha=0.0999597758054733
LowerLegTheta=-0.2459327429533
