[%General]
Highest=163
CenterX=48.370957840005
CenterY=225.056969241371
XWidth=57

[LeftLeg]
ThighAlpha=-0.0642598494887352
ThighTheta=0.531532108783722
LowerLegAlpha=0.021419957280159
LowerLegTheta=-0.67115843296051

[RightLeg]
ThighAlpha=0.103529766201973
ThighTheta=-0.179292917251587
LowerLegAlpha=0.13922968506813
LowerLegTheta=-0.0333198979496956
