[%General]
Highest=164
CenterX=44.6057596201899
CenterY=86.3088330834583
XWidth=59

[LeftLeg]
ThighAlpha=-0.0606898590922356
ThighTheta=0.46489229798317
LowerLegAlpha=0.00356999784708023
LowerLegTheta=0.103133104741573

[RightLeg]
ThighAlpha=0.13922968506813
ThighTheta=-0.391905754804611
LowerLegAlpha=0.0642598569393158
LowerLegTheta=-0.2459327429533
