[%General]
Highest=157
CenterX=48.5738936199916
CenterY=254.017813765182
XWidth=52

[LeftLeg]
ThighAlpha=-0.0999597683548927
ThighTheta=0.60451865196228
LowerLegAlpha=-0.13922968506813
LowerLegTheta=0.46489229798317

[RightLeg]
ThighAlpha=0.121379725635052
ThighTheta=-0.461718916893005
LowerLegAlpha=0.0999597758054733
LowerLegTheta=-0.468065589666367
