[%General]
Highest=153
CenterX=48.0599214145383
CenterY=277.119413064833
XWidth=49

[LeftLeg]
ThighAlpha=-0.117809727787971
ThighTheta=0.322092622518539
LowerLegAlpha=-0.121379718184471
LowerLegTheta=0.249106109142303

[RightLeg]
ThighAlpha=0.0142799690365791
ThighTheta=-0.0396665707230568
LowerLegAlpha=0.021419957280159
LowerLegTheta=-1.09955739974976
