[%General]
Highest=156
CenterX=48.2592141568912
CenterY=265.116334992986
XWidth=52

[LeftLeg]
ThighAlpha=-0.13922968506813
ThighTheta=0.534705460071564
LowerLegAlpha=-0.13922968506813
LowerLegTheta=0.322092622518539

[RightLeg]
ThighAlpha=0.103529766201973
ThighTheta=-0.388732433319092
LowerLegAlpha=0.0428399071097374
LowerLegTheta=-0.680678427219391
