[%General]
Highest=160
CenterX=44.3126132325885
CenterY=16.8979677822564
XWidth=51

[LeftLeg]
ThighAlpha=0.0499798879027367
ThighTheta=-0.464892268180847
LowerLegAlpha=-0.0107099711894989
LowerLegTheta=0.0364932715892792

[RightLeg]
ThighAlpha=0.103529766201973
ThighTheta=0.249106109142303
LowerLegAlpha=-0.103529758751392
LowerLegTheta=0.322092622518539
