[%General]
Highest=162
CenterX=42.9435847555045
CenterY=155.161767492389
XWidth=59

[LeftLeg]
ThighAlpha=-0.082109808921814
ThighTheta=-0.318919241428375
LowerLegAlpha=-0.0678298398852348
LowerLegTheta=-0.112653076648712

[RightLeg]
ThighAlpha=-0.00356999039649963
ThighTheta=0.395079135894775
LowerLegAlpha=0.00356999784708023
LowerLegTheta=0.030146598815918
