[%General]
Highest=161
CenterX=45.6458948123225
CenterY=170.77104994622
XWidth=61

[LeftLeg]
ThighAlpha=-0.0428398996591568
ThighTheta=-0.464892268180847
LowerLegAlpha=0.00356999784708023
LowerLegTheta=-0.2459327429533

[RightLeg]
ThighAlpha=0.0856798067688942
ThighTheta=0.534705460071564
LowerLegAlpha=0.00356999784708023
LowerLegTheta=0.46489229798317
