[%General]
Highest=164
CenterX=47.691417750901
CenterY=216.289194307006
XWidth=56

[LeftLeg]
ThighAlpha=-0.0392699092626572
ThighTheta=0.245932787656784
LowerLegAlpha=-0.0321299210190773
LowerLegTheta=-0.67115843296051

[RightLeg]
ThighAlpha=0.13922968506813
ThighTheta=0.0364932715892792
LowerLegAlpha=0.103529766201973
LowerLegTheta=-0.0396665707230568
