[%General]
Highest=145
CenterX=45.8052551336414
CenterY=299.712754299871
XWidth=44

[LeftLeg]
ThighAlpha=-0.0981747731566429
ThighTheta=-0.0392699092626572
LowerLegAlpha=-0.0981747731566429
LowerLegTheta=-0.0392699092626572

[RightLeg]
ThighAlpha=0.0981747731566429
ThighTheta=-0.0392699092626572
LowerLegAlpha=0
LowerLegTheta=-0.117809727787971
