[%General]
Highest=166
CenterX=43.4123530988558
CenterY=141.186735514454
XWidth=58

[LeftLeg]
ThighAlpha=-0.0606898590922356
ThighTheta=-0.0333198979496956
LowerLegAlpha=-0.157079637050629
LowerLegTheta=0.030146598815918

[RightLeg]
ThighAlpha=0.13922968506813
ThighTheta=0.176119610667229
LowerLegAlpha=0.0999597758054733
LowerLegTheta=-0.315745919942856
