[%General]
Highest=164
CenterX=44.6057596201899
CenterY=86.3088330834583
XWidth=59

[LeftLeg]
ThighAlpha=-0.0606898590922356
ThighTheta=0.454919010400772
LowerLegAlpha=0.00356999784708023
LowerLegTheta=0.0931598246097565

[RightLeg]
ThighAlpha=0.13922968506813
ThighTheta=-0.371959120035172
LowerLegAlpha=0.0821098163723946
LowerLegTheta=-0.325719207525253
