[%General]
Highest=163
CenterX=43.4841866015114
CenterY=49.9328257287346
XWidth=56

[LeftLeg]
ThighAlpha=0.0285599380731583
ThighTheta=-0.182466238737106
LowerLegAlpha=0.00356999784708023
LowerLegTheta=-0.956757783889771

[RightLeg]
ThighAlpha=0.13922968506813
ThighTheta=0.249106109142303
LowerLegAlpha=0.046409897506237
LowerLegTheta=-0.10313306748867
