[%General]
Highest=165
CenterX=44.929504588573
CenterY=78.0083147773931
XWidth=57

[LeftLeg]
ThighAlpha=0.0392699092626572
ThighTheta=0.392699092626572
LowerLegAlpha=-0.0196349546313286
LowerLegTheta=-0.392699092626572

[RightLeg]
ThighAlpha=0.0981747731566429
ThighTheta=-0.235619455575943
LowerLegAlpha=0.0981747731566429
LowerLegTheta=-0.235619455575943
