[%General]
Highest=163
CenterX=48.395193989248
CenterY=228.879202020856
XWidth=56

[LeftLeg]
ThighAlpha=-0.024989940226078
ThighTheta=0.544678807258606
LowerLegAlpha=0.00356999784708023
LowerLegTheta=-0.282199323177338

[RightLeg]
ThighAlpha=0.121379725635052
ThighTheta=-0.259079366922379
LowerLegAlpha=0.0606898665428162
LowerLegTheta=-0.0564398318529129
