[%General]
Highest=165
CenterX=44.5694692825584
CenterY=82.32873974332
XWidth=59

[LeftLeg]
ThighAlpha=-0.024989940226078
ThighTheta=0.454919010400772
LowerLegAlpha=-0.0142799615859985
LowerLegTheta=-0.215559482574463

[RightLeg]
ThighAlpha=0.13922968506813
ThighTheta=-0.342039197683334
LowerLegAlpha=0.0821098163723946
LowerLegTheta=-0.229159444570541
