[%General]
Highest=163
CenterX=44.2376268979714
CenterY=11.4409627531362
XWidth=49

[LeftLeg]
ThighAlpha=-0.157079637050629
ThighTheta=-0.112653076648712
LowerLegAlpha=-0.13922968506813
LowerLegTheta=0.398252457380295

[RightLeg]
ThighAlpha=0.0678298473358154
ThighTheta=0.179292947053909
LowerLegAlpha=-0.0642598494887352
LowerLegTheta=-0.0333198979496956
