[%General]
Highest=162
CenterX=44.2203726849222
CenterY=93.8756845812976
XWidth=58

[LeftLeg]
ThighAlpha=-0.0606898590922356
ThighTheta=0.395079135894775
LowerLegAlpha=-0.0999597683548927
LowerLegTheta=0.601345300674438

[RightLeg]
ThighAlpha=0.13922968506813
ThighTheta=-0.461718916893005
LowerLegAlpha=0.0428399071097374
LowerLegTheta=-0.325265914201736
