[%General]
Highest=163
CenterX=43.4300556638297
CenterY=119.234937816351
XWidth=60

[LeftLeg]
ThighAlpha=-0.0785398185253143
ThighTheta=0.431799054145813
LowerLegAlpha=-0.103529758751392
LowerLegTheta=0.0265199784189463

[RightLeg]
ThighAlpha=0.13922968506813
ThighTheta=-0.288999319076538
LowerLegAlpha=0.0606898665428162
LowerLegTheta=-0.80035811662674
