[%General]
Highest=145
CenterX=45.8052551336414
CenterY=299.712754299871
XWidth=44

[LeftLeg]
ThighAlpha=-0.157079637050629
ThighTheta=-0.0863597691059113
LowerLegAlpha=-0.196349546313286
LowerLegTheta=-0.0564398318529129

[RightLeg]
ThighAlpha=0.13922968506813
ThighTheta=-0.0564398318529129
LowerLegAlpha=-0.0428398996591568
LowerLegTheta=-0.116279698908329
