[%General]
Highest=162
CenterX=47.3122247351506
CenterY=196.981702858503
XWidth=61

[LeftLeg]
ThighAlpha=0
ThighTheta=-0.274889349937439
LowerLegAlpha=0
LowerLegTheta=-0.785398185253143

[RightLeg]
ThighAlpha=0.0981747731566429
ThighTheta=0.353429168462753
LowerLegAlpha=0.0981747731566429
LowerLegTheta=0.0785398185253143
