[%General]
Highest=152
CenterX=47.3536870882836
CenterY=282.183489173586
XWidth=48

[LeftLeg]
ThighAlpha=-0.117809727787971
ThighTheta=0.176119610667229
LowerLegAlpha=-0.157079637050629
LowerLegTheta=0.325265944004059

[RightLeg]
ThighAlpha=0.13922968506813
ThighTheta=0.322092622518539
LowerLegAlpha=0.00356999784708023
LowerLegTheta=0.106306441128254
