[%General]
Highest=161
CenterX=46.3306238385181
CenterY=186.060872981099
XWidth=61

[LeftLeg]
ThighAlpha=-0.0214199498295784
ThighTheta=-0.335239201784134
LowerLegAlpha=-0.0142799615859985
LowerLegTheta=-0.754118263721466

[RightLeg]
ThighAlpha=0.13922968506813
ThighTheta=0.484838932752609
LowerLegAlpha=0.0249899476766586
LowerLegTheta=0.229159519076347
