[%General]
Highest=159
CenterX=44.4381883629721
CenterY=23.5867001558051
XWidth=53

[LeftLeg]
ThighAlpha=0.0856798067688942
ThighTheta=-0.507958829402924
LowerLegAlpha=-0.103529758751392
LowerLegTheta=-0.0931597501039505

[RightLeg]
ThighAlpha=0.0856798067688942
ThighTheta=0.312119334936142
LowerLegAlpha=0.00713998824357986
LowerLegTheta=0.454919010400772
