[%General]
Highest=139
CenterX=45.3581303666901
CenterY=302.157233893179
XWidth=42

[LeftLeg]
ThighAlpha=-0.157079637050629
ThighTheta=-0.0333198979496956
LowerLegAlpha=-0.13922968506813
LowerLegTheta=-0.249106079339981

[RightLeg]
ThighAlpha=0.13922968506813
ThighTheta=-0.179292917251587
LowerLegAlpha=-0.0392699092626572
LowerLegTheta=-0.0333198979496956
