[%General]
Highest=163
CenterX=43.4841866015114
CenterY=49.9328257287346
XWidth=56

[LeftLeg]
ThighAlpha=0.0285599380731583
ThighTheta=-0.192439526319504
LowerLegAlpha=0.00356999784708023
LowerLegTheta=-0.956757783889771

[RightLeg]
ThighAlpha=0.13922968506813
ThighTheta=0.199239581823349
LowerLegAlpha=0.0642598569393158
LowerLegTheta=-0.00339995324611664
