[%General]
Highest=162
CenterX=43.2900929028328
CenterY=158.89319981724
XWidth=59

[LeftLeg]
ThighAlpha=-0.0785398185253143
ThighTheta=-0.37875908613205
LowerLegAlpha=-0.0678298398852348
LowerLegTheta=-0.132599666714668

[RightLeg]
ThighAlpha=-0.00356999039649963
ThighTheta=0.46171897649765
LowerLegAlpha=0.00356999784708023
LowerLegTheta=0.229159519076347
