[%General]
Highest=165
CenterX=44.929504588573
CenterY=78.0083147773931
XWidth=57

[LeftLeg]
ThighAlpha=0.0196349546313286
ThighTheta=0.353429168462753
LowerLegAlpha=-0.0196349546313286
LowerLegTheta=-0.274889349937439

[RightLeg]
ThighAlpha=0.0981747731566429
ThighTheta=-0.274889349937439
LowerLegAlpha=0.0981747731566429
LowerLegTheta=-0.196349546313286
