[%General]
Highest=161
CenterX=43.9894604630843
CenterY=112.783980449978
XWidth=61

[LeftLeg]
ThighAlpha=-0.0606898590922356
ThighTheta=0.531532108783722
LowerLegAlpha=-0.0856797993183136
LowerLegTheta=0.109479777514935

[RightLeg]
ThighAlpha=0.13922968506813
ThighTheta=-0.322092592716217
LowerLegAlpha=0.0999597758054733
LowerLegTheta=-0.677505135536194
