[%General]
Highest=160
CenterX=44.0793064903006
CenterY=31.822337626045
XWidth=53

[LeftLeg]
ThighAlpha=0.0606898665428162
ThighTheta=-0.597718596458435
LowerLegAlpha=-0.103529758751392
LowerLegTheta=-0.259079366922379

[RightLeg]
ThighAlpha=0.103529766201973
ThighTheta=0.371959179639816
LowerLegAlpha=0.0856798067688942
LowerLegTheta=0.259079456329346
