[%General]
Highest=159
CenterX=48.1532323812833
CenterY=241.738442415899
XWidth=52

[LeftLeg]
ThighAlpha=-0.0606898590922356
ThighTheta=0.534705460071564
LowerLegAlpha=-0.13922968506813
LowerLegTheta=0.46171897649765

[RightLeg]
ThighAlpha=0.103529766201973
ThighTheta=-0.461718916893005
LowerLegAlpha=0.121379725635052
LowerLegTheta=-0.249106079339981
