[%General]
Highest=164
CenterX=44.9259306060127
CenterY=68.4261885957985
XWidth=56

[LeftLeg]
ThighAlpha=0.0107099786400795
ThighTheta=0.249106109142303
LowerLegAlpha=0.00356999784708023
LowerLegTheta=-0.820304751396179

[RightLeg]
ThighAlpha=0.13922968506813
ThighTheta=-0.0364932343363762
LowerLegAlpha=0.13922968506813
LowerLegTheta=-0.249106079339981
