[%General]
Highest=161
CenterX=43.9894604630843
CenterY=112.783980449978
XWidth=61

[LeftLeg]
ThighAlpha=-0.0981747731566429
ThighTheta=0.510508835315704
LowerLegAlpha=-0.0785398185253143
LowerLegTheta=0.117809727787971

[RightLeg]
ThighAlpha=0.0981747731566429
ThighTheta=-0.353429168462753
LowerLegAlpha=0.0981747731566429
LowerLegTheta=-0.706858336925507
