[%General]
Highest=158
CenterX=48.2956668379379
CenterY=246.189847568607
XWidth=51

[LeftLeg]
ThighAlpha=-0.0606898590922356
ThighTheta=0.534705460071564
LowerLegAlpha=-0.157079637050629
LowerLegTheta=0.534705460071564

[RightLeg]
ThighAlpha=0.13922968506813
ThighTheta=-0.531532108783722
LowerLegAlpha=0.0642598569393158
LowerLegTheta=-0.2522794008255
