[%General]
Highest=147
CenterX=46.2430988970513
CenterY=296.954204096667
XWidth=44

[LeftLeg]
ThighAlpha=-0.0981747731566429
ThighTheta=0
LowerLegAlpha=-0.0981747731566429
LowerLegTheta=-0.0785398185253143

[RightLeg]
ThighAlpha=-0.0589048638939857
ThighTheta=0.549778699874878
LowerLegAlpha=0.0981747731566429
LowerLegTheta=-0.549778699874878
