[%General]
Highest=164
CenterX=48.6294004298525
CenterY=220.898342350355
XWidth=56

[LeftLeg]
ThighAlpha=-0.0642598494887352
ThighTheta=0.342039257287979
LowerLegAlpha=-0.103529758751392
LowerLegTheta=-0.551478683948517

[RightLeg]
ThighAlpha=0.103529766201973
ThighTheta=-0.116279698908329
LowerLegAlpha=0.13922968506813
LowerLegTheta=0.00340002961456776
