[%General]
Highest=147
CenterX=46.2430988970513
CenterY=296.954204096667
XWidth=44

[LeftLeg]
ThighAlpha=-0.117809727787971
ThighTheta=-0.106306403875351
LowerLegAlpha=-0.157079637050629
LowerLegTheta=0.109479777514935

[RightLeg]
ThighAlpha=-0.0642598494887352
ThighTheta=0.534705460071564
LowerLegAlpha=0.13922968506813
LowerLegTheta=-0.537878751754761
