[%General]
Highest=162
CenterX=43.8652420701169
CenterY=162.846838063439
XWidth=59

[LeftLeg]
ThighAlpha=-0.0642598494887352
ThighTheta=-0.388732433319092
LowerLegAlpha=-0.0464098900556564
LowerLegTheta=-0.255452752113342

[RightLeg]
ThighAlpha=-0.00356999039649963
ThighTheta=0.46489229798317
LowerLegAlpha=0.021419957280159
LowerLegTheta=0.388732463121414
