[%General]
Highest=161
CenterX=47.9674575812884
CenterY=232.722314608261
XWidth=55

[LeftLeg]
ThighAlpha=-0.0785398185253143
ThighTheta=0.59771865606308
LowerLegAlpha=0.021419957280159
LowerLegTheta=-0.0197199191898108

[RightLeg]
ThighAlpha=0.0856798067688942
ThighTheta=-0.312119245529175
LowerLegAlpha=0.103529766201973
LowerLegTheta=-0.0999597311019897
