[%General]
Highest=160
CenterX=44.3126132325885
CenterY=16.8979677822564
XWidth=51

[LeftLeg]
ThighAlpha=0.0196349546313286
ThighTheta=-0.510508835315704
LowerLegAlpha=0.0589048638939857
LowerLegTheta=0.117809727787971

[RightLeg]
ThighAlpha=0.0981747731566429
ThighTheta=0.235619455575943
LowerLegAlpha=-0.0981747731566429
LowerLegTheta=0.353429168462753
