[%General]
Highest=160
CenterX=44.0793064903006
CenterY=31.822337626045
XWidth=53

[LeftLeg]
ThighAlpha=0.0606898665428162
ThighTheta=-0.607691943645477
LowerLegAlpha=-0.0856797993183136
LowerLegTheta=-0.249106079339981

[RightLeg]
ThighAlpha=0.103529766201973
ThighTheta=0.391905784606934
LowerLegAlpha=0.0856798067688942
LowerLegTheta=0.249106109142303
