[%General]
Highest=164
CenterX=45.1271252162501
CenterY=73.2201395931516
XWidth=57

[LeftLeg]
ThighAlpha=0.0196349546313286
ThighTheta=0.314159274101257
LowerLegAlpha=0.0196349546313286
LowerLegTheta=-0.510508835315704

[RightLeg]
ThighAlpha=0.0981747731566429
ThighTheta=-0.157079637050629
LowerLegAlpha=0.0981747731566429
LowerLegTheta=-0.196349546313286
