[%General]
Highest=163
CenterX=48.370957840005
CenterY=225.056969241371
XWidth=57

[LeftLeg]
ThighAlpha=-0.0642598494887352
ThighTheta=0.521558880805969
LowerLegAlpha=0.021419957280159
LowerLegTheta=-0.581398665904999

[RightLeg]
ThighAlpha=0.121379725635052
ThighTheta=-0.169319570064545
LowerLegAlpha=0.0999597758054733
LowerLegTheta=-0.0265199020504951
