[%General]
Highest=159
CenterX=44.4381883629721
CenterY=23.5867001558051
XWidth=53

[LeftLeg]
ThighAlpha=0.0392699092626572
ThighTheta=-0.628318548202515
LowerLegAlpha=0
LowerLegTheta=0

[RightLeg]
ThighAlpha=0.0589048638939857
ThighTheta=0.314159274101257
LowerLegAlpha=0.0589048638939857
LowerLegTheta=0.431968986988068
