[%General]
Highest=161
CenterX=47.7617507461313
CenterY=237.072693566836
XWidth=54

[LeftLeg]
ThighAlpha=-0.0999597683548927
ThighTheta=0.534705460071564
LowerLegAlpha=-0.0499798804521561
LowerLegTheta=0.249106109142303

[RightLeg]
ThighAlpha=0.103529766201973
ThighTheta=-0.391905754804611
LowerLegAlpha=0.0999597758054733
LowerLegTheta=-0.176119565963745
