[%General]
Highest=164
CenterX=45.1271252162501
CenterY=73.2201395931516
XWidth=57

[LeftLeg]
ThighAlpha=0.0499798879027367
ThighTheta=0.322092622518539
LowerLegAlpha=-0.0499798804521561
LowerLegTheta=-0.537878751754761

[RightLeg]
ThighAlpha=0.13922968506813
ThighTheta=-0.176119565963745
LowerLegAlpha=0.13922968506813
LowerLegTheta=-0.179292917251587
