[%General]
Highest=162
CenterX=47.4096707785576
CenterY=191.101911137767
XWidth=61

[LeftLeg]
ThighAlpha=0.0107099786400795
ThighTheta=-0.182466238737106
LowerLegAlpha=-0.0142799615859985
LowerLegTheta=-0.956757783889771

[RightLeg]
ThighAlpha=0.13922968506813
ThighTheta=0.391905784606934
LowerLegAlpha=0.0428399071097374
LowerLegTheta=0.252279460430145
