[%General]
Highest=164
CenterX=42.9224857505605
CenterY=150.110780950323
XWidth=58

[LeftLeg]
ThighAlpha=-0.0999597683548927
ThighTheta=-0.2459327429533
LowerLegAlpha=-0.0678298398852348
LowerLegTheta=-0.112653076648712

[RightLeg]
ThighAlpha=0.0142799690365791
ThighTheta=0.322092622518539
LowerLegAlpha=0.00356999784708023
LowerLegTheta=-0.182466238737106
