[%General]
Highest=161
CenterX=44.0772519225854
CenterY=97.8481680258358
XWidth=58

[LeftLeg]
ThighAlpha=-0.0999597683548927
ThighTheta=0.46489229798317
LowerLegAlpha=-0.0678298398852348
LowerLegTheta=0.46489229798317

[RightLeg]
ThighAlpha=0.13922968506813
ThighTheta=-0.461718916893005
LowerLegAlpha=0.0999597758054733
LowerLegTheta=-0.464892268180847
