[%General]
Highest=162
CenterX=47.3122247351506
CenterY=196.981702858503
XWidth=61

[LeftLeg]
ThighAlpha=0.0107099786400795
ThighTheta=-0.132599666714668
LowerLegAlpha=-0.0142799615859985
LowerLegTheta=-0.956757783889771

[RightLeg]
ThighAlpha=0.13922968506813
ThighTheta=0.431799054145813
LowerLegAlpha=0.0606898665428162
LowerLegTheta=-0.0632398128509521
