[%General]
Highest=163
CenterX=44.2376268979714
CenterY=11.4409627531362
XWidth=49

[LeftLeg]
ThighAlpha=-0.157079637050629
ThighTheta=-0.0727597996592522
LowerLegAlpha=-0.157079637050629
LowerLegTheta=0.358359217643738

[RightLeg]
ThighAlpha=0.0285599380731583
ThighTheta=0.169319659471512
LowerLegAlpha=0.00713998824357986
LowerLegTheta=-0.0632398128509521
