[%General]
Highest=163
CenterX=47.684589229532
CenterY=211.71898587734
XWidth=55

[LeftLeg]
ThighAlpha=-0.024989940226078
ThighTheta=0.31891930103302
LowerLegAlpha=-0.0856797993183136
LowerLegTheta=-1.09955739974976

[RightLeg]
ThighAlpha=0.121379725635052
ThighTheta=0.106306441128254
LowerLegAlpha=0.0499798879027367
LowerLegTheta=-0.0364932343363762
