[%General]
Highest=161
CenterX=40.3117083436818
CenterY=86.6202533300218
XWidth=60

[LeftLeg]
ThighAlpha=-0.0196349546313286
ThighTheta=-0.117809727787971
LowerLegAlpha=-0.0981747731566429
LowerLegTheta=-0.117809727787971

[RightLeg]
ThighAlpha=0.0785398185253143
ThighTheta=0.392699092626572
LowerLegAlpha=0.0981747731566429
LowerLegTheta=-0.510508835315704
