[%General]
Highest=160
CenterX=40.4110750780151
CenterY=168.732900936181
XWidth=60

[LeftLeg]
ThighAlpha=-0.0392699092626572
ThighTheta=0.431968986988068
LowerLegAlpha=0.0981747731566429
LowerLegTheta=-0.117809727787971

[RightLeg]
ThighAlpha=0.0392699092626572
ThighTheta=-0.196349546313286
LowerLegAlpha=0
LowerLegTheta=0.0785398185253143
