[%General]
Highest=161
CenterX=40.7862478591991
CenterY=156.811621664298
XWidth=59

[LeftLeg]
ThighAlpha=0
ThighTheta=0
LowerLegAlpha=-0.0981747731566429
LowerLegTheta=-0.314159274101257

[RightLeg]
ThighAlpha=-0.0196349546313286
ThighTheta=0.157079637050629
LowerLegAlpha=0.0981747731566429
LowerLegTheta=0
