[%General]
Highest=158
CenterX=39.1303099579988
CenterY=104.860771439205
XWidth=61

[LeftLeg]
ThighAlpha=-0.0589048638939857
ThighTheta=-0.471238911151886
LowerLegAlpha=0
LowerLegTheta=-0.157079637050629

[RightLeg]
ThighAlpha=0
ThighTheta=0.471238911151886
LowerLegAlpha=-0.0589048638939857
LowerLegTheta=0.431968986988068
