[%General]
Highest=150
CenterX=33.5072034202774
CenterY=273.77441258892
XWidth=55

[LeftLeg]
ThighAlpha=-0.0981747731566429
ThighTheta=-0.510508835315704
LowerLegAlpha=-0.0392699092626572
LowerLegTheta=-0.274889349937439

[RightLeg]
ThighAlpha=-0.0981747731566429
ThighTheta=0.628318548202515
LowerLegAlpha=0.0196349546313286
LowerLegTheta=0.510508835315704
