[%General]
Highest=157
CenterX=34.211700899368
CenterY=244.81277345649
XWidth=61

[LeftLeg]
ThighAlpha=-0.0981747731566429
ThighTheta=-0.117809727787971
LowerLegAlpha=-0.0981747731566429
LowerLegTheta=-0.0785398185253143

[RightLeg]
ThighAlpha=-0.0392699092626572
ThighTheta=0.510508835315704
LowerLegAlpha=0.0981747731566429
LowerLegTheta=-0.471238911151886
