[%General]
Highest=152
CenterX=33.400312865296
CenterY=269.57929931926
XWidth=55

[LeftLeg]
ThighAlpha=-0.0981747731566429
ThighTheta=-0.549778699874878
LowerLegAlpha=0
LowerLegTheta=-0.196349546313286

[RightLeg]
ThighAlpha=-0.0981747731566429
ThighTheta=0.589048624038696
LowerLegAlpha=-0.0392699092626572
LowerLegTheta=0.589048624038696
