[%General]
Highest=153
CenterX=33.0993514710535
CenterY=261.359807023094
XWidth=56

[LeftLeg]
ThighAlpha=-0.0785398185253143
ThighTheta=-0.471238911151886
LowerLegAlpha=-0.0981747731566429
LowerLegTheta=-0.0785398185253143

[RightLeg]
ThighAlpha=-0.0785398185253143
ThighTheta=0.510508835315704
LowerLegAlpha=-0.0981747731566429
LowerLegTheta=0.589048624038696
