[%General]
Highest=156
CenterX=37.2378716051571
CenterY=211.165123388419
XWidth=59

[LeftLeg]
ThighAlpha=-0.0981747731566429
ThighTheta=0.471238911151886
LowerLegAlpha=-0.0589048638939857
LowerLegTheta=0.235619455575943

[RightLeg]
ThighAlpha=0.0589048638939857
ThighTheta=-0.392699092626572
LowerLegAlpha=0.0196349546313286
LowerLegTheta=-0.589048624038696
