[%General]
Highest=145
CenterX=33.9579903853158
CenterY=305.429929346639
XWidth=47

[LeftLeg]
ThighAlpha=-0.0392699092626572
ThighTheta=-0.157079637050629
LowerLegAlpha=-0.0981747731566429
LowerLegTheta=-0.785398185253143

[RightLeg]
ThighAlpha=0.0392699092626572
ThighTheta=0.706858336925507
LowerLegAlpha=-0.0981747731566429
LowerLegTheta=-0.510508835315704
