[%General]
Highest=142
CenterX=40.8897422613651
CenterY=94.716293226266
XWidth=55

[LeftLeg]
ThighAlpha=-0.0196349546313286
ThighTheta=-0.471238911151886
LowerLegAlpha=-0.0196349546313286
LowerLegTheta=-0.392699092626572

[RightLeg]
ThighAlpha=0.0785398185253143
ThighTheta=0.628318548202515
LowerLegAlpha=0
LowerLegTheta=0.235619455575943
