[%General]
Highest=143
CenterX=38.2691059221253
CenterY=260.627215748456
XWidth=49

[LeftLeg]
ThighAlpha=-0.0392699092626572
ThighTheta=0.0785398185253143
LowerLegAlpha=0.0392699092626572
LowerLegTheta=-0.628318548202515

[RightLeg]
ThighAlpha=0.0981747731566429
ThighTheta=0.157079637050629
LowerLegAlpha=0.0785398185253143
LowerLegTheta=0
