[%General]
Highest=144
CenterX=41.5958016168385
CenterY=46.7576541224884
XWidth=51

[LeftLeg]
ThighAlpha=0.0196349546313286
ThighTheta=0.235619455575943
LowerLegAlpha=-0.0981747731566429
LowerLegTheta=0.157079637050629

[RightLeg]
ThighAlpha=0.0981747731566429
ThighTheta=-0.392699092626572
LowerLegAlpha=0
LowerLegTheta=-0.471238911151886
