[%General]
Highest=143
CenterX=41.7752161054206
CenterY=42.9742157971064
XWidth=53

[LeftLeg]
ThighAlpha=-0.0785398185253143
ThighTheta=0.314159274101257
LowerLegAlpha=-0.0196349546313286
LowerLegTheta=0.157079637050629

[RightLeg]
ThighAlpha=0.0981747731566429
ThighTheta=-0.235619455575943
LowerLegAlpha=0
LowerLegTheta=-0.785398185253143
