[%General]
Highest=146
CenterX=41.21378484693
CenterY=57.6586967675731
XWidth=51

[LeftLeg]
ThighAlpha=-0.0589048638939857
ThighTheta=0.0785398185253143
LowerLegAlpha=-0.0785398185253143
LowerLegTheta=-0.0785398185253143

[RightLeg]
ThighAlpha=0.0981747731566429
ThighTheta=0.314159274101257
LowerLegAlpha=-0.0196349546313286
LowerLegTheta=-0.785398185253143
