[%General]
Highest=147
CenterX=39.5406085592877
CenterY=133.148927559692
XWidth=54

[LeftLeg]
ThighAlpha=-0.0981747731566429
ThighTheta=0.392699092626572
LowerLegAlpha=0.0785398185253143
LowerLegTheta=-0.314159274101257

[RightLeg]
ThighAlpha=0.0196349546313286
ThighTheta=0
LowerLegAlpha=0.0981747731566429
LowerLegTheta=-0.157079637050629
