[%General]
Highest=142
CenterX=38.650152059718
CenterY=165.604893558197
XWidth=56

[LeftLeg]
ThighAlpha=-0.0981747731566429
ThighTheta=0.628318548202515
LowerLegAlpha=-0.0785398185253143
LowerLegTheta=0.0785398185253143

[RightLeg]
ThighAlpha=0.0785398185253143
ThighTheta=-0.392699092626572
LowerLegAlpha=0.0392699092626572
LowerLegTheta=-0.471238911151886
