[%General]
Highest=141
CenterX=38.4259674402066
CenterY=256.289822358962
XWidth=48

[LeftLeg]
ThighAlpha=-0.0196349546313286
ThighTheta=0.0785398185253143
LowerLegAlpha=0.0392699092626572
LowerLegTheta=-0.785398185253143

[RightLeg]
ThighAlpha=0.0981747731566429
ThighTheta=0.314159274101257
LowerLegAlpha=0
LowerLegTheta=-0.157079637050629
