[%General]
Highest=145
CenterX=39.9022076015442
CenterY=143.882972649666
XWidth=56

[LeftLeg]
ThighAlpha=-0.0785398185253143
ThighTheta=0.471238911151886
LowerLegAlpha=-0.0785398185253143
LowerLegTheta=0.392699092626572

[RightLeg]
ThighAlpha=0.0785398185253143
ThighTheta=-0.314159274101257
LowerLegAlpha=0
LowerLegTheta=-0.0785398185253143
