[%General]
Highest=147
CenterX=39.6146679733535
CenterY=129.388805498009
XWidth=54

[LeftLeg]
ThighAlpha=-0.0785398185253143
ThighTheta=0.314159274101257
LowerLegAlpha=0.0785398185253143
LowerLegTheta=-0.706858336925507

[RightLeg]
ThighAlpha=0.0392699092626572
ThighTheta=0
LowerLegAlpha=0.0785398185253143
LowerLegTheta=-0.0785398185253143
