[%General]
Highest=144
CenterX=37.7374758033295
CenterY=189.872486772487
XWidth=53

[LeftLeg]
ThighAlpha=0
ThighTheta=0.157079637050629
LowerLegAlpha=-0.0981747731566429
LowerLegTheta=0

[RightLeg]
ThighAlpha=0.0981747731566429
ThighTheta=-0.235619455575943
LowerLegAlpha=-0.0785398185253143
LowerLegTheta=0.0785398185253143
