[%General]
Highest=154
CenterX=32.727331417065
CenterY=289.685875463055
XWidth=52

[LeftLeg]
ThighAlpha=-0.0196349546313286
ThighTheta=0
LowerLegAlpha=-0.0589048638939857
LowerLegTheta=-0.785398185253143

[RightLeg]
ThighAlpha=0.0392699092626572
ThighTheta=0.157079637050629
LowerLegAlpha=0.0196349546313286
LowerLegTheta=0
