[%General]
Highest=160
CenterX=34.2370697361002
CenterY=86.3291527428249
XWidth=60

[LeftLeg]
ThighAlpha=-0.0196349546313286
ThighTheta=-0.471238911151886
LowerLegAlpha=-0.0196349546313286
LowerLegTheta=-0.0785398185253143

[RightLeg]
ThighAlpha=0.0196349546313286
ThighTheta=0.392699092626572
LowerLegAlpha=-0.0589048638939857
LowerLegTheta=0.314159274101257
