[%General]
Highest=159
CenterX=33.9103415629946
CenterY=14.0883123030724
XWidth=51

[LeftLeg]
ThighAlpha=-0.0589048638939857
ThighTheta=0.235619455575943
LowerLegAlpha=0.0392699092626572
LowerLegTheta=0.235619455575943

[RightLeg]
ThighAlpha=-0.0589048638939857
ThighTheta=-0.314159274101257
LowerLegAlpha=0.0392699092626572
LowerLegTheta=-0.0785398185253143
