[%General]
Highest=160
CenterX=34.7106955772164
CenterY=131.074968503415
XWidth=60

[LeftLeg]
ThighAlpha=-0.0589048638939857
ThighTheta=-0.0785398185253143
LowerLegAlpha=0
LowerLegTheta=-0.785398185253143

[RightLeg]
ThighAlpha=-0.0196349546313286
ThighTheta=0.235619455575943
LowerLegAlpha=0.0589048638939857
LowerLegTheta=0
