[%General]
Highest=169
CenterX=34.014116949769
CenterY=111.843730215391
XWidth=61

[LeftLeg]
ThighAlpha=-0.0981747731566429
ThighTheta=0.706858336925507
LowerLegAlpha=-0.0785398185253143
LowerLegTheta=0.196349546313286

[RightLeg]
ThighAlpha=0.0981747731566429
ThighTheta=-0.471238911151886
LowerLegAlpha=0.0981747731566429
LowerLegTheta=-0.549778699874878
