[%General]
Highest=169
CenterX=34.9309705035866
CenterY=35.7510117021432
XWidth=53

[LeftLeg]
ThighAlpha=0.0821098163723946
ThighTheta=-0.657558441162109
LowerLegAlpha=-0.121379718184471
LowerLegTheta=-0.259079366922379

[RightLeg]
ThighAlpha=0.121379725635052
ThighTheta=0.544678807258606
LowerLegAlpha=-0.0428398996591568
LowerLegTheta=0.0863598436117172
