[%General]
Highest=150
CenterX=32.8262658098318
CenterY=304.598993082559
XWidth=45

[LeftLeg]
ThighAlpha=-0.157079637050629
ThighTheta=0.531532108783722
LowerLegAlpha=0.00356999784708023
LowerLegTheta=-0.318919241428375

[RightLeg]
ThighAlpha=-0.0321299210190773
ThighTheta=0.0333199352025986
LowerLegAlpha=-0.13922968506813
LowerLegTheta=-0.959931075572968
