[%General]
Highest=171
CenterX=39.4712597821083
CenterY=231.021927267147
XWidth=55

[LeftLeg]
ThighAlpha=-0.0606898590922356
ThighTheta=0.388732463121414
LowerLegAlpha=0.0606898665428162
LowerLegTheta=-0.674331784248352

[RightLeg]
ThighAlpha=0.13922968506813
ThighTheta=0.176119610667229
LowerLegAlpha=0.121379725635052
LowerLegTheta=-0.176119565963745
