[%General]
Highest=167
CenterX=37.7380222004364
CenterY=260.437683817716
XWidth=51

[LeftLeg]
ThighAlpha=-0.0214199498295784
ThighTheta=0.627638638019562
LowerLegAlpha=0.0642598569393158
LowerLegTheta=0.454919010400772

[RightLeg]
ThighAlpha=0.0499798879027367
ThighTheta=-0.461718916893005
LowerLegAlpha=0.0999597758054733
LowerLegTheta=-0.199239507317543
