[%General]
Highest=170
CenterX=35.8007809147859
CenterY=22.9725678652135
XWidth=52

[LeftLeg]
ThighAlpha=0.121379725635052
ThighTheta=-0.710598349571228
LowerLegAlpha=-0.121379718184471
LowerLegTheta=0.424999058246613

[RightLeg]
ThighAlpha=0.0321299284696579
ThighTheta=0.342039257287979
LowerLegAlpha=-0.0321299210190773
LowerLegTheta=0.521558880805969
