[%General]
Highest=168
CenterX=34.3019546232998
CenterY=192.921291381824
XWidth=61

[LeftLeg]
ThighAlpha=-0.157079637050629
ThighTheta=-0.544678747653961
LowerLegAlpha=0.021419957280159
LowerLegTheta=-0.371959120035172

[RightLeg]
ThighAlpha=-0.0285599306225777
ThighTheta=0.574598729610443
LowerLegAlpha=0.00356999784708023
LowerLegTheta=0.312119334936142
