[%General]
Highest=172
CenterX=38.8275637710415
CenterY=245.603093041491
XWidth=56

[LeftLeg]
ThighAlpha=0.0285599380731583
ThighTheta=0.777238249778748
LowerLegAlpha=0.021419957280159
LowerLegTheta=-0.401879042387009

[RightLeg]
ThighAlpha=0.0856798067688942
ThighTheta=-0.199239507317543
LowerLegAlpha=0.0285599380731583
LowerLegTheta=-0.0333198830485344
