[%General]
Highest=170
CenterX=33.0563927675182
CenterY=122.448619779937
XWidth=60

[LeftLeg]
ThighAlpha=-0.0999597683548927
ThighTheta=0.677505135536194
LowerLegAlpha=-0.121379718184471
LowerLegTheta=0.0333199352025986

[RightLeg]
ThighAlpha=0.103529766201973
ThighTheta=-0.322092592716217
LowerLegAlpha=0.00356999784708023
LowerLegTheta=-0.817131459712982
