[%General]
Highest=169
CenterX=35.3661704888396
CenterY=26.8288988351241
XWidth=52

[LeftLeg]
ThighAlpha=0.0642598569393158
ThighTheta=-0.607691943645477
LowerLegAlpha=-0.117809727787971
LowerLegTheta=-0.106306403875351

[RightLeg]
ThighAlpha=0.0142799690365791
ThighTheta=0.391905784606934
LowerLegAlpha=0.00713998824357986
LowerLegTheta=0.534705460071564
