[%General]
Highest=164
CenterX=37.4429038868324
CenterY=268.699844658911
XWidth=48

[LeftLeg]
ThighAlpha=0.0142799690365791
ThighTheta=0.677505135536194
LowerLegAlpha=0.00356999784708023
LowerLegTheta=0.46489229798317

[RightLeg]
ThighAlpha=0.103529766201973
ThighTheta=-0.531532108783722
LowerLegAlpha=0.046409897506237
LowerLegTheta=-0.255452752113342
