[%General]
Highest=169
CenterX=37.5598086124402
CenterY=222.013240019996
XWidth=54

[LeftLeg]
ThighAlpha=-0.0785398185253143
ThighTheta=0.315745949745178
LowerLegAlpha=-0.0285599306225777
LowerLegTheta=-1.09955739974976

[RightLeg]
ThighAlpha=0.13922968506813
ThighTheta=0.395079135894775
LowerLegAlpha=-0.0678298398852348
LowerLegTheta=-0.109479740262032
