[%General]
Highest=175
CenterX=34.312657456881
CenterY=155.294883862573
XWidth=61

[LeftLeg]
ThighAlpha=-0.0785398185253143
ThighTheta=0.157079637050629
LowerLegAlpha=-0.0981747731566429
LowerLegTheta=-0.314159274101257

[RightLeg]
ThighAlpha=0.0981747731566429
ThighTheta=0.235619455575943
LowerLegAlpha=-0.0196349546313286
LowerLegTheta=-0.235619455575943
