[%General]
Highest=162
CenterX=37.3473183239085
CenterY=272.486758455973
XWidth=49

[LeftLeg]
ThighAlpha=-0.0606898590922356
ThighTheta=0.677505135536194
LowerLegAlpha=0.00713998824357986
LowerLegTheta=0.395079135894775

[RightLeg]
ThighAlpha=0.103529766201973
ThighTheta=-0.391905754804611
LowerLegAlpha=0.0999597758054733
LowerLegTheta=-0.604518592357635
