[%General]
Highest=176
CenterX=36.6030186563241
CenterY=75.5575869440778
XWidth=55

[LeftLeg]
ThighAlpha=0.121379725635052
ThighTheta=0.378759175539017
LowerLegAlpha=-0.13922968506813
LowerLegTheta=-0.747318267822266

[RightLeg]
ThighAlpha=0.103529766201973
ThighTheta=-0.0265199020504951
LowerLegAlpha=0.13922968506813
LowerLegTheta=-0.176119565963745
