[%General]
Highest=173
CenterX=37.585402381365
CenterY=61.7196945317722
XWidth=56

[LeftLeg]
ThighAlpha=0.0321299284696579
ThighTheta=0.0333199352025986
LowerLegAlpha=0.021419957280159
LowerLegTheta=-1.09955739974976

[RightLeg]
ThighAlpha=0.13922968506813
ThighTheta=0.179292947053909
LowerLegAlpha=0.0821098163723946
LowerLegTheta=-0.0333198979496956
