[%General]
Highest=170
CenterX=36.4124343029609
CenterY=53.9130327314357
XWidth=55

[LeftLeg]
ThighAlpha=0.0321299284696579
ThighTheta=-0.282199323177338
LowerLegAlpha=0.021419957280159
LowerLegTheta=-0.94995778799057

[RightLeg]
ThighAlpha=0.13922968506813
ThighTheta=0.424999058246613
LowerLegAlpha=0.0249899476766586
LowerLegTheta=-0.139399647712708
