[%General]
Highest=171
CenterX=36.9470168045634
CenterY=57.9635901125443
XWidth=55

[LeftLeg]
ThighAlpha=0.0142799690365791
ThighTheta=-0.229159444570541
LowerLegAlpha=0.0606898665428162
LowerLegTheta=-0.860197961330414

[RightLeg]
ThighAlpha=0.13922968506813
ThighTheta=0.34883925318718
LowerLegAlpha=0.0606898665428162
LowerLegTheta=-0.182919546961784
