[%General]
Highest=169
CenterX=34.9815517697943
CenterY=31.2695148144879
XWidth=53

[LeftLeg]
ThighAlpha=0.0856798067688942
ThighTheta=-0.747318267822266
LowerLegAlpha=-0.0999597683548927
LowerLegTheta=-0.0396665707230568

[RightLeg]
ThighAlpha=0.0321299284696579
ThighTheta=0.46171897649765
LowerLegAlpha=0.00713998824357986
LowerLegTheta=0.322092622518539
