[%General]
Highest=172
CenterX=34.784825622397
CenterY=175.215999361303
XWidth=64

[LeftLeg]
ThighAlpha=-0.117809727787971
ThighTheta=-0.464892268180847
LowerLegAlpha=-0.0321299210190773
LowerLegTheta=0.0396666079759598

[RightLeg]
ThighAlpha=0.0321299284696579
ThighTheta=0.46489229798317
LowerLegAlpha=-0.157079637050629
LowerLegTheta=0.46171897649765
