[%General]
Highest=176
CenterX=36.3019886116935
CenterY=80.3285985435869
XWidth=56

[LeftLeg]
ThighAlpha=0.0678298473358154
ThighTheta=0.391905784606934
LowerLegAlpha=-0.0321299210190773
LowerLegTheta=-0.395079076290131

[RightLeg]
ThighAlpha=0.103529766201973
ThighTheta=-0.176119565963745
LowerLegAlpha=0.0642598569393158
LowerLegTheta=-0.109479740262032
