[%General]
Highest=172
CenterX=39.6760930412122
CenterY=235.855049383908
XWidth=56

[LeftLeg]
ThighAlpha=0
ThighTheta=0.274889349937439
LowerLegAlpha=0
LowerLegTheta=-0.274889349937439

[RightLeg]
ThighAlpha=0.0981747731566429
ThighTheta=0.0392699092626572
LowerLegAlpha=0.0981747731566429
LowerLegTheta=-0.0392699092626572
