[%General]
Highest=172
CenterX=31.946069235441
CenterY=137.53698630137
XWidth=61

[LeftLeg]
ThighAlpha=-0.13922968506813
ThighTheta=0.391905784606934
LowerLegAlpha=-0.0642598494887352
LowerLegTheta=-0.106306403875351

[RightLeg]
ThighAlpha=0.0678298473358154
ThighTheta=-0.106306403875351
LowerLegAlpha=-0.0142799615859985
LowerLegTheta=-0.890117883682251
