[%General]
Highest=167
CenterX=37.7380222004364
CenterY=260.437683817716
XWidth=51

[LeftLeg]
ThighAlpha=-0.00356999039649963
ThighTheta=0.607692003250122
LowerLegAlpha=0.0821098163723946
LowerLegTheta=0.46489229798317

[RightLeg]
ThighAlpha=0.0678298473358154
ThighTheta=-0.461718916893005
LowerLegAlpha=0.046409897506237
LowerLegTheta=-0.179292917251587
