[%General]
Highest=173
CenterX=35.1318420980138
CenterY=94.1510426710008
XWidth=59

[LeftLeg]
ThighAlpha=-0.0392699092626572
ThighTheta=0.657558560371399
LowerLegAlpha=0.00713998824357986
LowerLegTheta=0.123079754412174

[RightLeg]
ThighAlpha=0.0856798067688942
ThighTheta=-0.431798994541168
LowerLegAlpha=0.0606898665428162
LowerLegTheta=-0.222359463572502
