[%General]
Highest=176
CenterX=36.6653620120848
CenterY=70.5173881682413
XWidth=55

[LeftLeg]
ThighAlpha=-0.00356999039649963
ThighTheta=0.229159519076347
LowerLegAlpha=0.021419957280159
LowerLegTheta=-0.747318267822266

[RightLeg]
ThighAlpha=0.13922968506813
ThighTheta=-0.00339995324611664
LowerLegAlpha=0.0999597758054733
LowerLegTheta=-0.116279698908329
