[%General]
Highest=169
CenterX=34.4541771612095
CenterY=183.383680486147
XWidth=62

[LeftLeg]
ThighAlpha=-0.13922968506813
ThighTheta=-0.534705400466919
LowerLegAlpha=0.00356999784708023
LowerLegTheta=-0.176119565963745

[RightLeg]
ThighAlpha=-0.024989940226078
ThighTheta=0.537878811359406
LowerLegAlpha=-0.0999597683548927
LowerLegTheta=0.531532108783722
