[%General]
Highest=169
CenterX=35.2818862064097
CenterY=40.3770859805167
XWidth=54

[LeftLeg]
ThighAlpha=0.0499798879027367
ThighTheta=-0.604518592357635
LowerLegAlpha=-0.0499798804521561
LowerLegTheta=-0.398252427577972

[RightLeg]
ThighAlpha=0.0856798067688942
ThighTheta=0.677505135536194
LowerLegAlpha=0.0999597758054733
LowerLegTheta=-0.179292917251587
