[%General]
Highest=170
CenterX=38.4098409043951
CenterY=226.348431181558
XWidth=53

[LeftLeg]
ThighAlpha=-0.0981747731566429
ThighTheta=0.510508835315704
LowerLegAlpha=0
LowerLegTheta=-0.785398185253143

[RightLeg]
ThighAlpha=0.0981747731566429
ThighTheta=0.274889349937439
LowerLegAlpha=0.0196349546313286
LowerLegTheta=-0.0785398185253143
