[%General]
Highest=168
CenterX=34.3019546232998
CenterY=192.921291381824
XWidth=61

[LeftLeg]
ThighAlpha=-0.0981747731566429
ThighTheta=-0.510508835315704
LowerLegAlpha=0
LowerLegTheta=-0.392699092626572

[RightLeg]
ThighAlpha=0.0196349546313286
ThighTheta=0.589048624038696
LowerLegAlpha=-0.0589048638939857
LowerLegTheta=0.274889349937439
