[%General]
Highest=170
CenterX=38.4098409043951
CenterY=226.348431181558
XWidth=53

[LeftLeg]
ThighAlpha=-0.0428398996591568
ThighTheta=0.458545625209808
LowerLegAlpha=0.021419957280159
LowerLegTheta=-0.956757783889771

[RightLeg]
ThighAlpha=0.13922968506813
ThighTheta=0.322092622518539
LowerLegAlpha=-0.0107099711894989
LowerLegTheta=-0.182466238737106
