[%General]
Highest=174
CenterX=32.4010963724959
CenterY=141.58917162967
XWidth=58

[LeftLeg]
ThighAlpha=-0.0785398185253143
ThighTheta=0.314159274101257
LowerLegAlpha=-0.0981747731566429
LowerLegTheta=-0.0785398185253143

[RightLeg]
ThighAlpha=0.0589048638939857
ThighTheta=0
LowerLegAlpha=-0.0785398185253143
LowerLegTheta=-0.785398185253143
