[%General]
Highest=171
CenterX=34.4101890048262
CenterY=179.135619725525
XWidth=61

[LeftLeg]
ThighAlpha=-0.0999597683548927
ThighTheta=-0.534705400466919
LowerLegAlpha=0.00356999784708023
LowerLegTheta=-0.0333198979496956

[RightLeg]
ThighAlpha=-0.00356999039649963
ThighTheta=0.468065619468689
LowerLegAlpha=-0.121379718184471
LowerLegTheta=0.601345300674438
