[%General]
Highest=150
CenterX=32.8262658098318
CenterY=304.598993082559
XWidth=45

[LeftLeg]
ThighAlpha=-0.157079637050629
ThighTheta=0.49163892865181
LowerLegAlpha=0.00356999784708023
LowerLegTheta=-0.288999319076538

[RightLeg]
ThighAlpha=-0.0321299210190773
ThighTheta=0.123079754412174
LowerLegAlpha=-0.157079637050629
LowerLegTheta=-1.03971755504608
