[%General]
Highest=176
CenterX=36.3019886116935
CenterY=80.3285985435869
XWidth=56

[LeftLeg]
ThighAlpha=0.0678298473358154
ThighTheta=0.46171897649765
LowerLegAlpha=-0.0142799615859985
LowerLegTheta=-0.544678747653961

[RightLeg]
ThighAlpha=0.0856798067688942
ThighTheta=-0.146199628710747
LowerLegAlpha=0.0999597758054733
LowerLegTheta=-0.169319570064545
