[%General]
Highest=170
CenterX=35.8007809147859
CenterY=22.9725678652135
XWidth=52

[LeftLeg]
ThighAlpha=0.121379725635052
ThighTheta=-0.750491619110107
LowerLegAlpha=0.00356999784708023
LowerLegTheta=0.534705460071564

[RightLeg]
ThighAlpha=0.0321299284696579
ThighTheta=0.391905784606934
LowerLegAlpha=-0.0321299210190773
LowerLegTheta=0.46171897649765
