[%General]
Highest=171
CenterX=34.4182721755109
CenterY=102.644189542848
XWidth=61

[LeftLeg]
ThighAlpha=-0.0785398185253143
ThighTheta=0.628318548202515
LowerLegAlpha=-0.0589048638939857
LowerLegTheta=0.392699092626572

[RightLeg]
ThighAlpha=0.0981747731566429
ThighTheta=-0.549778699874878
LowerLegAlpha=0.0785398185253143
LowerLegTheta=-0.235619455575943
