[%General]
Highest=168
CenterX=35.173503368476
CenterY=203.053726808158
XWidth=61

[LeftLeg]
ThighAlpha=-0.0999597683548927
ThighTheta=-0.391905754804611
LowerLegAlpha=0.0428399071097374
LowerLegTheta=-0.674331784248352

[RightLeg]
ThighAlpha=0.0678298473358154
ThighTheta=0.677505135536194
LowerLegAlpha=-0.00713998079299927
LowerLegTheta=0.0333199352025986
