[%General]
Highest=169
CenterX=35.6666666666667
CenterY=45.1887174128553
XWidth=54

[LeftLeg]
ThighAlpha=0.0392699092626572
ThighTheta=-0.471238911151886
LowerLegAlpha=0.0589048638939857
LowerLegTheta=-0.706858336925507

[RightLeg]
ThighAlpha=0.0981747731566429
ThighTheta=0.628318548202515
LowerLegAlpha=0.0785398185253143
LowerLegTheta=-0.235619455575943
