[%General]
Highest=170
CenterX=38.3148861084376
CenterY=250.994128970164
XWidth=56

[LeftLeg]
ThighAlpha=-0.0214199498295784
ThighTheta=0.74731832742691
LowerLegAlpha=0.0249899476766586
LowerLegTheta=-0.109479740262032

[RightLeg]
ThighAlpha=0.0678298473358154
ThighTheta=-0.318919241428375
LowerLegAlpha=0.0642598569393158
LowerLegTheta=-0.0364932343363762
