[%General]
Highest=150
CenterX=32.8262658098318
CenterY=304.598993082559
XWidth=45

[LeftLeg]
ThighAlpha=-0.0981747731566429
ThighTheta=0.431968986988068
LowerLegAlpha=-0.0392699092626572
LowerLegTheta=-0.274889349937439

[RightLeg]
ThighAlpha=0.0981747731566429
ThighTheta=0.667588412761688
LowerLegAlpha=0.0981747731566429
LowerLegTheta=-0.431968986988068
