[%General]
Highest=168
CenterX=34.2727676649866
CenterY=187.969370044848
XWidth=62

[LeftLeg]
ThighAlpha=-0.0981747731566429
ThighTheta=-0.510508835315704
LowerLegAlpha=0.0196349546313286
LowerLegTheta=-0.314159274101257

[RightLeg]
ThighAlpha=-0.0196349546313286
ThighTheta=0.549778699874878
LowerLegAlpha=-0.0589048638939857
LowerLegTheta=0.431968986988068
