[%General]
Highest=174
CenterX=35.8210753096122
CenterY=89.5424785236172
XWidth=58

[LeftLeg]
ThighAlpha=-0.0214199498295784
ThighTheta=0.677505135536194
LowerLegAlpha=0.00356999784708023
LowerLegTheta=-0.249106079339981

[RightLeg]
ThighAlpha=0.103529766201973
ThighTheta=-0.391905754804611
LowerLegAlpha=0.0428399071097374
LowerLegTheta=-0.106306403875351
