[%General]
Highest=175
CenterX=33.9395915778443
CenterY=150.542407236325
XWidth=59

[LeftLeg]
ThighAlpha=-0.0785398185253143
ThighTheta=0.103133104741573
LowerLegAlpha=-0.0856797993183136
LowerLegTheta=-0.0999597311019897

[RightLeg]
ThighAlpha=0.13922968506813
ThighTheta=0.18246628344059
LowerLegAlpha=0.13922968506813
LowerLegTheta=-0.255452752113342
