[%General]
Highest=175
CenterX=34.3986655889082
CenterY=160.652189996027
XWidth=63

[LeftLeg]
ThighAlpha=-0.117809727787971
ThighTheta=-0.0364932343363762
LowerLegAlpha=-0.0142799615859985
LowerLegTheta=-0.249106079339981

[RightLeg]
ThighAlpha=0.0142799690365791
ThighTheta=0.46171897649765
LowerLegAlpha=0.021419957280159
LowerLegTheta=-0.2522794008255
