[%General]
Highest=168
CenterX=34.2727676649866
CenterY=187.969370044848
XWidth=62

[LeftLeg]
ThighAlpha=-0.157079637050629
ThighTheta=-0.464892268180847
LowerLegAlpha=0.0428399071097374
LowerLegTheta=-0.391905754804611

[RightLeg]
ThighAlpha=-0.024989940226078
ThighTheta=0.534705460071564
LowerLegAlpha=-0.0642598494887352
LowerLegTheta=0.46171897649765
