[%General]
Highest=168
CenterX=37.8412464334947
CenterY=256.249671400635
XWidth=54

[LeftLeg]
ThighAlpha=-0.0214199498295784
ThighTheta=0.677505135536194
LowerLegAlpha=0.021419957280159
LowerLegTheta=0.179292947053909

[RightLeg]
ThighAlpha=0.0321299284696579
ThighTheta=-0.391905754804611
LowerLegAlpha=0.0821098163723946
LowerLegTheta=-0.109479740262032
