[%General]
Highest=170
CenterX=34.0987575876381
CenterY=107.536481499006
XWidth=61

[LeftLeg]
ThighAlpha=-0.0999597683548927
ThighTheta=0.74731832742691
LowerLegAlpha=-0.024989940226078
LowerLegTheta=0.112653113901615

[RightLeg]
ThighAlpha=0.103529766201973
ThighTheta=-0.534705400466919
LowerLegAlpha=0.0821098163723946
LowerLegTheta=-0.391905754804611
