[%General]
Highest=169
CenterX=35.6666666666667
CenterY=45.1887174128553
XWidth=54

[LeftLeg]
ThighAlpha=0.0678298473358154
ThighTheta=-0.514758765697479
LowerLegAlpha=0.00356999784708023
LowerLegTheta=-0.657558441162109

[RightLeg]
ThighAlpha=0.13922968506813
ThighTheta=0.657558560371399
LowerLegAlpha=-0.0392699092626572
LowerLegTheta=-0.229159444570541
