[%General]
Highest=151
CenterX=33.5093365574683
CenterY=299.871725487938
XWidth=46

[LeftLeg]
ThighAlpha=-0.157079637050629
ThighTheta=0.60451865196228
LowerLegAlpha=0.021419957280159
LowerLegTheta=-0.249106079339981

[RightLeg]
ThighAlpha=-0.0428398996591568
ThighTheta=-0.112653076648712
LowerLegAlpha=-0.0535498708486557
LowerLegTheta=-0.956757783889771
