[%General]
Highest=171
CenterX=36.1993826355376
CenterY=19.6236830282741
XWidth=52

[LeftLeg]
ThighAlpha=0.0981747731566429
ThighTheta=-0.431968986988068
LowerLegAlpha=-0.0981747731566429
LowerLegTheta=0

[RightLeg]
ThighAlpha=0.0392699092626572
ThighTheta=0.353429168462753
LowerLegAlpha=-0.0392699092626572
LowerLegTheta=0.274889349937439
