[%General]
Highest=172
CenterX=38.8275637710415
CenterY=245.603093041491
XWidth=56

[LeftLeg]
ThighAlpha=0.0285599380731583
ThighTheta=0.74731832742691
LowerLegAlpha=0.00356999784708023
LowerLegTheta=-0.322092592716217

[RightLeg]
ThighAlpha=0.0856798067688942
ThighTheta=-0.179292917251587
LowerLegAlpha=0.0285599380731583
LowerLegTheta=-0.10313306748867
