[%General]
Highest=174
CenterX=37.179297574672
CenterY=65.603645253425
XWidth=56

[LeftLeg]
ThighAlpha=0.0107099786400795
ThighTheta=0.176119610667229
LowerLegAlpha=0.021419957280159
LowerLegTheta=-0.956757783889771

[RightLeg]
ThighAlpha=0.13922968506813
ThighTheta=0.106306441128254
LowerLegAlpha=0.0678298473358154
LowerLegTheta=-0.106306403875351
