[%General]
Highest=175
CenterX=34.312657456881
CenterY=155.294883862573
XWidth=61

[LeftLeg]
ThighAlpha=-0.157079637050629
ThighTheta=0.106306441128254
LowerLegAlpha=-0.13922968506813
LowerLegTheta=-0.249106079339981

[RightLeg]
ThighAlpha=0.103529766201973
ThighTheta=0.322092622518539
LowerLegAlpha=-0.0321299210190773
LowerLegTheta=-0.325265914201736
