[%General]
Highest=169
CenterX=34.9309705035866
CenterY=35.7510117021432
XWidth=53

[LeftLeg]
ThighAlpha=0.0999597758054733
ThighTheta=-0.677505135536194
LowerLegAlpha=-0.157079637050629
LowerLegTheta=-0.249106079339981

[RightLeg]
ThighAlpha=0.121379725635052
ThighTheta=0.534705460071564
LowerLegAlpha=-0.0428398996591568
LowerLegTheta=0.106306441128254
