[%General]
Highest=173
CenterX=36.0825481763567
CenterY=13.121122090542
XWidth=51

[LeftLeg]
ThighAlpha=-0.117809727787971
ThighTheta=-0.112653076648712
LowerLegAlpha=-0.157079637050629
LowerLegTheta=0.468065619468689

[RightLeg]
ThighAlpha=0.0321299284696579
ThighTheta=0.249106109142303
LowerLegAlpha=-0.0464098900556564
LowerLegTheta=-0.10313306748867
