[%General]
Highest=168
CenterX=35.173503368476
CenterY=203.053726808158
XWidth=61

[LeftLeg]
ThighAlpha=-0.117809727787971
ThighTheta=-0.371959120035172
LowerLegAlpha=0.0428399071097374
LowerLegTheta=-0.66435843706131

[RightLeg]
ThighAlpha=0.0678298473358154
ThighTheta=0.717398405075073
LowerLegAlpha=-0.0606898590922356
LowerLegTheta=-0.0265199020504951
