[%General]
Highest=171
CenterX=32.4860691243637
CenterY=128.094839883266
XWidth=59

[LeftLeg]
ThighAlpha=-0.117809727787971
ThighTheta=0.59771865606308
LowerLegAlpha=-0.0856797993183136
LowerLegTheta=-0.0197199191898108

[RightLeg]
ThighAlpha=0.0678298473358154
ThighTheta=-0.199239507317543
LowerLegAlpha=0.021419957280159
LowerLegTheta=-0.94995778799057
