[%General]
Highest=173
CenterX=34.7675124290494
CenterY=170.610723526463
XWidth=63

[LeftLeg]
ThighAlpha=-0.0999597683548927
ThighTheta=-0.249106079339981
LowerLegAlpha=-0.0107099711894989
LowerLegTheta=-0.249106079339981

[RightLeg]
ThighAlpha=0.0142799690365791
ThighTheta=0.46489229798317
LowerLegAlpha=-0.0856797993183136
LowerLegTheta=0.252279460430145
