[%General]
Highest=174
CenterX=32.4010963724959
CenterY=141.58917162967
XWidth=58

[LeftLeg]
ThighAlpha=-0.0981747731566429
ThighTheta=0.353429168462753
LowerLegAlpha=-0.0981747731566429
LowerLegTheta=-0.196349546313286

[RightLeg]
ThighAlpha=0.0196349546313286
ThighTheta=0.0392699092626572
LowerLegAlpha=-0.0196349546313286
LowerLegTheta=-0.785398185253143
