[%General]
Highest=168
CenterX=36.6267026807238
CenterY=217.476590862885
XWidth=57

[LeftLeg]
ThighAlpha=-0.0214199498295784
ThighTheta=0.103133104741573
LowerLegAlpha=0.0606898665428162
LowerLegTheta=-1.09955739974976

[RightLeg]
ThighAlpha=0.121379725635052
ThighTheta=0.534705460071564
LowerLegAlpha=-0.0214199498295784
LowerLegTheta=-0.179292917251587
