[%General]
Highest=174
CenterX=35.8210753096122
CenterY=89.5424785236172
XWidth=58

[LeftLeg]
ThighAlpha=0
ThighTheta=0.628318548202515
LowerLegAlpha=0.0589048638939857
LowerLegTheta=-0.157079637050629

[RightLeg]
ThighAlpha=0.0981747731566429
ThighTheta=-0.392699092626572
LowerLegAlpha=0.0589048638939857
LowerLegTheta=-0.0785398185253143
