[%General]
Highest=162
CenterX=37.3473183239085
CenterY=272.486758455973
XWidth=49

[LeftLeg]
ThighAlpha=-0.0981747731566429
ThighTheta=0.706858336925507
LowerLegAlpha=0.0785398185253143
LowerLegTheta=0.392699092626572

[RightLeg]
ThighAlpha=0.0589048638939857
ThighTheta=-0.353429168462753
LowerLegAlpha=0.0981747731566429
LowerLegTheta=-0.667588412761688
