[%General]
Highest=171
CenterX=34.4182721755109
CenterY=102.644189542848
XWidth=61

[LeftLeg]
ThighAlpha=-0.0999597683548927
ThighTheta=0.677505135536194
LowerLegAlpha=-0.0285599306225777
LowerLegTheta=0.322092622518539

[RightLeg]
ThighAlpha=0.121379725635052
ThighTheta=-0.537878751754761
LowerLegAlpha=0.00356999784708023
LowerLegTheta=-0.2459327429533
