[%General]
Highest=171
CenterX=34.4101890048262
CenterY=179.135619725525
XWidth=61

[LeftLeg]
ThighAlpha=-0.0981747731566429
ThighTheta=-0.510508835315704
LowerLegAlpha=0.0196349546313286
LowerLegTheta=-0.0392699092626572

[RightLeg]
ThighAlpha=-0.0196349546313286
ThighTheta=0.471238911151886
LowerLegAlpha=-0.0981747731566429
LowerLegTheta=0.628318548202515
