[%General]
Highest=163
CenterX=36.6730109588559
CenterY=277.087248676318
XWidth=49

[LeftLeg]
ThighAlpha=-0.082109808921814
ThighTheta=0.74731832742691
LowerLegAlpha=0.0249899476766586
LowerLegTheta=0.252279460430145

[RightLeg]
ThighAlpha=0.0499798879027367
ThighTheta=-0.322092592716217
LowerLegAlpha=0.0428399071097374
LowerLegTheta=-0.534705400466919
