[%General]
Highest=169
CenterX=35.2818862064097
CenterY=40.3770859805167
XWidth=54

[LeftLeg]
ThighAlpha=0.0678298473358154
ThighTheta=-0.604518592357635
LowerLegAlpha=-0.157079637050629
LowerLegTheta=-0.448118954896927

[RightLeg]
ThighAlpha=0.103529766201973
ThighTheta=0.567798733711243
LowerLegAlpha=0.0285599380731583
LowerLegTheta=-0.0197199191898108
