[%General]
Highest=165
CenterX=37.5630341036536
CenterY=264.830619046867
XWidth=50

[LeftLeg]
ThighAlpha=-0.024989940226078
ThighTheta=0.607692003250122
LowerLegAlpha=0.0428399071097374
LowerLegTheta=0.534705460071564

[RightLeg]
ThighAlpha=0.121379725635052
ThighTheta=-0.534705400466919
LowerLegAlpha=0.0428399071097374
LowerLegTheta=-0.179292917251587
