[%General]
Highest=151
CenterX=34.4046887631366
CenterY=294.686679241893
XWidth=46

[LeftLeg]
ThighAlpha=-0.0981747731566429
ThighTheta=0.628318548202515
LowerLegAlpha=0.0196349546313286
LowerLegTheta=-0.0785398185253143

[RightLeg]
ThighAlpha=0.0392699092626572
ThighTheta=-0.314159274101257
LowerLegAlpha=-0.0981747731566429
LowerLegTheta=-0.785398185253143
