[%General]
Highest=172
CenterX=39.4414739763589
CenterY=240.598167561151
XWidth=55

[LeftLeg]
ThighAlpha=0.0392699092626572
ThighTheta=0.471238911151886
LowerLegAlpha=0.0589048638939857
LowerLegTheta=-0.235619455575943

[RightLeg]
ThighAlpha=0.0981747731566429
ThighTheta=-0.117809727787971
LowerLegAlpha=0.0981747731566429
LowerLegTheta=0
