[%General]
Highest=175
CenterX=34.5040915175183
CenterY=165.509652669491
XWidth=62

[LeftLeg]
ThighAlpha=-0.13922968506813
ThighTheta=-0.249106079339981
LowerLegAlpha=0.00356999784708023
LowerLegTheta=-0.109479740262032

[RightLeg]
ThighAlpha=0.0142799690365791
ThighTheta=0.46489229798317
LowerLegAlpha=-0.0321299210190773
LowerLegTheta=0.030146598815918
