[%General]
Highest=168
CenterX=34.4063682023935
CenterY=198.163189061822
XWidth=61

[LeftLeg]
ThighAlpha=-0.13922968506813
ThighTheta=-0.461718916893005
LowerLegAlpha=0.00356999784708023
LowerLegTheta=-0.674331784248352

[RightLeg]
ThighAlpha=-0.0214199498295784
ThighTheta=0.60451865196228
LowerLegAlpha=-0.0107099711894989
LowerLegTheta=0.18246628344059
