[%General]
Highest=169
CenterX=35.6666666666667
CenterY=45.1887174128553
XWidth=54

[LeftLeg]
ThighAlpha=0.0678298473358154
ThighTheta=-0.534705400466919
LowerLegAlpha=0.00356999784708023
LowerLegTheta=-0.607691943645477

[RightLeg]
ThighAlpha=0.13922968506813
ThighTheta=0.677505135536194
LowerLegAlpha=-0.0214199498295784
LowerLegTheta=-0.249106079339981
