[%General]
Highest=175
CenterX=33.6048813230128
CenterY=145.610108251692
XWidth=59

[LeftLeg]
ThighAlpha=-0.117809727787971
ThighTheta=0.116279773414135
LowerLegAlpha=-0.0678298398852348
LowerLegTheta=0.0265199784189463

[RightLeg]
ThighAlpha=0.13922968506813
ThighTheta=0.288999378681183
LowerLegAlpha=-0.0999597683548927
LowerLegTheta=-0.866998016834259
