[%General]
Highest=172
CenterX=39.6760930412122
CenterY=235.855049383908
XWidth=56

[LeftLeg]
ThighAlpha=-0.00356999039649963
ThighTheta=0.46171897649765
LowerLegAlpha=0.00356999784708023
LowerLegTheta=-0.464892268180847

[RightLeg]
ThighAlpha=0.13922968506813
ThighTheta=0.0364932715892792
LowerLegAlpha=0.13922968506813
LowerLegTheta=-0.106306403875351
