[%General]
Highest=172
CenterX=38.8275637710415
CenterY=245.603093041491
XWidth=56

[LeftLeg]
ThighAlpha=0.0196349546313286
ThighTheta=0.785398185253143
LowerLegAlpha=0.0981747731566429
LowerLegTheta=-0.471238911151886

[RightLeg]
ThighAlpha=0.0589048638939857
ThighTheta=-0.157079637050629
LowerLegAlpha=0.0785398185253143
LowerLegTheta=-0.157079637050629
