[%General]
Highest=169
CenterX=37.5598086124402
CenterY=222.013240019996
XWidth=54

[LeftLeg]
ThighAlpha=-0.0785398185253143
ThighTheta=0.32571929693222
LowerLegAlpha=-0.0107099711894989
LowerLegTheta=-1.09955739974976

[RightLeg]
ThighAlpha=0.13922968506813
ThighTheta=0.424999058246613
LowerLegAlpha=-0.0856797993183136
LowerLegTheta=-0.199239507317543
