[%General]
Highest=172
CenterX=34.7383283026319
CenterY=98.5597195971678
XWidth=61

[LeftLeg]
ThighAlpha=-0.0606898590922356
ThighTheta=0.607692003250122
LowerLegAlpha=0.00713998824357986
LowerLegTheta=0.391905784606934

[RightLeg]
ThighAlpha=0.13922968506813
ThighTheta=-0.461718916893005
LowerLegAlpha=0.00713998824357986
LowerLegTheta=-0.322092592716217
