[%General]
Highest=168
CenterX=36.4156907436009
CenterY=212.561231987284
XWidth=59

[LeftLeg]
ThighAlpha=-0.0428398996591568
ThighTheta=0.030146598815918
LowerLegAlpha=-0.0107099711894989
LowerLegTheta=-1.09955739974976

[RightLeg]
ThighAlpha=0.121379725635052
ThighTheta=0.677505135536194
LowerLegAlpha=-0.0999597683548927
LowerLegTheta=-0.249106079339981
