[%General]
Highest=163
CenterX=36.6730109588559
CenterY=277.087248676318
XWidth=49

[LeftLeg]
ThighAlpha=-0.0999597683548927
ThighTheta=0.717398405075073
LowerLegAlpha=0.0606898665428162
LowerLegTheta=0.312119334936142

[RightLeg]
ThighAlpha=0.0499798879027367
ThighTheta=-0.312119245529175
LowerLegAlpha=0.0606898665428162
LowerLegTheta=-0.694278359413147
