[%General]
Highest=175
CenterX=33.6048813230128
CenterY=145.610108251692
XWidth=59

[LeftLeg]
ThighAlpha=-0.117809727787971
ThighTheta=0.106306441128254
LowerLegAlpha=-0.0499798804521561
LowerLegTheta=0.0364932715892792

[RightLeg]
ThighAlpha=0.13922968506813
ThighTheta=0.31891930103302
LowerLegAlpha=-0.0999597683548927
LowerLegTheta=-0.886944591999054
