[%General]
Highest=157
CenterX=35.1203146437391
CenterY=288.782456782219
XWidth=48

[LeftLeg]
ThighAlpha=-0.117809727787971
ThighTheta=0.687478482723236
LowerLegAlpha=0.021419957280159
LowerLegTheta=0.0265199784189463

[RightLeg]
ThighAlpha=0.0321299284696579
ThighTheta=-0.282199323177338
LowerLegAlpha=-0.0285599306225777
LowerLegTheta=-0.777238190174103
