[%General]
Highest=171
CenterX=39.4712597821083
CenterY=231.021927267147
XWidth=55

[LeftLeg]
ThighAlpha=-0.0785398185253143
ThighTheta=0.408679097890854
LowerLegAlpha=0.0606898665428162
LowerLegTheta=-0.754118263721466

[RightLeg]
ThighAlpha=0.13922968506813
ThighTheta=0.206039562821388
LowerLegAlpha=0.121379725635052
LowerLegTheta=-0.206039488315582
