[%General]
Highest=151
CenterX=34.4046887631366
CenterY=294.686679241893
XWidth=46

[LeftLeg]
ThighAlpha=-0.13922968506813
ThighTheta=0.607692003250122
LowerLegAlpha=0.0428399071097374
LowerLegTheta=-0.109479740262032

[RightLeg]
ThighAlpha=-0.0107099711894989
ThighTheta=-0.179292917251587
LowerLegAlpha=0.00356999784708023
LowerLegTheta=-0.959931075572968
