[%General]
Highest=168
CenterX=36.4156907436009
CenterY=212.561231987284
XWidth=59

[LeftLeg]
ThighAlpha=-0.0785398185253143
ThighTheta=-0.157079637050629
LowerLegAlpha=0.0589048638939857
LowerLegTheta=-0.785398185253143

[RightLeg]
ThighAlpha=0.0785398185253143
ThighTheta=0.706858336925507
LowerLegAlpha=0
LowerLegTheta=-0.314159274101257
