[%General]
Highest=151
CenterX=33.5093365574683
CenterY=299.871725487938
XWidth=46

[LeftLeg]
ThighAlpha=-0.157079637050629
ThighTheta=0.574598729610443
LowerLegAlpha=0.021419957280159
LowerLegTheta=-0.229159444570541

[RightLeg]
ThighAlpha=-0.00713998079299927
ThighTheta=-0.132599666714668
LowerLegAlpha=-0.107099749147892
LowerLegTheta=-0.926837861537933
