[%General]
Highest=172
CenterX=39.4414739763589
CenterY=240.598167561151
XWidth=55

[LeftLeg]
ThighAlpha=0.0499798879027367
ThighTheta=0.46489229798317
LowerLegAlpha=0.00713998824357986
LowerLegTheta=-0.2522794008255

[RightLeg]
ThighAlpha=0.13922968506813
ThighTheta=-0.106306403875351
LowerLegAlpha=0.0321299284696579
LowerLegTheta=-0.0396665707230568
