[%General]
Highest=171
CenterX=36.2921766580303
CenterY=16.2161618868936
XWidth=51

[LeftLeg]
ThighAlpha=-0.157079637050629
ThighTheta=0.31891930103302
LowerLegAlpha=-0.196349546313286
LowerLegTheta=0.109479777514935

[RightLeg]
ThighAlpha=0.0678298473358154
ThighTheta=0.322092622518539
LowerLegAlpha=-0.082109808921814
LowerLegTheta=0.0364932715892792
