[%General]
Highest=151
CenterX=32.3841522941751
CenterY=308.690367718842
XWidth=44

[LeftLeg]
ThighAlpha=-0.13922968506813
ThighTheta=0.391905784606934
LowerLegAlpha=0.021419957280159
LowerLegTheta=-0.322092592716217

[RightLeg]
ThighAlpha=0.0606898665428162
ThighTheta=0.458545625209808
LowerLegAlpha=-0.121379718184471
LowerLegTheta=-1.09955739974976
