[%General]
Highest=169
CenterX=35.7580911007475
CenterY=49.6681402925957
XWidth=55

[LeftLeg]
ThighAlpha=0.0285599380731583
ThighTheta=-0.391905754804611
LowerLegAlpha=0.0249899476766586
LowerLegTheta=-0.890117883682251

[RightLeg]
ThighAlpha=0.121379725635052
ThighTheta=0.534705460071564
LowerLegAlpha=0.0107099786400795
LowerLegTheta=-0.179292917251587
