[%General]
Highest=169
CenterX=33.6615651709402
CenterY=116.710096153846
XWidth=61

[LeftLeg]
ThighAlpha=-0.157079637050629
ThighTheta=0.717398405075073
LowerLegAlpha=-0.0321299210190773
LowerLegTheta=0.109479792416096

[RightLeg]
ThighAlpha=0.13922968506813
ThighTheta=-0.431798994541168
LowerLegAlpha=0.0249899476766586
LowerLegTheta=-0.650758504867554
