[%General]
Highest=160
CenterX=35.8393568557392
CenterY=282.964466279589
XWidth=49

[LeftLeg]
ThighAlpha=-0.082109808921814
ThighTheta=0.74731832742691
LowerLegAlpha=0.0249899476766586
LowerLegTheta=0.112653113901615

[RightLeg]
ThighAlpha=0.0499798879027367
ThighTheta=-0.2522794008255
LowerLegAlpha=0.0249899476766586
LowerLegTheta=-0.81395810842514
