[%General]
Highest=175
CenterX=36.2385725846451
CenterY=84.8106090270708
XWidth=56

[LeftLeg]
ThighAlpha=0.0142799690365791
ThighTheta=0.607692003250122
LowerLegAlpha=0.00356999784708023
LowerLegTheta=-0.391905754804611

[RightLeg]
ThighAlpha=0.0856798067688942
ThighTheta=-0.249106079339981
LowerLegAlpha=0.0856798067688942
LowerLegTheta=-0.182466238737106
