[%General]
Highest=173
CenterX=35.1318420980138
CenterY=94.1510426710008
XWidth=59

[LeftLeg]
ThighAlpha=-0.00356999039649963
ThighTheta=0.607692003250122
LowerLegAlpha=-0.0285599306225777
LowerLegTheta=0.172946274280548

[RightLeg]
ThighAlpha=0.103529766201973
ThighTheta=-0.461718916893005
LowerLegAlpha=0.00713998824357986
LowerLegTheta=-0.112653076648712
