[%General]
Highest=168
CenterX=34.3019546232998
CenterY=192.921291381824
XWidth=61

[LeftLeg]
ThighAlpha=-0.13922968506813
ThighTheta=-0.534705400466919
LowerLegAlpha=0.021419957280159
LowerLegTheta=-0.391905754804611

[RightLeg]
ThighAlpha=-0.0285599306225777
ThighTheta=0.60451865196228
LowerLegAlpha=0.00356999784708023
LowerLegTheta=0.252279460430145
