[%General]
Highest=170
CenterX=36.4124343029609
CenterY=53.9130327314357
XWidth=55

[LeftLeg]
ThighAlpha=-0.00356999039649963
ThighTheta=-0.2522794008255
LowerLegAlpha=0.00356999784708023
LowerLegTheta=-0.959931075572968

[RightLeg]
ThighAlpha=0.13922968506813
ThighTheta=0.46489229798317
LowerLegAlpha=0.00713998824357986
LowerLegTheta=-0.179292917251587
