[%General]
Highest=168
CenterX=34.2727676649866
CenterY=187.969370044848
XWidth=62

[LeftLeg]
ThighAlpha=-0.157079637050629
ThighTheta=-0.574598670005798
LowerLegAlpha=0.0606898665428162
LowerLegTheta=-0.282199323177338

[RightLeg]
ThighAlpha=-0.024989940226078
ThighTheta=0.544678807258606
LowerLegAlpha=-0.082109808921814
LowerLegTheta=0.46171897649765
