[%General]
Highest=168
CenterX=35.9836053233771
CenterY=207.644179814525
XWidth=60

[LeftLeg]
ThighAlpha=-0.0981747731566429
ThighTheta=-0.274889349937439
LowerLegAlpha=0.0589048638939857
LowerLegTheta=-0.785398185253143

[RightLeg]
ThighAlpha=0.0392699092626572
ThighTheta=0.746128261089325
LowerLegAlpha=-0.0196349546313286
LowerLegTheta=-0.157079637050629
