[%General]
Highest=165
CenterX=37.5630341036536
CenterY=264.830619046867
XWidth=50

[LeftLeg]
ThighAlpha=-0.0589048638939857
ThighTheta=0.628318548202515
LowerLegAlpha=0.0785398185253143
LowerLegTheta=0.510508835315704

[RightLeg]
ThighAlpha=0.0981747731566429
ThighTheta=-0.510508835315704
LowerLegAlpha=0.0785398185253143
LowerLegTheta=-0.235619455575943
