[%General]
Highest=171
CenterX=36.9470168045634
CenterY=57.9635901125443
XWidth=55

[LeftLeg]
ThighAlpha=0.0142799690365791
ThighTheta=-0.249106079339981
LowerLegAlpha=0.0606898665428162
LowerLegTheta=-0.890117883682251

[RightLeg]
ThighAlpha=0.13922968506813
ThighTheta=0.31891930103302
LowerLegAlpha=0.0249899476766586
LowerLegTheta=-0.10313306748867
