[%General]
Highest=174
CenterX=32.4010963724959
CenterY=141.58917162967
XWidth=58

[LeftLeg]
ThighAlpha=-0.117809727787971
ThighTheta=0.249106109142303
LowerLegAlpha=-0.0499798804521561
LowerLegTheta=0.0333199352025986

[RightLeg]
ThighAlpha=0.0499798879027367
ThighTheta=0.106306441128254
LowerLegAlpha=-0.0499798804521561
LowerLegTheta=-0.959931075572968
