[%General]
Highest=167
CenterX=37.7380222004364
CenterY=260.437683817716
XWidth=51

[LeftLeg]
ThighAlpha=0
ThighTheta=0.628318548202515
LowerLegAlpha=0.0589048638939857
LowerLegTheta=0.431968986988068

[RightLeg]
ThighAlpha=0.0392699092626572
ThighTheta=-0.471238911151886
LowerLegAlpha=0.0981747731566429
LowerLegTheta=-0.157079637050629
