[%General]
Highest=176
CenterX=36.6653620120848
CenterY=70.5173881682413
XWidth=55

[LeftLeg]
ThighAlpha=0.0499798879027367
ThighTheta=0.249106109142303
LowerLegAlpha=-0.0678298398852348
LowerLegTheta=-0.817131459712982

[RightLeg]
ThighAlpha=0.121379725635052
ThighTheta=0.0364932715892792
LowerLegAlpha=0.13922968506813
LowerLegTheta=-0.176119565963745
