[%General]
Highest=176
CenterX=36.6030186563241
CenterY=75.5575869440778
XWidth=55

[LeftLeg]
ThighAlpha=0.103529766201973
ThighTheta=0.388732463121414
LowerLegAlpha=-0.103529758751392
LowerLegTheta=-0.817131459712982

[RightLeg]
ThighAlpha=0.103529766201973
ThighTheta=-0.0333198979496956
LowerLegAlpha=0.13922968506813
LowerLegTheta=-0.176119565963745
