[%General]
Highest=171
CenterX=32.4860691243637
CenterY=128.094839883266
XWidth=59

[LeftLeg]
ThighAlpha=-0.0999597683548927
ThighTheta=0.607692003250122
LowerLegAlpha=-0.103529758751392
LowerLegTheta=-0.0396665707230568

[RightLeg]
ThighAlpha=0.0678298473358154
ThighTheta=-0.179292917251587
LowerLegAlpha=0.021419957280159
LowerLegTheta=-0.959931075572968
