[%General]
Highest=169
CenterX=33.6615651709402
CenterY=116.710096153846
XWidth=61

[LeftLeg]
ThighAlpha=-0.13922968506813
ThighTheta=0.677505135536194
LowerLegAlpha=-0.0321299210190773
LowerLegTheta=0.109479777514935

[RightLeg]
ThighAlpha=0.13922968506813
ThighTheta=-0.391905754804611
LowerLegAlpha=0.0249899476766586
LowerLegTheta=-0.750491619110107
