[%General]
Highest=172
CenterX=32.2017332430603
CenterY=133.109654705484
XWidth=61

[LeftLeg]
ThighAlpha=-0.13922968506813
ThighTheta=0.534705460071564
LowerLegAlpha=-0.121379718184471
LowerLegTheta=-0.179292917251587

[RightLeg]
ThighAlpha=0.0678298473358154
ThighTheta=-0.0396665707230568
LowerLegAlpha=-0.0321299210190773
LowerLegTheta=-1.02974426746368
