[%General]
Highest=164
CenterX=37.4429038868324
CenterY=268.699844658911
XWidth=48

[LeftLeg]
ThighAlpha=-0.0589048638939857
ThighTheta=0.667588412761688
LowerLegAlpha=0.0589048638939857
LowerLegTheta=0.471238911151886

[RightLeg]
ThighAlpha=0.0785398185253143
ThighTheta=-0.471238911151886
LowerLegAlpha=0.0785398185253143
LowerLegTheta=-0.314159274101257
