[%General]
Highest=160
CenterX=35.8393568557392
CenterY=282.964466279589
XWidth=49

[LeftLeg]
ThighAlpha=-0.117809727787971
ThighTheta=0.74731832742691
LowerLegAlpha=0.0606898665428162
LowerLegTheta=0.132599741220474

[RightLeg]
ThighAlpha=0.0499798879027367
ThighTheta=-0.222359463572502
LowerLegAlpha=0.00713998824357986
LowerLegTheta=-0.81395810842514
