[%General]
Highest=169
CenterX=34.9815517697943
CenterY=31.2695148144879
XWidth=53

[LeftLeg]
ThighAlpha=0.0196349546313286
ThighTheta=-0.706858336925507
LowerLegAlpha=-0.0196349546313286
LowerLegTheta=-0.0785398185253143

[RightLeg]
ThighAlpha=0.0392699092626572
ThighTheta=0.431968986988068
LowerLegAlpha=0
LowerLegTheta=0.353429168462753
