[%General]
Highest=170
CenterX=35.8007809147859
CenterY=22.9725678652135
XWidth=52

[LeftLeg]
ThighAlpha=0.0981747731566429
ThighTheta=-0.785398185253143
LowerLegAlpha=0.0589048638939857
LowerLegTheta=0.549778699874878

[RightLeg]
ThighAlpha=0.0196349546313286
ThighTheta=0.353429168462753
LowerLegAlpha=0
LowerLegTheta=0.471238911151886
