[%General]
Highest=157
CenterX=35.1203146437391
CenterY=288.782456782219
XWidth=48

[LeftLeg]
ThighAlpha=-0.117809727787971
ThighTheta=0.677505135536194
LowerLegAlpha=0.021419957280159
LowerLegTheta=0.0364932715892792

[RightLeg]
ThighAlpha=0.0499798879027367
ThighTheta=-0.322092592716217
LowerLegAlpha=-0.0642598494887352
LowerLegTheta=-0.677505135536194
