[%General]
Highest=173
CenterX=34.7675124290494
CenterY=170.610723526463
XWidth=63

[LeftLeg]
ThighAlpha=-0.117809727787971
ThighTheta=-0.288999319076538
LowerLegAlpha=-0.0107099711894989
LowerLegTheta=-0.199239507317543

[RightLeg]
ThighAlpha=0.0321299284696579
ThighTheta=0.454919010400772
LowerLegAlpha=-0.121379718184471
LowerLegTheta=0.252279460430145
