[%General]
Highest=171
CenterX=36.1993826355376
CenterY=19.6236830282741
XWidth=52

[LeftLeg]
ThighAlpha=0.121379725635052
ThighTheta=-0.391905754804611
LowerLegAlpha=-0.103529758751392
LowerLegTheta=-0.0364932343363762

[RightLeg]
ThighAlpha=0.0142799690365791
ThighTheta=0.322092622518539
LowerLegAlpha=-0.00713998079299927
LowerLegTheta=0.31891930103302
