[%General]
Highest=169
CenterX=34.9309705035866
CenterY=35.7510117021432
XWidth=53

[LeftLeg]
ThighAlpha=0.0392699092626572
ThighTheta=-0.706858336925507
LowerLegAlpha=-0.0589048638939857
LowerLegTheta=-0.196349546313286

[RightLeg]
ThighAlpha=0.0785398185253143
ThighTheta=0.549778699874878
LowerLegAlpha=0.0196349546313286
LowerLegTheta=0.0785398185253143
