[%General]
Highest=151
CenterX=32.3841522941751
CenterY=308.690367718842
XWidth=44

[LeftLeg]
ThighAlpha=-0.157079637050629
ThighTheta=0.431799054145813
LowerLegAlpha=0.021419957280159
LowerLegTheta=-0.371959120035172

[RightLeg]
ThighAlpha=0.0499798879027367
ThighTheta=0.454919010400772
LowerLegAlpha=-0.0785398185253143
LowerLegTheta=-1.03971755504608
