[%General]
Highest=171
CenterX=36.2921766580303
CenterY=16.2161618868936
XWidth=51

[LeftLeg]
ThighAlpha=-0.157079637050629
ThighTheta=0.31891930103302
LowerLegAlpha=-0.196349546313286
LowerLegTheta=0.079559862613678

[RightLeg]
ThighAlpha=0.0678298473358154
ThighTheta=0.342039257287979
LowerLegAlpha=-0.0785398185253143
LowerLegTheta=-0.010199936106801
