[%General]
Highest=172
CenterX=32.2017332430603
CenterY=133.109654705484
XWidth=61

[LeftLeg]
ThighAlpha=-0.157079637050629
ThighTheta=0.514758884906769
LowerLegAlpha=-0.0856797993183136
LowerLegTheta=-0.139399647712708

[RightLeg]
ThighAlpha=0.0678298473358154
ThighTheta=-0.0795597806572914
LowerLegAlpha=0.00356999784708023
LowerLegTheta=-1.0097975730896
