[%General]
Highest=165
CenterX=37.5630341036536
CenterY=264.830619046867
XWidth=50

[LeftLeg]
ThighAlpha=-0.00713998079299927
ThighTheta=0.627638638019562
LowerLegAlpha=0.021419957280159
LowerLegTheta=0.514758884906769

[RightLeg]
ThighAlpha=0.103529766201973
ThighTheta=-0.514758765697479
LowerLegAlpha=0.0606898665428162
LowerLegTheta=-0.199239507317543
