[%General]
Highest=169
CenterX=35.7580911007475
CenterY=49.6681402925957
XWidth=55

[LeftLeg]
ThighAlpha=0.0285599380731583
ThighTheta=-0.342039197683334
LowerLegAlpha=0.0606898665428162
LowerLegTheta=-0.979877710342407

[RightLeg]
ThighAlpha=0.121379725635052
ThighTheta=0.514758884906769
LowerLegAlpha=0.0285599380731583
LowerLegTheta=-0.139399647712708
