[%General]
Highest=164
CenterX=37.4429038868324
CenterY=268.699844658911
XWidth=48

[LeftLeg]
ThighAlpha=-0.0214199498295784
ThighTheta=0.657558560371399
LowerLegAlpha=0.00356999784708023
LowerLegTheta=0.484838932752609

[RightLeg]
ThighAlpha=0.0678298473358154
ThighTheta=-0.491638839244843
LowerLegAlpha=0.0999597758054733
LowerLegTheta=-0.365159124135971
