[%General]
Highest=170
CenterX=34.0987575876381
CenterY=107.536481499006
XWidth=61

[LeftLeg]
ThighAlpha=-0.117809727787971
ThighTheta=0.657558560371399
LowerLegAlpha=-0.024989940226078
LowerLegTheta=0.312119334936142

[RightLeg]
ThighAlpha=0.121379725635052
ThighTheta=-0.514758765697479
LowerLegAlpha=0.0642598569393158
LowerLegTheta=-0.431798994541168
