[%General]
Highest=175
CenterX=34.3986655889082
CenterY=160.652189996027
XWidth=63

[LeftLeg]
ThighAlpha=-0.117809727787971
ThighTheta=-0.0564398318529129
LowerLegAlpha=-0.0321299210190773
LowerLegTheta=-0.199239507317543

[RightLeg]
ThighAlpha=0.0107099786400795
ThighTheta=0.454919010400772
LowerLegAlpha=0.0606898665428162
LowerLegTheta=-0.275399327278137
