[%General]
Highest=171
CenterX=34.4101890048262
CenterY=179.135619725525
XWidth=61

[LeftLeg]
ThighAlpha=-0.117809727787971
ThighTheta=-0.514758765697479
LowerLegAlpha=0.021419957280159
LowerLegTheta=-0.0632398128509521

[RightLeg]
ThighAlpha=-0.00356999039649963
ThighTheta=0.478038966655731
LowerLegAlpha=-0.157079637050629
LowerLegTheta=0.611318647861481
