[%General]
Highest=170
CenterX=38.4098409043951
CenterY=226.348431181558
XWidth=53

[LeftLeg]
ThighAlpha=-0.024989940226078
ThighTheta=0.498438894748688
LowerLegAlpha=0.021419957280159
LowerLegTheta=-0.956757783889771

[RightLeg]
ThighAlpha=0.13922968506813
ThighTheta=0.312119334936142
LowerLegAlpha=-0.00356999039649963
LowerLegTheta=-0.162519589066505
