[%General]
Highest=175
CenterX=34.5040915175183
CenterY=165.509652669491
XWidth=62

[LeftLeg]
ThighAlpha=-0.103529758751392
ThighTheta=-0.229159444570541
LowerLegAlpha=-0.0499798804521561
LowerLegTheta=-0.139399647712708

[RightLeg]
ThighAlpha=-0.0214199498295784
ThighTheta=0.454919010400772
LowerLegAlpha=0.021419957280159
LowerLegTheta=0.0401199460029602
