[%General]
Highest=168
CenterX=37.8412464334947
CenterY=256.249671400635
XWidth=54

[LeftLeg]
ThighAlpha=-0.0214199498295784
ThighTheta=0.627638638019562
LowerLegAlpha=0.021419957280159
LowerLegTheta=0.259079456329346

[RightLeg]
ThighAlpha=0.0321299284696579
ThighTheta=-0.401879042387009
LowerLegAlpha=0.0821098163723946
LowerLegTheta=-0.139399647712708
