[%General]
Highest=169
CenterX=34.9815517697943
CenterY=31.2695148144879
XWidth=53

[LeftLeg]
ThighAlpha=0.103529766201973
ThighTheta=-0.717398345470428
LowerLegAlpha=-0.0999597683548927
LowerLegTheta=-0.109479710459709

[RightLeg]
ThighAlpha=0.0321299284696579
ThighTheta=0.431799054145813
LowerLegAlpha=0.0249899476766586
LowerLegTheta=0.342039257287979
