[%General]
Highest=170
CenterX=38.3148861084376
CenterY=250.994128970164
XWidth=56

[LeftLeg]
ThighAlpha=-0.0214199498295784
ThighTheta=0.74731832742691
LowerLegAlpha=0.0606898665428162
LowerLegTheta=-0.139399647712708

[RightLeg]
ThighAlpha=0.0678298473358154
ThighTheta=-0.318919241428375
LowerLegAlpha=0.0642598569393158
LowerLegTheta=-0.0863597691059113
