[%General]
Highest=174
CenterX=37.179297574672
CenterY=65.603645253425
XWidth=56

[LeftLeg]
ThighAlpha=-0.00713998079299927
ThighTheta=0.206039562821388
LowerLegAlpha=0.021419957280159
LowerLegTheta=-0.956757783889771

[RightLeg]
ThighAlpha=0.13922968506813
ThighTheta=0.116279773414135
LowerLegAlpha=0.0678298473358154
LowerLegTheta=-0.0863597691059113
