[%General]
Highest=162
CenterX=37.3473183239085
CenterY=272.486758455973
XWidth=49

[LeftLeg]
ThighAlpha=-0.0785398185253143
ThighTheta=0.717398405075073
LowerLegAlpha=0.0249899476766586
LowerLegTheta=0.365159213542938

[RightLeg]
ThighAlpha=0.103529766201973
ThighTheta=-0.401879042387009
LowerLegAlpha=0.046409897506237
LowerLegTheta=-0.514758765697479
