[%General]
Highest=174
CenterX=32.4010963724959
CenterY=141.58917162967
XWidth=58

[LeftLeg]
ThighAlpha=-0.117809727787971
ThighTheta=0.259079456329346
LowerLegAlpha=-0.0856797993183136
LowerLegTheta=-0.0564398318529129

[RightLeg]
ThighAlpha=0.0856798067688942
ThighTheta=0.206039562821388
LowerLegAlpha=-0.157079637050629
LowerLegTheta=-1.03971755504608
