[%General]
Highest=168
CenterX=36.6267026807238
CenterY=217.476590862885
XWidth=57

[LeftLeg]
ThighAlpha=-0.0392699092626572
ThighTheta=0.152999684214592
LowerLegAlpha=0.0249899476766586
LowerLegTheta=-1.09955739974976

[RightLeg]
ThighAlpha=0.121379725635052
ThighTheta=0.514758884906769
LowerLegAlpha=-0.0214199498295784
LowerLegTheta=-0.169319570064545
