[%General]
Highest=174
CenterX=35.8210753096122
CenterY=89.5424785236172
XWidth=58

[LeftLeg]
ThighAlpha=-0.00356999039649963
ThighTheta=0.627638638019562
LowerLegAlpha=0.021419957280159
LowerLegTheta=-0.109479710459709

[RightLeg]
ThighAlpha=0.103529766201973
ThighTheta=-0.371959120035172
LowerLegAlpha=0.0428399071097374
LowerLegTheta=-0.146199628710747
