[%General]
Highest=168
CenterX=34.4063682023935
CenterY=198.163189061822
XWidth=61

[LeftLeg]
ThighAlpha=-0.13922968506813
ThighTheta=-0.461718916893005
LowerLegAlpha=0.021419957280159
LowerLegTheta=-0.574598670005798

[RightLeg]
ThighAlpha=-0.0392699092626572
ThighTheta=0.574598729610443
LowerLegAlpha=0.0606898665428162
LowerLegTheta=0.222359538078308
