[%General]
Highest=169
CenterX=35.3661704888396
CenterY=26.8288988351241
XWidth=52

[LeftLeg]
ThighAlpha=0.0285599380731583
ThighTheta=-0.627638518810272
LowerLegAlpha=0.00713998824357986
LowerLegTheta=-0.0265199020504951

[RightLeg]
ThighAlpha=0.0142799690365791
ThighTheta=0.371959179639816
LowerLegAlpha=0.00713998824357986
LowerLegTheta=0.514758884906769
