[%General]
Highest=175
CenterX=33.9395915778443
CenterY=150.542407236325
XWidth=59

[LeftLeg]
ThighAlpha=-0.0785398185253143
ThighTheta=-0.0265199020504951
LowerLegAlpha=-0.13922968506813
LowerLegTheta=0.109479792416096

[RightLeg]
ThighAlpha=0.13922968506813
ThighTheta=0.19243960082531
LowerLegAlpha=0.13922968506813
LowerLegTheta=-0.2454794049263
