[%General]
Highest=173
CenterX=36.0825481763567
CenterY=13.121122090542
XWidth=51

[LeftLeg]
ThighAlpha=-0.0999597683548927
ThighTheta=-0.162519589066505
LowerLegAlpha=-0.157079637050629
LowerLegTheta=0.448119014501572

[RightLeg]
ThighAlpha=0.0321299284696579
ThighTheta=0.259079456329346
LowerLegAlpha=-0.0107099711894989
LowerLegTheta=-0.152999609708786
