[%General]
Highest=172
CenterX=34.7383283026319
CenterY=98.5597195971678
XWidth=61

[LeftLeg]
ThighAlpha=-0.0785398185253143
ThighTheta=0.507958889007568
LowerLegAlpha=0.0428399071097374
LowerLegTheta=0.521558880805969

[RightLeg]
ThighAlpha=0.103529766201973
ThighTheta=-0.491638839244843
LowerLegAlpha=0.0428399071097374
LowerLegTheta=-0.2522794008255
