[%General]
Highest=169
CenterX=34.014116949769
CenterY=111.843730215391
XWidth=61

[LeftLeg]
ThighAlpha=-0.117809727787971
ThighTheta=0.657558560371399
LowerLegAlpha=-0.103529758751392
LowerLegTheta=0.259079456329346

[RightLeg]
ThighAlpha=0.13922968506813
ThighTheta=-0.514758765697479
LowerLegAlpha=0.046409897506237
LowerLegTheta=-0.514758765697479
