[%General]
Highest=169
CenterX=34.4541771612095
CenterY=183.383680486147
XWidth=62

[LeftLeg]
ThighAlpha=-0.157079637050629
ThighTheta=-0.514758765697479
LowerLegAlpha=0.021419957280159
LowerLegTheta=-0.235959425568581

[RightLeg]
ThighAlpha=-0.024989940226078
ThighTheta=0.507958889007568
LowerLegAlpha=-0.0999597683548927
LowerLegTheta=0.611318647861481
