[%General]
Highest=171
CenterX=34.4182721755109
CenterY=102.644189542848
XWidth=61

[LeftLeg]
ThighAlpha=-0.117809727787971
ThighTheta=0.657558560371399
LowerLegAlpha=0.00713998824357986
LowerLegTheta=0.371959179639816

[RightLeg]
ThighAlpha=0.121379725635052
ThighTheta=-0.507958829402924
LowerLegAlpha=0.021419957280159
LowerLegTheta=-0.325719207525253
