[%General]
Highest=168
CenterX=35.9836053233771
CenterY=207.644179814525
XWidth=60

[LeftLeg]
ThighAlpha=-0.0999597683548927
ThighTheta=-0.192439526319504
LowerLegAlpha=0.0999597758054733
LowerLegTheta=-0.926837861537933

[RightLeg]
ThighAlpha=0.0499798879027367
ThighTheta=0.74731832742691
LowerLegAlpha=-0.0107099711894989
LowerLegTheta=-0.146199628710747
