[%General]
Highest=172
CenterX=34.784825622397
CenterY=175.215999361303
XWidth=64

[LeftLeg]
ThighAlpha=-0.117809727787971
ThighTheta=-0.484838873147964
LowerLegAlpha=0.021419957280159
LowerLegTheta=-0.0401198677718639

[RightLeg]
ThighAlpha=0.0499798879027367
ThighTheta=0.454919010400772
LowerLegAlpha=-0.157079637050629
LowerLegTheta=0.49163892865181
