[%General]
Highest=151
CenterX=34.4046887631366
CenterY=294.686679241893
XWidth=46

[LeftLeg]
ThighAlpha=-0.157079637050629
ThighTheta=0.657558560371399
LowerLegAlpha=0.0606898665428162
LowerLegTheta=-0.109479710459709

[RightLeg]
ThighAlpha=0.00713998824357986
ThighTheta=-0.229159444570541
LowerLegAlpha=-0.0856797993183136
LowerLegTheta=-0.860197961330414
