[%General]
Highest=172
CenterX=39.6760930412122
CenterY=235.855049383908
XWidth=56

[LeftLeg]
ThighAlpha=-0.00356999039649963
ThighTheta=0.282199382781982
LowerLegAlpha=0.00356999784708023
LowerLegTheta=-0.2454794049263

[RightLeg]
ThighAlpha=0.13922968506813
ThighTheta=0.0265199784189463
LowerLegAlpha=0.13922968506813
LowerLegTheta=-0.0564398318529129
