[%General]
Highest=168
CenterX=36.4156907436009
CenterY=212.561231987284
XWidth=59

[LeftLeg]
ThighAlpha=-0.0606898590922356
ThighTheta=-0.0197199191898108
LowerLegAlpha=0.0606898665428162
LowerLegTheta=-1.09955739974976

[RightLeg]
ThighAlpha=0.13922968506813
ThighTheta=0.717398405075073
LowerLegAlpha=-0.117809727787971
LowerLegTheta=-0.288999319076538
