[%General]
Highest=175
CenterX=36.2385725846451
CenterY=84.8106090270708
XWidth=56

[LeftLeg]
ThighAlpha=0.0321299284696579
ThighTheta=0.567798733711243
LowerLegAlpha=0.021419957280159
LowerLegTheta=-0.312119245529175

[RightLeg]
ThighAlpha=0.0678298473358154
ThighTheta=-0.259079366922379
LowerLegAlpha=0.103529766201973
LowerLegTheta=-0.162519589066505
