[%General]
Highest=172
CenterX=39.4414739763589
CenterY=240.598167561151
XWidth=55

[LeftLeg]
ThighAlpha=0.0499798879027367
ThighTheta=0.544678807258606
LowerLegAlpha=0.0606898665428162
LowerLegTheta=-0.342039197683334

[RightLeg]
ThighAlpha=0.121379725635052
ThighTheta=-0.116279698908329
LowerLegAlpha=0.0856798067688942
LowerLegTheta=0.0102000124752522
