[%General]
Highest=170
CenterX=33.0563927675182
CenterY=122.448619779937
XWidth=60

[LeftLeg]
ThighAlpha=-0.117809727787971
ThighTheta=0.657558560371399
LowerLegAlpha=-0.0499798804521561
LowerLegTheta=0.0333199612796307

[RightLeg]
ThighAlpha=0.121379725635052
ThighTheta=-0.342039197683334
LowerLegAlpha=0.021419957280159
LowerLegTheta=-0.80715811252594
