[%General]
Highest=175
CenterX=34.312657456881
CenterY=155.294883862573
XWidth=61

[LeftLeg]
ThighAlpha=-0.157079637050629
ThighTheta=0.116279773414135
LowerLegAlpha=-0.0321299210190773
LowerLegTheta=-0.229159444570541

[RightLeg]
ThighAlpha=0.103529766201973
ThighTheta=0.282199382781982
LowerLegAlpha=-0.0321299210190773
LowerLegTheta=-0.2454794049263
