[%General]
Highest=172
CenterX=31.946069235441
CenterY=137.53698630137
XWidth=61

[LeftLeg]
ThighAlpha=-0.157079637050629
ThighTheta=0.431799054145813
LowerLegAlpha=-0.0642598494887352
LowerLegTheta=-0.176119565963745

[RightLeg]
ThighAlpha=0.0321299284696579
ThighTheta=0.00340002961456776
LowerLegAlpha=0.021419957280159
LowerLegTheta=-1.03971755504608
