[%General]
Highest=166
CenterX=41.2858605419941
CenterY=66.6601250755511
XWidth=54

[LeftLeg]
ThighAlpha=0.0785398185253143
ThighTheta=-0.235619455575943
LowerLegAlpha=0.0196349546313286
LowerLegTheta=-0.785398185253143

[RightLeg]
ThighAlpha=0.0981747731566429
ThighTheta=0.235619455575943
LowerLegAlpha=0.0392699092626572
LowerLegTheta=0
