[%General]
Highest=168
CenterX=38.6592119651487
CenterY=163.795936364598
XWidth=57

[LeftLeg]
ThighAlpha=-0.0589048638939857
ThighTheta=-0.235619455575943
LowerLegAlpha=-0.0981747731566429
LowerLegTheta=-0.157079637050629

[RightLeg]
ThighAlpha=0.0196349546313286
ThighTheta=0.392699092626572
LowerLegAlpha=0
LowerLegTheta=-0.157079637050629
