[%General]
Highest=167
CenterX=36.7836211991857
CenterY=13.236198857293
XWidth=48

[LeftLeg]
ThighAlpha=-0.0196349546313286
ThighTheta=-0.157079637050629
LowerLegAlpha=-0.0981747731566429
LowerLegTheta=0.0785398185253143

[RightLeg]
ThighAlpha=0.0981747731566429
ThighTheta=-0.0785398185253143
LowerLegAlpha=0.0981747731566429
LowerLegTheta=-0.0785398185253143
