[%General]
Highest=164
CenterX=36.0707505222013
CenterY=8.1496494529812
XWidth=45

[LeftLeg]
ThighAlpha=-0.0785398185253143
ThighTheta=0
LowerLegAlpha=-0.0589048638939857
LowerLegTheta=0

[RightLeg]
ThighAlpha=0.0981747731566429
ThighTheta=-0.0785398185253143
LowerLegAlpha=0.0981747731566429
LowerLegTheta=0.0785398185253143
