[%General]
Highest=149
CenterX=35.1579380833721
CenterY=304.666617392406
XWidth=41

[LeftLeg]
ThighAlpha=-0.0785398185253143
ThighTheta=-0.235619455575943
LowerLegAlpha=-0.0981747731566429
LowerLegTheta=0

[RightLeg]
ThighAlpha=-0.0785398185253143
ThighTheta=0.706858336925507
LowerLegAlpha=0.0196349546313286
LowerLegTheta=-0.471238911151886
