[%General]
Highest=167
CenterX=37.4639271259894
CenterY=21.355416005062
XWidth=49

[LeftLeg]
ThighAlpha=-0.0392699092626572
ThighTheta=-0.157079637050629
LowerLegAlpha=-0.0981747731566429
LowerLegTheta=-0.235619455575943

[RightLeg]
ThighAlpha=0.0785398185253143
ThighTheta=0.314159274101257
LowerLegAlpha=-0.0981747731566429
LowerLegTheta=-0.549778699874878
