[%General]
Highest=169
CenterX=40.2153373220025
CenterY=81.8846334616313
XWidth=54

[LeftLeg]
ThighAlpha=0
ThighTheta=0.157079637050629
LowerLegAlpha=-0.0589048638939857
LowerLegTheta=-0.706858336925507

[RightLeg]
ThighAlpha=0.0981747731566429
ThighTheta=0
LowerLegAlpha=0.0785398185253143
LowerLegTheta=-0.157079637050629
