[%General]
Highest=160
CenterX=39.388057697758
CenterY=251.507779053984
XWidth=52

[LeftLeg]
ThighAlpha=-0.0785398185253143
ThighTheta=0.471238911151886
LowerLegAlpha=-0.0981747731566429
LowerLegTheta=0.549778699874878

[RightLeg]
ThighAlpha=0.0981747731566429
ThighTheta=-0.471238911151886
LowerLegAlpha=0.0392699092626572
LowerLegTheta=-0.235619455575943
