[%General]
Highest=163
CenterX=38.4336731184571
CenterY=194.570962816227
XWidth=56

[LeftLeg]
ThighAlpha=-0.0785398185253143
ThighTheta=-0.471238911151886
LowerLegAlpha=-0.0196349546313286
LowerLegTheta=-0.549778699874878

[RightLeg]
ThighAlpha=0.0589048638939857
ThighTheta=0.471238911151886
LowerLegAlpha=0
LowerLegTheta=0.235619455575943
