[%General]
Highest=165
CenterX=41.6756341865909
CenterY=219.133105627407
XWidth=52

[LeftLeg]
ThighAlpha=0.0589048638939857
ThighTheta=0
LowerLegAlpha=-0.0981747731566429
LowerLegTheta=-0.785398185253143

[RightLeg]
ThighAlpha=0.0981747731566429
ThighTheta=0.157079637050629
LowerLegAlpha=0.0392699092626572
LowerLegTheta=-0.0785398185253143
