[%General]
Highest=159
CenterX=41.4417974779392
CenterY=12.9475784139558
XWidth=52

[LeftLeg]
ThighAlpha=-0.0392699092626572
ThighTheta=0.235619455575943
LowerLegAlpha=0.0392699092626572
LowerLegTheta=-0.235619455575943

[RightLeg]
ThighAlpha=-0.0589048638939857
ThighTheta=-0.274889349937439
LowerLegAlpha=0.0196349546313286
LowerLegTheta=0
