[%General]
Highest=154
CenterX=29.9027864162209
CenterY=256.148914666003
XWidth=56

[LeftLeg]
ThighAlpha=-0.117809727787971
ThighTheta=-0.514758765697479
LowerLegAlpha=0.021419957280159
LowerLegTheta=-0.109479710459709

[RightLeg]
ThighAlpha=-0.0999597683548927
ThighTheta=0.478038966655731
LowerLegAlpha=-0.121379718184471
LowerLegTheta=0.641238570213318
