[%General]
Highest=160
CenterX=38.0382164820132
CenterY=147.887100550879
XWidth=60

[LeftLeg]
ThighAlpha=-0.0785398185253143
ThighTheta=0.176119610667229
LowerLegAlpha=-0.103529758751392
LowerLegTheta=-1.09955739974976

[RightLeg]
ThighAlpha=0.0321299284696579
ThighTheta=0.109479777514935
LowerLegAlpha=0.0249899476766586
LowerLegTheta=0.103133104741573
