[%General]
Highest=156
CenterX=41.5132466117279
CenterY=31.2170809780018
XWidth=56

[LeftLeg]
ThighAlpha=-0.0606898590922356
ThighTheta=0.46171897649765
LowerLegAlpha=-0.0464098900556564
LowerLegTheta=0.46489229798317

[RightLeg]
ThighAlpha=-0.00356999039649963
ThighTheta=-0.534705400466919
LowerLegAlpha=-0.0142799615859985
LowerLegTheta=-0.2522794008255
