[%General]
Highest=156
CenterX=35.595409051349
CenterY=183.934861836379
XWidth=62

[LeftLeg]
ThighAlpha=-0.0981747731566429
ThighTheta=0.510508835315704
LowerLegAlpha=0.0196349546313286
LowerLegTheta=0.510508835315704

[RightLeg]
ThighAlpha=0.0589048638939857
ThighTheta=-0.510508835315704
LowerLegAlpha=-0.0589048638939857
LowerLegTheta=-0.157079637050629
