[%General]
Highest=158
CenterX=36.6476726553062
CenterY=173.753039298841
XWidth=62

[LeftLeg]
ThighAlpha=-0.0606898590922356
ThighTheta=0.534705460071564
LowerLegAlpha=-0.0499798804521561
LowerLegTheta=0.391905784606934

[RightLeg]
ThighAlpha=0.0856798067688942
ThighTheta=-0.461718916893005
LowerLegAlpha=-0.103529758751392
LowerLegTheta=0.0333199352025986
