[%General]
Highest=153
CenterX=30.3144252263107
CenterY=260.362858094075
XWidth=59

[LeftLeg]
ThighAlpha=-0.0392699092626572
ThighTheta=-0.537878751754761
LowerLegAlpha=0.00356999784708023
LowerLegTheta=-0.179292917251587

[RightLeg]
ThighAlpha=-0.0214199498295784
ThighTheta=0.534705460071564
LowerLegAlpha=-0.0999597683548927
LowerLegTheta=0.677505135536194
