[%General]
Highest=159
CenterX=41.4417974779392
CenterY=12.9475784139558
XWidth=52

[LeftLeg]
ThighAlpha=-0.00713998079299927
ThighTheta=0.249106109142303
LowerLegAlpha=0.00356999784708023
LowerLegTheta=-0.315745919942856

[RightLeg]
ThighAlpha=-0.0464098900556564
ThighTheta=-0.249106079339981
LowerLegAlpha=-0.00713998079299927
LowerLegTheta=-0.0364932343363762
