[%General]
Highest=156
CenterX=41.5132466117279
CenterY=31.2170809780018
XWidth=56

[LeftLeg]
ThighAlpha=-0.0785398185253143
ThighTheta=0.431968986988068
LowerLegAlpha=-0.0196349546313286
LowerLegTheta=0.510508835315704

[RightLeg]
ThighAlpha=0
ThighTheta=-0.549778699874878
LowerLegAlpha=0
LowerLegTheta=-0.235619455575943
