[%General]
Highest=159
CenterX=31.0120809557775
CenterY=234.210354255825
XWidth=59

[LeftLeg]
ThighAlpha=-0.0464098900556564
ThighTheta=-0.106306403875351
LowerLegAlpha=-0.103529758751392
LowerLegTheta=0.030146598815918

[RightLeg]
ThighAlpha=-0.00356999039649963
ThighTheta=0.46489229798317
LowerLegAlpha=0.13922968506813
LowerLegTheta=-0.604518592357635
