[%General]
Highest=157
CenterX=39.229158435401
CenterY=100.28293164757
XWidth=61

[LeftLeg]
ThighAlpha=-0.0214199498295784
ThighTheta=-0.461718916893005
LowerLegAlpha=-0.103529758751392
LowerLegTheta=-0.255452752113342

[RightLeg]
ThighAlpha=0.0142799690365791
ThighTheta=0.46489229798317
LowerLegAlpha=-0.0856797993183136
LowerLegTheta=0.46171897649765
