[%General]
Highest=144
CenterX=33.5072271556529
CenterY=309.151520393649
XWidth=47

[LeftLeg]
ThighAlpha=-0.117809727787971
ThighTheta=0.388732463121414
LowerLegAlpha=-0.13922968506813
LowerLegTheta=-0.677505135536194

[RightLeg]
ThighAlpha=0.13922968506813
ThighTheta=0.391905784606934
LowerLegAlpha=-0.082109808921814
LowerLegTheta=-0.534705400466919
