[%General]
Highest=157
CenterX=40.875486886523
CenterY=45.1332770708907
XWidth=59

[LeftLeg]
ThighAlpha=-0.13922968506813
ThighTheta=0.46489229798317
LowerLegAlpha=-0.0142799615859985
LowerLegTheta=0.249106109142303

[RightLeg]
ThighAlpha=0.103529766201973
ThighTheta=-0.464892268180847
LowerLegAlpha=0.021419957280159
LowerLegTheta=-0.677505135536194
