[%General]
Highest=156
CenterX=41.5132466117279
CenterY=31.2170809780018
XWidth=56

[LeftLeg]
ThighAlpha=-0.0785398185253143
ThighTheta=0.431799054145813
LowerLegAlpha=-0.0107099711894989
LowerLegTheta=0.484838932752609

[RightLeg]
ThighAlpha=0.0499798879027367
ThighTheta=-0.484838873147964
LowerLegAlpha=-0.0499798804521561
LowerLegTheta=-0.342039197683334
