[%General]
Highest=160
CenterX=38.7091279023378
CenterY=143.155562647943
XWidth=61

[LeftLeg]
ThighAlpha=-0.0642598494887352
ThighTheta=0.103133104741573
LowerLegAlpha=0.0249899476766586
LowerLegTheta=-1.09955739974976

[RightLeg]
ThighAlpha=-0.00356999039649963
ThighTheta=0.249106109142303
LowerLegAlpha=0.0821098163723946
LowerLegTheta=0.0364932715892792
