[%General]
Highest=159
CenterX=41.2343587069864
CenterY=10.1999478623566
XWidth=50

[LeftLeg]
ThighAlpha=-0.0606898590922356
ThighTheta=0.109479777514935
LowerLegAlpha=0.00356999784708023
LowerLegTheta=-0.322092592716217

[RightLeg]
ThighAlpha=-0.0606898590922356
ThighTheta=-0.2459327429533
LowerLegAlpha=-0.0107099711894989
LowerLegTheta=0.030146598815918
