[%General]
Highest=159
CenterX=41.2343587069864
CenterY=10.1999478623566
XWidth=50

[LeftLeg]
ThighAlpha=0
ThighTheta=0.0785398185253143
LowerLegAlpha=-0.0785398185253143
LowerLegTheta=-0.274889349937439

[RightLeg]
ThighAlpha=-0.0589048638939857
ThighTheta=-0.235619455575943
LowerLegAlpha=0.0196349546313286
LowerLegTheta=0
