[%General]
Highest=160
CenterX=39.194683516723
CenterY=67.7161758119379
XWidth=60

[LeftLeg]
ThighAlpha=-0.0981747731566429
ThighTheta=0.0785398185253143
LowerLegAlpha=0
LowerLegTheta=0.117809727787971

[RightLeg]
ThighAlpha=0.0981747731566429
ThighTheta=0.0392699092626572
LowerLegAlpha=0
LowerLegTheta=-0.785398185253143
