[%General]
Highest=161
CenterX=40.9996245517277
CenterY=82.2296578242125
XWidth=59

[LeftLeg]
ThighAlpha=0.00713998824357986
ThighTheta=-0.116279698908329
LowerLegAlpha=-0.117809727787971
LowerLegTheta=-0.139399647712708

[RightLeg]
ThighAlpha=0.0678298473358154
ThighTheta=0.401879131793976
LowerLegAlpha=0.0606898665428162
LowerLegTheta=-0.514758765697479
