[%General]
Highest=155
CenterX=39.004674056916
CenterY=108.868009596294
XWidth=61

[LeftLeg]
ThighAlpha=-0.0214199498295784
ThighTheta=-0.534705400466919
LowerLegAlpha=-0.0856797993183136
LowerLegTheta=-0.398252427577972

[RightLeg]
ThighAlpha=-0.0214199498295784
ThighTheta=0.537878811359406
LowerLegAlpha=-0.0642598494887352
LowerLegTheta=0.458545625209808
