[%General]
Highest=156
CenterX=29.7696034886538
CenterY=247.171299362029
XWidth=59

[LeftLeg]
ThighAlpha=-0.0981747731566429
ThighTheta=-0.353429168462753
LowerLegAlpha=-0.0589048638939857
LowerLegTheta=-0.0392699092626572

[RightLeg]
ThighAlpha=-0.0981747731566429
ThighTheta=0.471238911151886
LowerLegAlpha=-0.0589048638939857
LowerLegTheta=0.314159274101257
