[%General]
Highest=151
CenterX=30.6474638238259
CenterY=268.888831940956
XWidth=57

[LeftLeg]
ThighAlpha=-0.0999597683548927
ThighTheta=-0.461718916893005
LowerLegAlpha=0.021419957280159
LowerLegTheta=-0.424998998641968

[RightLeg]
ThighAlpha=-0.0392699092626572
ThighTheta=0.627638638019562
LowerLegAlpha=-0.082109808921814
LowerLegTheta=0.521558880805969
