[%General]
Highest=157
CenterX=31.9989523851681
CenterY=210.43189765836
XWidth=60

[LeftLeg]
ThighAlpha=-0.0785398185253143
ThighTheta=0.395079135894775
LowerLegAlpha=0.00356999784708023
LowerLegTheta=0.172946274280548

[RightLeg]
ThighAlpha=-0.0214199498295784
ThighTheta=-0.182466238737106
LowerLegAlpha=0.00356999784708023
LowerLegTheta=-0.81395810842514
