[%General]
Highest=160
CenterX=38.296555293286
CenterY=156.751965969479
XWidth=61

[LeftLeg]
ThighAlpha=-0.024989940226078
ThighTheta=0.342039257287979
LowerLegAlpha=0.00356999784708023
LowerLegTheta=-0.448118954896927

[RightLeg]
ThighAlpha=0.0142799690365791
ThighTheta=-0.116279698908329
LowerLegAlpha=0.00356999784708023
LowerLegTheta=0.0931598246097565
