[%General]
Highest=159
CenterX=39.6977343554813
CenterY=96.0331759786453
XWidth=61

[LeftLeg]
ThighAlpha=-0.0642598494887352
ThighTheta=-0.391905754804611
LowerLegAlpha=0.00356999784708023
LowerLegTheta=-0.179292917251587

[RightLeg]
ThighAlpha=-0.00356999039649963
ThighTheta=0.395079135894775
LowerLegAlpha=-0.0321299210190773
LowerLegTheta=0.388732463121414
