[%General]
Highest=156
CenterX=35.595409051349
CenterY=183.934861836379
XWidth=62

[LeftLeg]
ThighAlpha=-0.0392699092626572
ThighTheta=0.534705460071564
LowerLegAlpha=-0.0856797993183136
LowerLegTheta=0.46489229798317

[RightLeg]
ThighAlpha=0.0499798879027367
ThighTheta=-0.534705400466919
LowerLegAlpha=-0.0428398996591568
LowerLegTheta=-0.109479740262032
