[%General]
Highest=156
CenterX=34.6598502830016
CenterY=189.578812095336
XWidth=61

[LeftLeg]
ThighAlpha=-0.0785398185253143
ThighTheta=0.484838932752609
LowerLegAlpha=-0.0142799615859985
LowerLegTheta=0.49163892865181

[RightLeg]
ThighAlpha=0.0321299284696579
ThighTheta=-0.514758765697479
LowerLegAlpha=0.00356999784708023
LowerLegTheta=-0.305319279432297
