[%General]
Highest=156
CenterX=38.5936497287206
CenterY=123.426389942244
XWidth=59

[LeftLeg]
ThighAlpha=-0.0785398185253143
ThighTheta=-0.392699092626572
LowerLegAlpha=0
LowerLegTheta=-0.785398185253143

[RightLeg]
ThighAlpha=-0.0196349546313286
ThighTheta=0.549778699874878
LowerLegAlpha=0.0392699092626572
LowerLegTheta=0.235619455575943
