[%General]
Highest=151
CenterX=30.6474638238259
CenterY=268.888831940956
XWidth=57

[LeftLeg]
ThighAlpha=-0.0999597683548927
ThighTheta=-0.461718916893005
LowerLegAlpha=0.00356999784708023
LowerLegTheta=-0.395079076290131

[RightLeg]
ThighAlpha=-0.0214199498295784
ThighTheta=0.607692003250122
LowerLegAlpha=-0.0999597683548927
LowerLegTheta=0.531532108783722
