[%General]
Highest=156
CenterX=41.3564568058224
CenterY=35.6740483212034
XWidth=57

[LeftLeg]
ThighAlpha=-0.0981747731566429
ThighTheta=0.510508835315704
LowerLegAlpha=-0.0196349546313286
LowerLegTheta=0.353429168462753

[RightLeg]
ThighAlpha=0.0785398185253143
ThighTheta=-0.549778699874878
LowerLegAlpha=-0.0392699092626572
LowerLegTheta=-0.353429168462753
