[%General]
Highest=157
CenterX=30.3651565174859
CenterY=243.138725849841
XWidth=60

[LeftLeg]
ThighAlpha=-0.0785398185253143
ThighTheta=-0.314159274101257
LowerLegAlpha=-0.0589048638939857
LowerLegTheta=0

[RightLeg]
ThighAlpha=-0.0589048638939857
ThighTheta=0.471238911151886
LowerLegAlpha=0.0589048638939857
LowerLegTheta=0
