[%General]
Highest=159
CenterX=31.3601345375995
CenterY=229.136030850863
XWidth=59

[LeftLeg]
ThighAlpha=-0.082109808921814
ThighTheta=-0.0364932343363762
LowerLegAlpha=0.00356999784708023
LowerLegTheta=0.179292947053909

[RightLeg]
ThighAlpha=0.0499798879027367
ThighTheta=0.391905784606934
LowerLegAlpha=0.0606898665428162
LowerLegTheta=-0.817131459712982
