[%General]
Highest=156
CenterX=41.5132466117279
CenterY=31.2170809780018
XWidth=56

[LeftLeg]
ThighAlpha=-0.0785398185253143
ThighTheta=0.471238911151886
LowerLegAlpha=-0.0392699092626572
LowerLegTheta=0.471238911151886

[RightLeg]
ThighAlpha=0
ThighTheta=-0.549778699874878
LowerLegAlpha=0
LowerLegTheta=-0.235619455575943
