[%General]
Highest=151
CenterX=33.192595398163
CenterY=285.692926806174
XWidth=52

[LeftLeg]
ThighAlpha=-0.00356999039649963
ThighTheta=-0.282199323177338
LowerLegAlpha=0.00356999784708023
LowerLegTheta=-0.956757783889771

[RightLeg]
ThighAlpha=-0.0285599306225777
ThighTheta=0.657558560371399
LowerLegAlpha=0.0249899476766586
LowerLegTheta=-0.0795597806572914
