[%General]
Highest=156
CenterX=41.3564568058224
CenterY=35.6740483212034
XWidth=57

[LeftLeg]
ThighAlpha=-0.0999597683548927
ThighTheta=0.46489229798317
LowerLegAlpha=-0.0321299210190773
LowerLegTheta=0.458545625209808

[RightLeg]
ThighAlpha=0.0678298473358154
ThighTheta=-0.534705400466919
LowerLegAlpha=-0.0321299210190773
LowerLegTheta=-0.395079076290131
