[%General]
Highest=161
CenterX=40.9996245517277
CenterY=82.2296578242125
XWidth=59

[LeftLeg]
ThighAlpha=0.00713998824357986
ThighTheta=-0.106306403875351
LowerLegAlpha=-0.117809727787971
LowerLegTheta=-0.179292917251587

[RightLeg]
ThighAlpha=0.0678298473358154
ThighTheta=0.391905784606934
LowerLegAlpha=0.0428399071097374
LowerLegTheta=-0.464892268180847
