[%General]
Highest=161
CenterX=40.4504467962191
CenterY=77.3735634303133
XWidth=59

[LeftLeg]
ThighAlpha=-0.0107099711894989
ThighTheta=-0.0333198979496956
LowerLegAlpha=-0.157079637050629
LowerLegTheta=-0.112653076648712

[RightLeg]
ThighAlpha=0.0678298473358154
ThighTheta=0.322092622518539
LowerLegAlpha=0.121379725635052
LowerLegTheta=-0.750491619110107
