[%General]
Highest=157
CenterX=31.3567566758024
CenterY=219.699435383625
XWidth=59

[LeftLeg]
ThighAlpha=-0.0785398185253143
ThighTheta=0.249106109142303
LowerLegAlpha=0.021419957280159
LowerLegTheta=0.106306441128254

[RightLeg]
ThighAlpha=-0.00713998079299927
ThighTheta=0.103133104741573
LowerLegAlpha=0.0606898665428162
LowerLegTheta=-1.02974426746368
