[%General]
Highest=159
CenterX=40.3440850503825
CenterY=54.6233630510793
XWidth=61

[LeftLeg]
ThighAlpha=-0.0606898590922356
ThighTheta=0.391905784606934
LowerLegAlpha=-0.121379718184471
LowerLegTheta=0.106306441128254

[RightLeg]
ThighAlpha=0.13922968506813
ThighTheta=-0.249106079339981
LowerLegAlpha=-0.0321299210190773
LowerLegTheta=-0.890117883682251
