[%General]
Highest=157
CenterX=30.3651565174859
CenterY=243.138725849841
XWidth=60

[LeftLeg]
ThighAlpha=-0.0981747731566429
ThighTheta=-0.314159274101257
LowerLegAlpha=-0.0196349546313286
LowerLegTheta=0

[RightLeg]
ThighAlpha=-0.0589048638939857
ThighTheta=0.471238911151886
LowerLegAlpha=0.0392699092626572
LowerLegTheta=0
