[%General]
Highest=161
CenterX=40.6818361955086
CenterY=86.8002774108322
XWidth=60

[LeftLeg]
ThighAlpha=-0.00713998079299927
ThighTheta=-0.249106079339981
LowerLegAlpha=-0.107099749147892
LowerLegTheta=-0.109479740262032

[RightLeg]
ThighAlpha=0.0678298473358154
ThighTheta=0.395079135894775
LowerLegAlpha=-0.0142799615859985
LowerLegTheta=-0.255452752113342
