[%General]
Highest=154
CenterX=29.7679725712848
CenterY=251.605161757073
XWidth=57

[LeftLeg]
ThighAlpha=-0.0214199498295784
ThighTheta=-0.464892268180847
LowerLegAlpha=-0.157079637050629
LowerLegTheta=-0.0333198979496956

[RightLeg]
ThighAlpha=-0.0214199498295784
ThighTheta=0.534705460071564
LowerLegAlpha=-0.157079637050629
LowerLegTheta=0.391905784606934
