[%General]
Highest=160
CenterX=40.3560031324947
CenterY=59.6103837306055
XWidth=62

[LeftLeg]
ThighAlpha=-0.0785398185253143
ThighTheta=0.314159274101257
LowerLegAlpha=-0.0785398185253143
LowerLegTheta=0.0785398185253143

[RightLeg]
ThighAlpha=0.0981747731566429
ThighTheta=-0.235619455575943
LowerLegAlpha=0.0785398185253143
LowerLegTheta=-0.785398185253143
