[%General]
Highest=157
CenterX=41.9038241509739
CenterY=26.9479613950546
XWidth=54

[LeftLeg]
ThighAlpha=-0.0785398185253143
ThighTheta=0.392699092626572
LowerLegAlpha=-0.0196349546313286
LowerLegTheta=0.549778699874878

[RightLeg]
ThighAlpha=-0.0196349546313286
ThighTheta=-0.471238911151886
LowerLegAlpha=0.0196349546313286
LowerLegTheta=-0.235619455575943
