[%General]
Highest=159
CenterX=41.8677282547811
CenterY=19.7511536101998
XWidth=53

[LeftLeg]
ThighAlpha=-0.0606898590922356
ThighTheta=0.322092622518539
LowerLegAlpha=0.00356999784708023
LowerLegTheta=0.315745949745178

[RightLeg]
ThighAlpha=-0.0428398996591568
ThighTheta=-0.391905754804611
LowerLegAlpha=-0.0142799615859985
LowerLegTheta=-0.106306403875351
