[%General]
Highest=154
CenterX=29.9027864162209
CenterY=256.148914666003
XWidth=56

[LeftLeg]
ThighAlpha=-0.0999597683548927
ThighTheta=-0.534705400466919
LowerLegAlpha=0.021419957280159
LowerLegTheta=-0.0396665707230568

[RightLeg]
ThighAlpha=-0.0999597683548927
ThighTheta=0.468065619468689
LowerLegAlpha=-0.13922968506813
LowerLegTheta=0.601345300674438
