[%General]
Highest=160
CenterX=38.296555293286
CenterY=156.751965969479
XWidth=61

[LeftLeg]
ThighAlpha=0.0392699092626572
ThighTheta=0.392699092626572
LowerLegAlpha=-0.0981747731566429
LowerLegTheta=-0.549778699874878

[RightLeg]
ThighAlpha=0.0196349546313286
ThighTheta=-0.157079637050629
LowerLegAlpha=0.0196349546313286
LowerLegTheta=0.157079637050629
