[%General]
Highest=150
CenterX=31.3324247326956
CenterY=273.818584693303
XWidth=55

[LeftLeg]
ThighAlpha=-0.0785398185253143
ThighTheta=-0.461718916893005
LowerLegAlpha=0.00356999784708023
LowerLegTheta=-0.454918920993805

[RightLeg]
ThighAlpha=-0.117809727787971
ThighTheta=0.59771865606308
LowerLegAlpha=0.021419957280159
LowerLegTheta=0.431799054145813
