[%General]
Highest=160
CenterX=40.3629263522353
CenterY=91.5655006541476
XWidth=61

[LeftLeg]
ThighAlpha=-0.024989940226078
ThighTheta=-0.318919241428375
LowerLegAlpha=-0.082109808921814
LowerLegTheta=-0.112653076648712

[RightLeg]
ThighAlpha=0.0142799690365791
ThighTheta=0.391905784606934
LowerLegAlpha=0.00356999784708023
LowerLegTheta=0.109479777514935
