[%General]
Highest=157
CenterX=31.6001852287428
CenterY=215.281415382806
XWidth=58

[LeftLeg]
ThighAlpha=-0.0785398185253143
ThighTheta=0.314159274101257
LowerLegAlpha=0
LowerLegTheta=0.157079637050629

[RightLeg]
ThighAlpha=0
ThighTheta=-0.157079637050629
LowerLegAlpha=0
LowerLegTheta=-0.785398185253143
