[%General]
Highest=160
CenterX=39.8984706627925
CenterY=64.0081429135129
XWidth=63

[LeftLeg]
ThighAlpha=-0.0642598494887352
ThighTheta=0.179292947053909
LowerLegAlpha=-0.0856797993183136
LowerLegTheta=0.103133104741573

[RightLeg]
ThighAlpha=0.13922968506813
ThighTheta=0.0333199352025986
LowerLegAlpha=-0.0107099711894989
LowerLegTheta=-1.02974426746368
