[%General]
Highest=155
CenterX=32.8046307125198
CenterY=205.120060992761
XWidth=60

[LeftLeg]
ThighAlpha=-0.0981747731566429
ThighTheta=0.471238911151886
LowerLegAlpha=0
LowerLegTheta=0.235619455575943

[RightLeg]
ThighAlpha=0.0196349546313286
ThighTheta=-0.314159274101257
LowerLegAlpha=0
LowerLegTheta=-0.706858336925507
