[%General]
Highest=157
CenterX=41.9038241509739
CenterY=26.9479613950546
XWidth=54

[LeftLeg]
ThighAlpha=-0.0785398185253143
ThighTheta=0.431968986988068
LowerLegAlpha=0.0196349546313286
LowerLegTheta=0.431968986988068

[RightLeg]
ThighAlpha=-0.0196349546313286
ThighTheta=-0.510508835315704
LowerLegAlpha=0.0196349546313286
LowerLegTheta=-0.157079637050629
