[%General]
Highest=153
CenterX=30.3144252263107
CenterY=260.362858094075
XWidth=59

[LeftLeg]
ThighAlpha=-0.0392699092626572
ThighTheta=-0.537878751754761
LowerLegAlpha=-0.0678298398852348
LowerLegTheta=-0.169319570064545

[RightLeg]
ThighAlpha=-0.0392699092626572
ThighTheta=0.514758884906769
LowerLegAlpha=-0.0999597683548927
LowerLegTheta=0.627638638019562
