[%General]
Highest=156
CenterX=36.0353443022547
CenterY=178.424443090257
XWidth=62

[LeftLeg]
ThighAlpha=-0.0214199498295784
ThighTheta=0.534705460071564
LowerLegAlpha=-0.0856797993183136
LowerLegTheta=0.534705460071564

[RightLeg]
ThighAlpha=0.0499798879027367
ThighTheta=-0.464892268180847
LowerLegAlpha=-0.0142799615859985
LowerLegTheta=-0.172946244478226
