[%General]
Highest=156
CenterX=34.6598502830016
CenterY=189.578812095336
XWidth=61

[LeftLeg]
ThighAlpha=-0.0606898590922356
ThighTheta=0.46489229798317
LowerLegAlpha=-0.0678298398852348
LowerLegTheta=0.531532108783722

[RightLeg]
ThighAlpha=0.0499798879027367
ThighTheta=-0.534705400466919
LowerLegAlpha=-0.0499798804521561
LowerLegTheta=-0.255452752113342
