[%General]
Highest=151
CenterX=33.192595398163
CenterY=285.692926806174
XWidth=52

[LeftLeg]
ThighAlpha=-0.00356999039649963
ThighTheta=-0.2522794008255
LowerLegAlpha=0.00356999784708023
LowerLegTheta=-0.956757783889771

[RightLeg]
ThighAlpha=0.00713998824357986
ThighTheta=0.677505135536194
LowerLegAlpha=0.00713998824357986
LowerLegTheta=-0.0396665707230568
