[%General]
Highest=155
CenterX=32.8046307125198
CenterY=205.120060992761
XWidth=60

[LeftLeg]
ThighAlpha=-0.0785398185253143
ThighTheta=0.484838932752609
LowerLegAlpha=-0.0499798804521561
LowerLegTheta=0.169319659471512

[RightLeg]
ThighAlpha=0.0321299284696579
ThighTheta=-0.348839163780212
LowerLegAlpha=-0.0142799615859985
LowerLegTheta=-0.650758504867554
