[%General]
Highest=160
CenterX=41.6758963148875
CenterY=16.2607375622394
XWidth=52

[LeftLeg]
ThighAlpha=-0.0589048638939857
ThighTheta=0.353429168462753
LowerLegAlpha=0.0392699092626572
LowerLegTheta=-0.0785398185253143

[RightLeg]
ThighAlpha=-0.0392699092626572
ThighTheta=-0.353429168462753
LowerLegAlpha=0
LowerLegTheta=-0.0392699092626572
