[%General]
Highest=159
CenterX=41.2343587069864
CenterY=10.1999478623566
XWidth=50

[LeftLeg]
ThighAlpha=0
ThighTheta=0.0785398185253143
LowerLegAlpha=-0.0785398185253143
LowerLegTheta=-0.235619455575943

[RightLeg]
ThighAlpha=-0.0392699092626572
ThighTheta=-0.235619455575943
LowerLegAlpha=0
LowerLegTheta=0
