[%General]
Highest=155
CenterX=33.4961898164184
CenterY=199.555969287611
XWidth=60

[LeftLeg]
ThighAlpha=-0.13922968506813
ThighTheta=0.46489229798317
LowerLegAlpha=0.0249899476766586
LowerLegTheta=0.388732463121414

[RightLeg]
ThighAlpha=0.046409897506237
ThighTheta=-0.461718916893005
LowerLegAlpha=-0.0285599306225777
LowerLegTheta=-0.468065589666367
