[%General]
Highest=158
CenterX=42.0877411820908
CenterY=23.2108336208498
XWidth=53

[LeftLeg]
ThighAlpha=-0.0606898590922356
ThighTheta=0.391905784606934
LowerLegAlpha=0.021419957280159
LowerLegTheta=0.388732463121414

[RightLeg]
ThighAlpha=-0.00356999039649963
ThighTheta=-0.461718916893005
LowerLegAlpha=0.00356999784708023
LowerLegTheta=-0.109479740262032
