[%General]
Highest=158
CenterX=38.684260909265
CenterY=129.576015080779
XWidth=59

[LeftLeg]
ThighAlpha=-0.0999597683548927
ThighTheta=-0.312119245529175
LowerLegAlpha=0.0606898665428162
LowerLegTheta=-0.896917939186096

[RightLeg]
ThighAlpha=0.0142799690365791
ThighTheta=0.484838932752609
LowerLegAlpha=0.00356999784708023
LowerLegTheta=0.152999684214592
