[%General]
Highest=151
CenterX=32.38499555753
CenterY=279.865633792389
XWidth=54

[LeftLeg]
ThighAlpha=-0.00713998079299927
ThighTheta=-0.371959120035172
LowerLegAlpha=0.00356999784708023
LowerLegTheta=-0.717398345470428

[RightLeg]
ThighAlpha=-0.0392699092626572
ThighTheta=0.657558560371399
LowerLegAlpha=0.00356999784708023
LowerLegTheta=0.146199703216553
