[%General]
Highest=156
CenterX=39.0673903405272
CenterY=118.584860056349
XWidth=61

[LeftLeg]
ThighAlpha=-0.0785398185253143
ThighTheta=-0.471238911151886
LowerLegAlpha=0.0196349546313286
LowerLegTheta=-0.628318548202515

[RightLeg]
ThighAlpha=0
ThighTheta=0.549778699874878
LowerLegAlpha=0
LowerLegTheta=0.314159274101257
