[%General]
Highest=149
CenterX=33.6853437541904
CenterY=290.701664655288
XWidth=51

[LeftLeg]
ThighAlpha=0.0285599380731583
ThighTheta=-0.179292917251587
LowerLegAlpha=-0.0856797993183136
LowerLegTheta=-1.09955739974976

[RightLeg]
ThighAlpha=0.0321299284696579
ThighTheta=0.677505135536194
LowerLegAlpha=-0.0321299210190773
LowerLegTheta=-0.179292917251587
