[%General]
Highest=160
CenterX=38.296555293286
CenterY=156.751965969479
XWidth=61

[LeftLeg]
ThighAlpha=-0.0196349546313286
ThighTheta=0.353429168462753
LowerLegAlpha=0
LowerLegTheta=-0.510508835315704

[RightLeg]
ThighAlpha=0.0196349546313286
ThighTheta=-0.117809727787971
LowerLegAlpha=0.0196349546313286
LowerLegTheta=0.0785398185253143
