[%General]
Highest=158
CenterX=37.4438896093665
CenterY=169.505169258366
XWidth=62

[LeftLeg]
ThighAlpha=-0.0606898590922356
ThighTheta=0.537878811359406
LowerLegAlpha=0.00713998824357986
LowerLegTheta=0.172946274280548

[RightLeg]
ThighAlpha=0.0642598569393158
ThighTheta=-0.391905754804611
LowerLegAlpha=-0.0678298398852348
LowerLegTheta=0.0333199352025986
