[%General]
Highest=156
CenterX=33.991338672119
CenterY=194.520134037599
XWidth=61

[LeftLeg]
ThighAlpha=-0.0606898590922356
ThighTheta=0.46489229798317
LowerLegAlpha=-0.0642598494887352
LowerLegTheta=0.46171897649765

[RightLeg]
ThighAlpha=0.0321299284696579
ThighTheta=-0.464892268180847
LowerLegAlpha=-0.0107099711894989
LowerLegTheta=-0.391905754804611
