[%General]
Highest=147
CenterX=34.3514641744548
CenterY=302.177788161994
XWidth=50

[LeftLeg]
ThighAlpha=0.0142799690365791
ThighTheta=-0.109479740262032
LowerLegAlpha=-0.103529758751392
LowerLegTheta=-0.959931075572968

[RightLeg]
ThighAlpha=0.0642598569393158
ThighTheta=0.395079135894775
LowerLegAlpha=-0.117809727787971
LowerLegTheta=-0.322092592716217
