[%General]
Highest=150
CenterX=31.3324247326956
CenterY=273.818584693303
XWidth=55

[LeftLeg]
ThighAlpha=-0.0785398185253143
ThighTheta=-0.461718916893005
LowerLegAlpha=0.021419957280159
LowerLegTheta=-0.534705400466919

[RightLeg]
ThighAlpha=-0.0999597683548927
ThighTheta=0.607692003250122
LowerLegAlpha=-0.0142799615859985
LowerLegTheta=0.46171897649765
