[%General]
Highest=156
CenterX=34.6598502830016
CenterY=189.578812095336
XWidth=61

[LeftLeg]
ThighAlpha=-0.0981747731566429
ThighTheta=0.471238911151886
LowerLegAlpha=-0.0392699092626572
LowerLegTheta=0.510508835315704

[RightLeg]
ThighAlpha=0.0196349546313286
ThighTheta=-0.510508835315704
LowerLegAlpha=0
LowerLegTheta=-0.274889349937439
