[%General]
Highest=161
CenterX=40.6818361955086
CenterY=86.8002774108322
XWidth=60

[LeftLeg]
ThighAlpha=-0.00713998079299927
ThighTheta=-0.259079366922379
LowerLegAlpha=-0.107099749147892
LowerLegTheta=-0.0795597806572914

[RightLeg]
ThighAlpha=0.0499798879027367
ThighTheta=0.395079135894775
LowerLegAlpha=-0.0142799615859985
LowerLegTheta=-0.215559482574463
