[%General]
Highest=160
CenterX=40.3560031324947
CenterY=59.6103837306055
XWidth=62

[LeftLeg]
ThighAlpha=-0.0606898590922356
ThighTheta=0.322092622518539
LowerLegAlpha=-0.0856797993183136
LowerLegTheta=0.0364932715892792

[RightLeg]
ThighAlpha=0.13922968506813
ThighTheta=-0.179292917251587
LowerLegAlpha=-0.0142799615859985
LowerLegTheta=-0.890117883682251
