[%General]
Highest=146
CenterX=34.1620693947963
CenterY=296.30109018478
XWidth=50

[LeftLeg]
ThighAlpha=0.0428399071097374
ThighTheta=-0.109479740262032
LowerLegAlpha=-0.13922968506813
LowerLegTheta=-1.09955739974976

[RightLeg]
ThighAlpha=0.0642598569393158
ThighTheta=0.60451865196228
LowerLegAlpha=-0.0999597683548927
LowerLegTheta=-0.318919241428375
