[%General]
Highest=159
CenterX=37.9886813134442
CenterY=165.175368155173
XWidth=62

[LeftLeg]
ThighAlpha=-0.00356999039649963
ThighTheta=0.534705460071564
LowerLegAlpha=-0.0107099711894989
LowerLegTheta=-0.109479740262032

[RightLeg]
ThighAlpha=0.0678298473358154
ThighTheta=-0.322092592716217
LowerLegAlpha=-0.0678298398852348
LowerLegTheta=0.0396666079759598
