[%General]
Highest=159
CenterX=41.8677282547811
CenterY=19.7511536101998
XWidth=53

[LeftLeg]
ThighAlpha=-0.0981747731566429
ThighTheta=0.431968986988068
LowerLegAlpha=0.0981747731566429
LowerLegTheta=0.0785398185253143

[RightLeg]
ThighAlpha=-0.0589048638939857
ThighTheta=-0.431968986988068
LowerLegAlpha=0.0589048638939857
LowerLegTheta=-0.0392699092626572
