[%General]
Highest=158
CenterX=36.6476726553062
CenterY=173.753039298841
XWidth=62

[LeftLeg]
ThighAlpha=-0.0785398185253143
ThighTheta=0.544678807258606
LowerLegAlpha=-0.0142799615859985
LowerLegTheta=0.371959179639816

[RightLeg]
ThighAlpha=0.0499798879027367
ThighTheta=-0.431798994541168
LowerLegAlpha=-0.0321299210190773
LowerLegTheta=-0.0564398318529129
