[%General]
Highest=158
CenterX=38.684260909265
CenterY=129.576015080779
XWidth=59

[LeftLeg]
ThighAlpha=-0.0999597683548927
ThighTheta=-0.322092592716217
LowerLegAlpha=0.0249899476766586
LowerLegTheta=-0.886944591999054

[RightLeg]
ThighAlpha=-0.0214199498295784
ThighTheta=0.46489229798317
LowerLegAlpha=0.021419957280159
LowerLegTheta=0.172946274280548
