[%General]
Highest=157
CenterX=31.060799534549
CenterY=238.983464241422
XWidth=60

[LeftLeg]
ThighAlpha=-0.0642598494887352
ThighTheta=-0.179292917251587
LowerLegAlpha=-0.0499798804521561
LowerLegTheta=-0.0333198979496956

[RightLeg]
ThighAlpha=-0.00356999039649963
ThighTheta=0.46489229798317
LowerLegAlpha=0.0249899476766586
LowerLegTheta=-0.255452752113342
