[%General]
Highest=159
CenterX=41.4417974779392
CenterY=12.9475784139558
XWidth=52

[LeftLeg]
ThighAlpha=-0.0428398996591568
ThighTheta=0.259079456329346
LowerLegAlpha=0.021419957280159
LowerLegTheta=-0.265879362821579

[RightLeg]
ThighAlpha=-0.0464098900556564
ThighTheta=-0.259079366922379
LowerLegAlpha=-0.00713998079299927
LowerLegTheta=0.00340002961456776
