[%General]
Highest=160
CenterX=38.0382164820132
CenterY=147.887100550879
XWidth=60

[LeftLeg]
ThighAlpha=-0.0196349546313286
ThighTheta=0.157079637050629
LowerLegAlpha=-0.0589048638939857
LowerLegTheta=-0.785398185253143

[RightLeg]
ThighAlpha=0.0196349546313286
ThighTheta=0.157079637050629
LowerLegAlpha=0.0392699092626572
LowerLegTheta=0
