[%General]
Highest=160
CenterX=38.296555293286
CenterY=156.751965969479
XWidth=61

[LeftLeg]
ThighAlpha=-0.0428398996591568
ThighTheta=0.322092622518539
LowerLegAlpha=0.00356999784708023
LowerLegTheta=-0.468065589666367

[RightLeg]
ThighAlpha=0.0142799690365791
ThighTheta=-0.106306403875351
LowerLegAlpha=0.021419957280159
LowerLegTheta=0.103133104741573
