[%General]
Highest=155
CenterX=39.004674056916
CenterY=108.868009596294
XWidth=61

[LeftLeg]
ThighAlpha=-0.0392699092626572
ThighTheta=-0.514758765697479
LowerLegAlpha=-0.0499798804521561
LowerLegTheta=-0.418199002742767

[RightLeg]
ThighAlpha=-0.0392699092626572
ThighTheta=0.537878811359406
LowerLegAlpha=-0.0285599306225777
LowerLegTheta=0.498438894748688
