[%General]
Highest=160
CenterX=40.3629263522353
CenterY=91.5655006541476
XWidth=61

[LeftLeg]
ThighAlpha=-0.0428398996591568
ThighTheta=-0.348839163780212
LowerLegAlpha=-0.0464098900556564
LowerLegTheta=-0.0727597996592522

[RightLeg]
ThighAlpha=0.0142799690365791
ThighTheta=0.401879131793976
LowerLegAlpha=0.00356999784708023
LowerLegTheta=0.109479792416096
