[%General]
Highest=151
CenterX=32.38499555753
CenterY=279.865633792389
XWidth=54

[LeftLeg]
ThighAlpha=-0.00713998079299927
ThighTheta=-0.391905754804611
LowerLegAlpha=0.00356999784708023
LowerLegTheta=-0.677505135536194

[RightLeg]
ThighAlpha=-0.0214199498295784
ThighTheta=0.677505135536194
LowerLegAlpha=-0.0499798804521561
LowerLegTheta=0.106306441128254
