[%General]
Highest=159
CenterX=31.1565349105597
CenterY=224.5230813618
XWidth=57

[LeftLeg]
ThighAlpha=-0.0981747731566429
ThighTheta=0.117809727787971
LowerLegAlpha=0.0589048638939857
LowerLegTheta=0.157079637050629

[RightLeg]
ThighAlpha=0.0392699092626572
ThighTheta=0.117809727787971
LowerLegAlpha=0.0392699092626572
LowerLegTheta=-0.785398185253143
