[%General]
Highest=159
CenterX=39.6977343554813
CenterY=96.0331759786453
XWidth=61

[LeftLeg]
ThighAlpha=-0.0642598494887352
ThighTheta=-0.401879042387009
LowerLegAlpha=-0.0142799615859985
LowerLegTheta=-0.169319570064545

[RightLeg]
ThighAlpha=-0.00356999039649963
ThighTheta=0.424999058246613
LowerLegAlpha=-0.0321299210190773
LowerLegTheta=0.31891930103302
