[%General]
Highest=160
CenterX=38.2430389035208
CenterY=152.755323191425
XWidth=59

[LeftLeg]
ThighAlpha=-0.0214199498295784
ThighTheta=0.252279460430145
LowerLegAlpha=-0.103529758751392
LowerLegTheta=-0.677505135536194

[RightLeg]
ThighAlpha=-0.00356999039649963
ThighTheta=-0.0364932343363762
LowerLegAlpha=0.0821098163723946
LowerLegTheta=0.176119610667229
