[%General]
Highest=156
CenterX=39.0522378053686
CenterY=104.201134321954
XWidth=61

[LeftLeg]
ThighAlpha=-0.0606898590922356
ThighTheta=-0.537878751754761
LowerLegAlpha=-0.0499798804521561
LowerLegTheta=-0.2459327429533

[RightLeg]
ThighAlpha=0.0142799690365791
ThighTheta=0.46489229798317
LowerLegAlpha=-0.121379718184471
LowerLegTheta=0.60451865196228
