[%General]
Highest=160
CenterX=38.0382164820132
CenterY=147.887100550879
XWidth=60

[LeftLeg]
ThighAlpha=-0.0196349546313286
ThighTheta=0.117809727787971
LowerLegAlpha=-0.0981747731566429
LowerLegTheta=-0.785398185253143

[RightLeg]
ThighAlpha=0
ThighTheta=0.117809727787971
LowerLegAlpha=0.0785398185253143
LowerLegTheta=0.0785398185253143
