[%General]
Highest=147
CenterX=34.3514641744548
CenterY=302.177788161994
XWidth=50

[LeftLeg]
ThighAlpha=0.0196349546313286
ThighTheta=-0.196349546313286
LowerLegAlpha=-0.0981747731566429
LowerLegTheta=-0.746128261089325

[RightLeg]
ThighAlpha=0.0589048638939857
ThighTheta=0.392699092626572
LowerLegAlpha=-0.0981747731566429
LowerLegTheta=-0.353429168462753
