[%General]
Highest=156
CenterX=41.1373973468099
CenterY=40.5416403453359
XWidth=58

[LeftLeg]
ThighAlpha=-0.0785398185253143
ThighTheta=0.454919010400772
LowerLegAlpha=-0.0499798804521561
LowerLegTheta=0.371959179639816

[RightLeg]
ThighAlpha=0.0499798879027367
ThighTheta=-0.514758765697479
LowerLegAlpha=0.021419957280159
LowerLegTheta=-0.544678747653961
