[%General]
Highest=146
CenterX=33.7742918815601
CenterY=306.049201667518
XWidth=50

[LeftLeg]
ThighAlpha=-0.0785398185253143
ThighTheta=0.0333199352025986
LowerLegAlpha=0.021419957280159
LowerLegTheta=-0.81395810842514

[RightLeg]
ThighAlpha=0.0678298473358154
ThighTheta=0.322092622518539
LowerLegAlpha=-0.117809727787971
LowerLegTheta=-0.391905754804611
