[%General]
Highest=155
CenterX=32.8046307125198
CenterY=205.120060992761
XWidth=60

[LeftLeg]
ThighAlpha=-0.0606898590922356
ThighTheta=0.46489229798317
LowerLegAlpha=-0.0678298398852348
LowerLegTheta=0.179292947053909

[RightLeg]
ThighAlpha=0.0321299284696579
ThighTheta=-0.318919241428375
LowerLegAlpha=-0.0142799615859985
LowerLegTheta=-0.680678427219391
