[%General]
Highest=158
CenterX=37.4438896093665
CenterY=169.505169258366
XWidth=62

[LeftLeg]
ThighAlpha=-0.0606898590922356
ThighTheta=0.537878811359406
LowerLegAlpha=0.0428399071097374
LowerLegTheta=0.18291962146759

[RightLeg]
ThighAlpha=0.0642598569393158
ThighTheta=-0.371959120035172
LowerLegAlpha=-0.0499798804521561
LowerLegTheta=-0.0265199020504951
