[%General]
Highest=161
CenterX=39.7383789085863
CenterY=72.4485872867772
XWidth=59

[LeftLeg]
ThighAlpha=-0.0606898590922356
ThighTheta=0.0364932715892792
LowerLegAlpha=-0.121379718184471
LowerLegTheta=0.030146598815918

[RightLeg]
ThighAlpha=0.13922968506813
ThighTheta=0.109479777514935
LowerLegAlpha=-0.0142799615859985
LowerLegTheta=-0.541052103042603
