[%General]
Highest=158
CenterX=40.4963006024733
CenterY=49.7313973152944
XWidth=58

[LeftLeg]
ThighAlpha=-0.0785398185253143
ThighTheta=0.454919010400772
LowerLegAlpha=-0.0856797993183136
LowerLegTheta=0.123079754412174

[RightLeg]
ThighAlpha=0.046409897506237
ThighTheta=-0.312119245529175
LowerLegAlpha=0.0249899476766586
LowerLegTheta=-0.837078034877777
