[%General]
Highest=157
CenterX=31.6001852287428
CenterY=215.281415382806
XWidth=58

[LeftLeg]
ThighAlpha=-0.0785398185253143
ThighTheta=0.322092622518539
LowerLegAlpha=-0.0142799615859985
LowerLegTheta=0.106306441128254

[RightLeg]
ThighAlpha=-0.0107099711894989
ThighTheta=-0.179292917251587
LowerLegAlpha=-0.0142799615859985
LowerLegTheta=-0.747318267822266
