[%General]
Highest=160
CenterX=39.194683516723
CenterY=67.7161758119379
XWidth=60

[LeftLeg]
ThighAlpha=-0.0606898590922356
ThighTheta=0.0364932715892792
LowerLegAlpha=-0.121379718184471
LowerLegTheta=0.249106109142303

[RightLeg]
ThighAlpha=0.121379725635052
ThighTheta=0.0364932715892792
LowerLegAlpha=-0.0321299210190773
LowerLegTheta=-0.750491619110107
