[%General]
Highest=160
CenterX=39.8984706627925
CenterY=64.0081429135129
XWidth=63

[LeftLeg]
ThighAlpha=-0.0392699092626572
ThighTheta=0.196349546313286
LowerLegAlpha=-0.0981747731566429
LowerLegTheta=0.0785398185253143

[RightLeg]
ThighAlpha=0.0981747731566429
ThighTheta=-0.235619455575943
LowerLegAlpha=0.0785398185253143
LowerLegTheta=-0.589048624038696
