[%General]
Highest=157
CenterX=31.9989523851681
CenterY=210.43189765836
XWidth=60

[LeftLeg]
ThighAlpha=-0.0785398185253143
ThighTheta=0.395079135894775
LowerLegAlpha=-0.0321299210190773
LowerLegTheta=0.18291962146759

[RightLeg]
ThighAlpha=-0.00356999039649963
ThighTheta=-0.222359463572502
LowerLegAlpha=0.00356999784708023
LowerLegTheta=-0.784038186073303
