[%General]
Highest=156
CenterX=39.0673903405272
CenterY=118.584860056349
XWidth=61

[LeftLeg]
ThighAlpha=-0.082109808921814
ThighTheta=-0.464892268180847
LowerLegAlpha=0.00713998824357986
LowerLegTheta=-0.607691943645477

[RightLeg]
ThighAlpha=-0.00356999039649963
ThighTheta=0.60451865196228
LowerLegAlpha=0.0249899476766586
LowerLegTheta=0.252279460430145
