[%General]
Highest=160
CenterX=39.194683516723
CenterY=67.7161758119379
XWidth=60

[LeftLeg]
ThighAlpha=-0.0785398185253143
ThighTheta=-0.0632398128509521
LowerLegAlpha=-0.0856797993183136
LowerLegTheta=0.408679097890854

[RightLeg]
ThighAlpha=0.103529766201973
ThighTheta=0.0265199784189463
LowerLegAlpha=0.00356999784708023
LowerLegTheta=-0.770438194274902
