[%General]
Highest=159
CenterX=38.51457192097
CenterY=134.582738351696
XWidth=61

[LeftLeg]
ThighAlpha=-0.117809727787971
ThighTheta=-0.179292917251587
LowerLegAlpha=0.021419957280159
LowerLegTheta=-1.02974426746368

[RightLeg]
ThighAlpha=-0.00356999039649963
ThighTheta=0.391905784606934
LowerLegAlpha=0.0249899476766586
LowerLegTheta=0.106306441128254
