[%General]
Highest=160
CenterX=41.6758963148875
CenterY=16.2607375622394
XWidth=52

[LeftLeg]
ThighAlpha=-0.0428398996591568
ThighTheta=0.31891930103302
LowerLegAlpha=-0.0142799615859985
LowerLegTheta=-0.0364932343363762

[RightLeg]
ThighAlpha=-0.0428398996591568
ThighTheta=-0.322092592716217
LowerLegAlpha=0.00356999784708023
LowerLegTheta=-0.0364932343363762
