[%General]
Highest=165
CenterX=38.9507185869129
CenterY=253.04968285829
XWidth=53

[LeftLeg]
ThighAlpha=-0.0785398185253143
ThighTheta=0.706858336925507
LowerLegAlpha=-0.0589048638939857
LowerLegTheta=0.235619455575943

[RightLeg]
ThighAlpha=0.0589048638939857
ThighTheta=-0.471238911151886
LowerLegAlpha=0.0589048638939857
LowerLegTheta=-0.392699092626572
