[%General]
Highest=171
CenterX=39.7130909462438
CenterY=204.616043670544
XWidth=55

[LeftLeg]
ThighAlpha=0.0589048638939857
ThighTheta=0.235619455575943
LowerLegAlpha=-0.0785398185253143
LowerLegTheta=-0.785398185253143

[RightLeg]
ThighAlpha=0.0981747731566429
ThighTheta=0.392699092626572
LowerLegAlpha=-0.0196349546313286
LowerLegTheta=-0.157079637050629
