[%General]
Highest=156
CenterX=33.6563401417257
CenterY=293.304276781992
XWidth=43

[LeftLeg]
ThighAlpha=-0.0981747731566429
ThighTheta=0.0785398185253143
LowerLegAlpha=-0.0589048638939857
LowerLegTheta=0

[RightLeg]
ThighAlpha=0.0589048638939857
ThighTheta=0.471238911151886
LowerLegAlpha=-0.0981747731566429
LowerLegTheta=-0.706858336925507
