[%General]
Highest=172
CenterX=38.5642677007349
CenterY=164.673821080891
XWidth=61

[LeftLeg]
ThighAlpha=0
ThighTheta=-0.549778699874878
LowerLegAlpha=-0.0392699092626572
LowerLegTheta=0

[RightLeg]
ThighAlpha=0.0392699092626572
ThighTheta=0.471238911151886
LowerLegAlpha=-0.0785398185253143
LowerLegTheta=0.628318548202515
