[%General]
Highest=175
CenterX=44.0537990167525
CenterY=61.3809035625248
XWidth=56

[LeftLeg]
ThighAlpha=0.0196349546313286
ThighTheta=0.392699092626572
LowerLegAlpha=0.0196349546313286
LowerLegTheta=-0.628318548202515

[RightLeg]
ThighAlpha=0.0981747731566429
ThighTheta=0
LowerLegAlpha=0.0981747731566429
LowerLegTheta=-0.235619455575943
