[%General]
Highest=173
CenterX=40.666041451749
CenterY=214.229592315215
XWidth=57

[LeftLeg]
ThighAlpha=-0.0392699092626572
ThighTheta=0.392699092626572
LowerLegAlpha=0.0196349546313286
LowerLegTheta=-0.785398185253143

[RightLeg]
ThighAlpha=0.0981747731566429
ThighTheta=0.0785398185253143
LowerLegAlpha=0.0785398185253143
LowerLegTheta=0
