[%General]
Highest=174
CenterX=43.7437670956459
CenterY=56.8394354513251
XWidth=55

[LeftLeg]
ThighAlpha=-0.0589048638939857
ThighTheta=0.314159274101257
LowerLegAlpha=0.0785398185253143
LowerLegTheta=-0.785398185253143

[RightLeg]
ThighAlpha=0.0981747731566429
ThighTheta=0
LowerLegAlpha=0.0981747731566429
LowerLegTheta=-0.157079637050629
