[%General]
Highest=169
CenterX=42.518558999694
CenterY=30.7535667963684
XWidth=50

[LeftLeg]
ThighAlpha=0.0981747731566429
ThighTheta=-0.706858336925507
LowerLegAlpha=-0.0392699092626572
LowerLegTheta=-0.0785398185253143

[RightLeg]
ThighAlpha=0.0981747731566429
ThighTheta=0.549778699874878
LowerLegAlpha=-0.0392699092626572
LowerLegTheta=-0.157079637050629
