[%General]
Highest=169
CenterX=33.9752615821476
CenterY=16.9723139603074
XWidth=50

[LeftLeg]
ThighAlpha=-0.0981747731566429
ThighTheta=0.314159274101257
LowerLegAlpha=-0.0981747731566429
LowerLegTheta=0.235619455575943

[RightLeg]
ThighAlpha=0.0196349546313286
ThighTheta=0.314159274101257
LowerLegAlpha=0
LowerLegTheta=0.392699092626572
