[%General]
Highest=165
CenterX=35.2241457928016
CenterY=272.990089980545
XWidth=52

[LeftLeg]
ThighAlpha=-0.157079637050629
ThighTheta=0.31891930103302
LowerLegAlpha=-0.0856797993183136
LowerLegTheta=0.185639619827271

[RightLeg]
ThighAlpha=0.13922968506813
ThighTheta=0.388732463121414
LowerLegAlpha=0.0821098163723946
LowerLegTheta=0.0364932715892792
