[%General]
Highest=169
CenterX=30.4496092086647
CenterY=95.6212552025384
XWidth=60

[LeftLeg]
ThighAlpha=-0.117809727787971
ThighTheta=0.607692003250122
LowerLegAlpha=0.0249899476766586
LowerLegTheta=0.249106109142303

[RightLeg]
ThighAlpha=0.103529766201973
ThighTheta=-0.391905754804611
LowerLegAlpha=0.00356999784708023
LowerLegTheta=-0.677505135536194
