[%General]
Highest=175
CenterX=28.0624499987878
CenterY=127.811692404664
XWidth=58

[LeftLeg]
ThighAlpha=-0.117809727787971
ThighTheta=0.0931598246097565
LowerLegAlpha=-0.0499798804521561
LowerLegTheta=-0.070039801299572

[RightLeg]
ThighAlpha=0.13922968506813
ThighTheta=0.199239581823349
LowerLegAlpha=-0.157079637050629
LowerLegTheta=-0.424998998641968
