[%General]
Highest=168
CenterX=36.3429774425919
CenterY=233.963120159627
XWidth=58

[LeftLeg]
ThighAlpha=-0.0392699092626572
ThighTheta=0.627638638019562
LowerLegAlpha=-0.0678298398852348
LowerLegTheta=0.424999058246613

[RightLeg]
ThighAlpha=0.13922968506813
ThighTheta=-0.454918920993805
LowerLegAlpha=0.0606898665428162
LowerLegTheta=-0.123079679906368
