[%General]
Highest=170
CenterX=32.8132136465169
CenterY=190.59469733757
XWidth=59

[LeftLeg]
ThighAlpha=-0.00356999039649963
ThighTheta=-0.0364932343363762
LowerLegAlpha=-0.0142799615859985
LowerLegTheta=-1.09955739974976

[RightLeg]
ThighAlpha=0.103529766201973
ThighTheta=0.391905784606934
LowerLegAlpha=0.046409897506237
LowerLegTheta=0.0396666079759598
