[%General]
Highest=175
CenterX=35.1375825975089
CenterY=53.4581603415005
XWidth=54

[LeftLeg]
ThighAlpha=-0.0785398185253143
ThighTheta=0.079559862613678
LowerLegAlpha=-0.0678298398852348
LowerLegTheta=-0.312119245529175

[RightLeg]
ThighAlpha=0.13922968506813
ThighTheta=0.0265199784189463
LowerLegAlpha=0.0499798879027367
LowerLegTheta=-0.206039488315582
