[%General]
Highest=169
CenterX=32.2493794834029
CenterY=185.827414559638
XWidth=59

[LeftLeg]
ThighAlpha=-0.0999597683548927
ThighTheta=-0.179292917251587
LowerLegAlpha=0.021419957280159
LowerLegTheta=-0.890117883682251

[RightLeg]
ThighAlpha=0.103529766201973
ThighTheta=0.537878811359406
LowerLegAlpha=-0.0107099711894989
LowerLegTheta=0.030146598815918
