[%General]
Highest=175
CenterX=34.5181008316265
CenterY=66.8026306048417
XWidth=56

[LeftLeg]
ThighAlpha=0.0856798067688942
ThighTheta=0.534705460071564
LowerLegAlpha=-0.0321299210190773
LowerLegTheta=-0.112653076648712

[RightLeg]
ThighAlpha=0.103529766201973
ThighTheta=-0.249106079339981
LowerLegAlpha=0.0321299284696579
LowerLegTheta=-0.182466238737106
