[%General]
Highest=171
CenterX=35.1771707614833
CenterY=42.486764723145
XWidth=52

[LeftLeg]
ThighAlpha=0.0142799690365791
ThighTheta=-0.106306403875351
LowerLegAlpha=0.021419957280159
LowerLegTheta=-0.820304751396179

[RightLeg]
ThighAlpha=0.121379725635052
ThighTheta=0.179292947053909
LowerLegAlpha=0.0285599380731583
LowerLegTheta=-0.0333198979496956
