[%General]
Highest=165
CenterX=36.1291364003228
CenterY=257.276523200079
XWidth=53

[LeftLeg]
ThighAlpha=-0.157079637050629
ThighTheta=0.574598729610443
LowerLegAlpha=-0.121379718184471
LowerLegTheta=0.19243960082531

[RightLeg]
ThighAlpha=0.103529766201973
ThighTheta=-0.282199323177338
LowerLegAlpha=0.13922968506813
LowerLegTheta=-0.81395810842514
