[%General]
Highest=174
CenterX=35.3556099226218
CenterY=49.4172963131543
XWidth=53

[LeftLeg]
ThighAlpha=-0.0428398996591568
ThighTheta=0.0265199784189463
LowerLegAlpha=0.021419957280159
LowerLegTheta=-0.418199002742767

[RightLeg]
ThighAlpha=0.13922968506813
ThighTheta=0.176119640469551
LowerLegAlpha=0.103529766201973
LowerLegTheta=-0.355639159679413
