[%General]
Highest=169
CenterX=33.9389331645424
CenterY=23.904393359611
XWidth=51

[LeftLeg]
ThighAlpha=-0.157079637050629
ThighTheta=0.322092622518539
LowerLegAlpha=-0.178499579429626
LowerLegTheta=0.106306441128254

[RightLeg]
ThighAlpha=0.0678298473358154
ThighTheta=0.322092622518539
LowerLegAlpha=0.046409897506237
LowerLegTheta=0.176119610667229
