[%General]
Highest=176
CenterX=28.2039240506329
CenterY=131.903556962025
XWidth=58

[LeftLeg]
ThighAlpha=-0.0999597683548927
ThighTheta=0.0364932715892792
LowerLegAlpha=-0.0856797993183136
LowerLegTheta=-0.109479740262032

[RightLeg]
ThighAlpha=0.13922968506813
ThighTheta=0.252279460430145
LowerLegAlpha=-0.0999597683548927
LowerLegTheta=-0.541052103042603
