[%General]
Highest=169
CenterX=31.9987195724485
CenterY=86.7159677666282
XWidth=59

[LeftLeg]
ThighAlpha=-0.117809727787971
ThighTheta=0.627638638019562
LowerLegAlpha=0.021419957280159
LowerLegTheta=0.395079135894775

[RightLeg]
ThighAlpha=0.121379725635052
ThighTheta=-0.461718916893005
LowerLegAlpha=0.00713998824357986
LowerLegTheta=-0.424998998641968
