[%General]
Highest=171
CenterX=33.1255695045489
CenterY=198.798577488324
XWidth=54

[LeftLeg]
ThighAlpha=-0.0214199498295784
ThighTheta=0.265879422426224
LowerLegAlpha=0.021419957280159
LowerLegTheta=-1.09955739974976

[RightLeg]
ThighAlpha=0.13922968506813
ThighTheta=0.259079456329346
LowerLegAlpha=-0.0321299210190773
LowerLegTheta=-0.010199936106801
