[%General]
Highest=166
CenterX=36.2052218038959
CenterY=246.045097397283
XWidth=57

[LeftLeg]
ThighAlpha=-0.0606898590922356
ThighTheta=0.607692003250122
LowerLegAlpha=-0.13922968506813
LowerLegTheta=0.391905784606934

[RightLeg]
ThighAlpha=0.13922968506813
ThighTheta=-0.322092592716217
LowerLegAlpha=0.103529766201973
LowerLegTheta=-0.604518592357635
