[%General]
Highest=169
CenterX=32.2493794834029
CenterY=185.827414559638
XWidth=59

[LeftLeg]
ThighAlpha=-0.0785398185253143
ThighTheta=-0.196349546313286
LowerLegAlpha=0.0785398185253143
LowerLegTheta=-0.785398185253143

[RightLeg]
ThighAlpha=0.0392699092626572
ThighTheta=0.510508835315704
LowerLegAlpha=0.0981747731566429
LowerLegTheta=0.0392699092626572
