[%General]
Highest=169
CenterX=31.0099588005784
CenterY=176.422089438214
XWidth=60

[LeftLeg]
ThighAlpha=-0.13922968506813
ThighTheta=-0.391905754804611
LowerLegAlpha=-0.0142799615859985
LowerLegTheta=-0.604518592357635

[RightLeg]
ThighAlpha=0.0499798879027367
ThighTheta=0.534705460071564
LowerLegAlpha=0.0249899476766586
LowerLegTheta=0.252279460430145
