[%General]
Highest=169
CenterX=30.7208417131211
CenterY=171.833182609635
XWidth=59

[LeftLeg]
ThighAlpha=0.0107099786400795
ThighTheta=-0.544678747653961
LowerLegAlpha=0.00356999784708023
LowerLegTheta=-0.305319279432297

[RightLeg]
ThighAlpha=-0.00356999039649963
ThighTheta=0.484838932752609
LowerLegAlpha=0.0642598569393158
LowerLegTheta=0.371959179639816
