[%General]
Highest=165
CenterX=35.9739835491599
CenterY=250.97525673027
XWidth=56

[LeftLeg]
ThighAlpha=-0.0999597683548927
ThighTheta=0.607692003250122
LowerLegAlpha=-0.13922968506813
LowerLegTheta=0.391905784606934

[RightLeg]
ThighAlpha=0.121379725635052
ThighTheta=-0.391905754804611
LowerLegAlpha=0.13922968506813
LowerLegTheta=-0.534705400466919
