[%General]
Highest=168
CenterX=34.0125794155019
CenterY=276.885578144854
XWidth=50

[LeftLeg]
ThighAlpha=-0.157079637050629
ThighTheta=0.249106109142303
LowerLegAlpha=-0.103529758751392
LowerLegTheta=0.106306441128254

[RightLeg]
ThighAlpha=0.13922968506813
ThighTheta=0.31891930103302
LowerLegAlpha=0.0249899476766586
LowerLegTheta=0.0364932715892792
