[%General]
Highest=165
CenterX=35.8535602022687
CenterY=262.700816591499
XWidth=52

[LeftLeg]
ThighAlpha=-0.13922968506813
ThighTheta=0.46489229798317
LowerLegAlpha=-0.103529758751392
LowerLegTheta=0.249106109142303

[RightLeg]
ThighAlpha=0.121379725635052
ThighTheta=-0.179292917251587
LowerLegAlpha=0.0642598569393158
LowerLegTheta=-1.02974426746368
