[%General]
Highest=171
CenterX=34.66619413165
CenterY=36.1176612191403
XWidth=52

[LeftLeg]
ThighAlpha=0.0856798067688942
ThighTheta=-0.179292917251587
LowerLegAlpha=0.00713998824357986
LowerLegTheta=-0.890117883682251

[RightLeg]
ThighAlpha=0.121379725635052
ThighTheta=0.179292947053909
LowerLegAlpha=-0.0107099711894989
LowerLegTheta=0.245932787656784
