[%General]
Highest=175
CenterX=35.1375825975089
CenterY=53.4581603415005
XWidth=54

[LeftLeg]
ThighAlpha=-0.0606898590922356
ThighTheta=0.109479777514935
LowerLegAlpha=-0.121379718184471
LowerLegTheta=-0.322092592716217

[RightLeg]
ThighAlpha=0.13922968506813
ThighTheta=0.0364932715892792
LowerLegAlpha=0.0499798879027367
LowerLegTheta=-0.176119565963745
