[%General]
Highest=171
CenterX=33.1255695045489
CenterY=198.798577488324
XWidth=54

[LeftLeg]
ThighAlpha=-0.0981747731566429
ThighTheta=0.392699092626572
LowerLegAlpha=-0.0981747731566429
LowerLegTheta=-0.235619455575943

[RightLeg]
ThighAlpha=0.0981747731566429
ThighTheta=0.235619455575943
LowerLegAlpha=0.0196349546313286
LowerLegTheta=0.0392699092626572
