[%General]
Highest=171
CenterX=34.66619413165
CenterY=36.1176612191403
XWidth=52

[LeftLeg]
ThighAlpha=0
ThighTheta=-0.235619455575943
LowerLegAlpha=0.0981747731566429
LowerLegTheta=-0.785398185253143

[RightLeg]
ThighAlpha=0.0981747731566429
ThighTheta=0.196349546313286
LowerLegAlpha=0.0196349546313286
LowerLegTheta=0.157079637050629
