[%General]
Highest=175
CenterX=34.4936257201264
CenterY=62.4650188936381
XWidth=56

[LeftLeg]
ThighAlpha=0.0499798879027367
ThighTheta=0.534705460071564
LowerLegAlpha=-0.0142799615859985
LowerLegTheta=-0.391905754804611

[RightLeg]
ThighAlpha=0.121379725635052
ThighTheta=-0.106306403875351
LowerLegAlpha=0.0107099786400795
LowerLegTheta=-0.249106079339981
