[%General]
Highest=157
CenterX=34.5895927443359
CenterY=290.749238365375
XWidth=44

[LeftLeg]
ThighAlpha=-0.0981747731566429
ThighTheta=-0.0392699092626572
LowerLegAlpha=-0.0785398185253143
LowerLegTheta=0.117809727787971

[RightLeg]
ThighAlpha=-0.0589048638939857
ThighTheta=0.667588412761688
LowerLegAlpha=0.0589048638939857
LowerLegTheta=-0.510508835315704
