[%General]
Highest=169
CenterX=31.5368528849004
CenterY=181.088204381923
XWidth=59

[LeftLeg]
ThighAlpha=-0.0981747731566429
ThighTheta=-0.314159274101257
LowerLegAlpha=0.0196349546313286
LowerLegTheta=-0.628318548202515

[RightLeg]
ThighAlpha=0.0589048638939857
ThighTheta=0.549778699874878
LowerLegAlpha=0
LowerLegTheta=0.157079637050629
