[%General]
Highest=170
CenterX=33.0119617566776
CenterY=194.604861875295
XWidth=58

[LeftLeg]
ThighAlpha=0
ThighTheta=0
LowerLegAlpha=0.0392699092626572
LowerLegTheta=-0.785398185253143

[RightLeg]
ThighAlpha=0.0981747731566429
ThighTheta=0.314159274101257
LowerLegAlpha=0.0785398185253143
LowerLegTheta=0
