[%General]
Highest=165
CenterX=36.1291364003228
CenterY=257.276523200079
XWidth=53

[LeftLeg]
ThighAlpha=-0.13922968506813
ThighTheta=0.534705460071564
LowerLegAlpha=-0.121379718184471
LowerLegTheta=0.252279460430145

[RightLeg]
ThighAlpha=0.121379725635052
ThighTheta=-0.2522794008255
LowerLegAlpha=0.121379725635052
LowerLegTheta=-0.81395810842514
