[%General]
Highest=171
CenterX=34.66619413165
CenterY=36.1176612191403
XWidth=52

[LeftLeg]
ThighAlpha=0.0499798879027367
ThighTheta=-0.169319570064545
LowerLegAlpha=0.0606898665428162
LowerLegTheta=-0.860197961330414

[RightLeg]
ThighAlpha=0.13922968506813
ThighTheta=0.199239581823349
LowerLegAlpha=-0.0285599306225777
LowerLegTheta=0.176119640469551
