[%General]
Highest=175
CenterX=28.2438595168062
CenterY=136.100346934158
XWidth=58

[LeftLeg]
ThighAlpha=-0.0999597683548927
ThighTheta=0.00340002961456776
LowerLegAlpha=-0.0678298398852348
LowerLegTheta=-0.206039488315582

[RightLeg]
ThighAlpha=-0.00356999039649963
ThighTheta=0.371959179639816
LowerLegAlpha=0.021419957280159
LowerLegTheta=-0.305319279432297
