[%General]
Highest=165
CenterX=35.8535602022687
CenterY=262.700816591499
XWidth=52

[LeftLeg]
ThighAlpha=-0.157079637050629
ThighTheta=0.514758884906769
LowerLegAlpha=-0.0856797993183136
LowerLegTheta=0.139399722218513

[RightLeg]
ThighAlpha=0.103529766201973
ThighTheta=-0.169319570064545
LowerLegAlpha=0.0999597758054733
LowerLegTheta=-0.94995778799057
