[%General]
Highest=165
CenterX=33.9016972910382
CenterY=281.157997379407
XWidth=48

[LeftLeg]
ThighAlpha=-0.157079637050629
ThighTheta=0.116279773414135
LowerLegAlpha=-0.121379718184471
LowerLegTheta=0.146199703216553

[RightLeg]
ThighAlpha=0.121379725635052
ThighTheta=0.229159519076347
LowerLegAlpha=0.0107099786400795
LowerLegTheta=-0.00339995324611664
