[%General]
Highest=157
CenterX=34.7408846431725
CenterY=287.559701372722
XWidth=46

[LeftLeg]
ThighAlpha=-0.157079637050629
ThighTheta=0.0333199352025986
LowerLegAlpha=-0.157079637050629
LowerLegTheta=0.0396666079759598

[RightLeg]
ThighAlpha=0.0142799690365791
ThighTheta=0.531532108783722
LowerLegAlpha=0.021419957280159
LowerLegTheta=-0.747318267822266
