[%General]
Highest=168
CenterX=36.3429774425919
CenterY=233.963120159627
XWidth=58

[LeftLeg]
ThighAlpha=-0.0785398185253143
ThighTheta=0.589048624038696
LowerLegAlpha=-0.0196349546313286
LowerLegTheta=0.510508835315704

[RightLeg]
ThighAlpha=0.0981747731566429
ThighTheta=-0.392699092626572
LowerLegAlpha=0.0981747731566429
LowerLegTheta=-0.235619455575943
