[%General]
Highest=157
CenterX=34.5895927443359
CenterY=290.749238365375
XWidth=44

[LeftLeg]
ThighAlpha=-0.13922968506813
ThighTheta=-0.106306403875351
LowerLegAlpha=-0.13922968506813
LowerLegTheta=0.172946274280548

[RightLeg]
ThighAlpha=-0.0392699092626572
ThighTheta=0.607692003250122
LowerLegAlpha=0.0642598569393158
LowerLegTheta=-0.537878751754761
