[%General]
Highest=169
CenterX=36.1299455595453
CenterY=229.868019128622
XWidth=60

[LeftLeg]
ThighAlpha=-0.0606898590922356
ThighTheta=0.607692003250122
LowerLegAlpha=0.00356999784708023
LowerLegTheta=0.31891930103302

[RightLeg]
ThighAlpha=0.13922968506813
ThighTheta=-0.322092592716217
LowerLegAlpha=0.0428399071097374
LowerLegTheta=-0.176119565963745
