[%General]
Highest=175
CenterX=28.2438595168062
CenterY=136.100346934158
XWidth=58

[LeftLeg]
ThighAlpha=-0.0999597683548927
ThighTheta=-0.0364932343363762
LowerLegAlpha=-0.0678298398852348
LowerLegTheta=-0.106306403875351

[RightLeg]
ThighAlpha=0.0142799690365791
ThighTheta=0.31891930103302
LowerLegAlpha=0.046409897506237
LowerLegTheta=-0.24275940656662
