[%General]
Highest=173
CenterX=34.5959903617067
CenterY=212.261384557072
XWidth=59

[LeftLeg]
ThighAlpha=-0.0428398996591568
ThighTheta=0.391905784606934
LowerLegAlpha=0.00356999784708023
LowerLegTheta=-0.468065589666367

[RightLeg]
ThighAlpha=0.13922968506813
ThighTheta=0.176119610667229
LowerLegAlpha=0.0856798067688942
LowerLegTheta=-0.38555908203125
