[%General]
Highest=165
CenterX=35.6276970497578
CenterY=268.755478779257
XWidth=52

[LeftLeg]
ThighAlpha=-0.157079637050629
ThighTheta=0.322092622518539
LowerLegAlpha=-0.0642598494887352
LowerLegTheta=0.249106109142303

[RightLeg]
ThighAlpha=0.13922968506813
ThighTheta=0.391905784606934
LowerLegAlpha=0.121379725635052
LowerLegTheta=0.176119610667229
