[%General]
Highest=168
CenterX=31.2021052039064
CenterY=91.2020207705947
XWidth=60

[LeftLeg]
ThighAlpha=-0.117809727787971
ThighTheta=0.627638638019562
LowerLegAlpha=-0.0321299210190773
LowerLegTheta=0.282199382781982

[RightLeg]
ThighAlpha=0.103529766201973
ThighTheta=-0.454918920993805
LowerLegAlpha=0.0606898665428162
LowerLegTheta=-0.551478683948517
