[%General]
Highest=172
CenterX=35.5105305762013
CenterY=220.611008904261
XWidth=59

[LeftLeg]
ThighAlpha=-0.024989940226078
ThighTheta=0.607692003250122
LowerLegAlpha=0.021419957280159
LowerLegTheta=-0.322092592716217

[RightLeg]
ThighAlpha=0.103529766201973
ThighTheta=-0.0364932343363762
LowerLegAlpha=0.0606898665428162
LowerLegTheta=-0.2459327429533
