[%General]
Highest=170
CenterX=33.0119617566776
CenterY=194.604861875295
XWidth=58

[LeftLeg]
ThighAlpha=-0.00713998079299927
ThighTheta=0.0931598246097565
LowerLegAlpha=0.021419957280159
LowerLegTheta=-1.09955739974976

[RightLeg]
ThighAlpha=0.13922968506813
ThighTheta=0.342039257287979
LowerLegAlpha=-0.00713998079299927
LowerLegTheta=0.0197199955582619
