[%General]
Highest=173
CenterX=34.0957158661733
CenterY=74.6968043845929
XWidth=58

[LeftLeg]
ThighAlpha=0
ThighTheta=0.589048624038696
LowerLegAlpha=0
LowerLegTheta=0.235619455575943

[RightLeg]
ThighAlpha=0.0981747731566429
ThighTheta=-0.392699092626572
LowerLegAlpha=0.0392699092626572
LowerLegTheta=-0.235619455575943
