[%General]
Highest=167
CenterX=36.306580309151
CenterY=241.657212966982
XWidth=58

[LeftLeg]
ThighAlpha=-0.0606898590922356
ThighTheta=0.607692003250122
LowerLegAlpha=-0.0642598494887352
LowerLegTheta=0.46489229798317

[RightLeg]
ThighAlpha=0.13922968506813
ThighTheta=-0.391905754804611
LowerLegAlpha=0.121379725635052
LowerLegTheta=-0.395079076290131
