[%General]
Highest=162
CenterX=34.2777096486049
CenterY=284.153850812251
XWidth=46

[LeftLeg]
ThighAlpha=-0.157079637050629
ThighTheta=0.00340002961456776
LowerLegAlpha=-0.157079637050629
LowerLegTheta=0.169319659471512

[RightLeg]
ThighAlpha=0.103529766201973
ThighTheta=0.146199703216553
LowerLegAlpha=-0.00713998079299927
LowerLegTheta=-0.0265199020504951
