[%General]
Highest=173
CenterX=34.0957158661733
CenterY=74.6968043845929
XWidth=58

[LeftLeg]
ThighAlpha=-0.00356999039649963
ThighTheta=0.60451865196228
LowerLegAlpha=0.00713998824357986
LowerLegTheta=0.18246628344059

[RightLeg]
ThighAlpha=0.121379725635052
ThighTheta=-0.391905754804611
LowerLegAlpha=0.0107099786400795
LowerLegTheta=-0.249106079339981
