[%General]
Highest=169
CenterX=30.7208417131211
CenterY=171.833182609635
XWidth=59

[LeftLeg]
ThighAlpha=0.0285599380731583
ThighTheta=-0.534705400466919
LowerLegAlpha=-0.0321299210190773
LowerLegTheta=-0.325265914201736

[RightLeg]
ThighAlpha=-0.00356999039649963
ThighTheta=0.534705460071564
LowerLegAlpha=0.046409897506237
LowerLegTheta=0.322092622518539
