[%General]
Highest=174
CenterX=29.1199887358558
CenterY=144.897201884184
XWidth=58

[LeftLeg]
ThighAlpha=-0.0606898590922356
ThighTheta=-0.249106079339981
LowerLegAlpha=-0.0499798804521561
LowerLegTheta=-0.109479740262032

[RightLeg]
ThighAlpha=-0.0214199498295784
ThighTheta=0.46489229798317
LowerLegAlpha=-0.024989940226078
LowerLegTheta=0.179292947053909
