[%General]
Highest=171
CenterX=35.8554607374931
CenterY=225.170688170359
XWidth=60

[LeftLeg]
ThighAlpha=-0.0999597683548927
ThighTheta=0.677505135536194
LowerLegAlpha=0.0606898665428162
LowerLegTheta=-0.0364932343363762

[RightLeg]
ThighAlpha=0.13922968506813
ThighTheta=-0.249106079339981
LowerLegAlpha=0.0642598569393158
LowerLegTheta=-0.179292917251587
