[%General]
Highest=162
CenterX=34.2777096486049
CenterY=284.153850812251
XWidth=46

[LeftLeg]
ThighAlpha=-0.0785398185253143
ThighTheta=0
LowerLegAlpha=-0.0981747731566429
LowerLegTheta=0.235619455575943

[RightLeg]
ThighAlpha=0.0981747731566429
ThighTheta=0.157079637050629
LowerLegAlpha=0
LowerLegTheta=0
