[%General]
Highest=175
CenterX=34.5706337375136
CenterY=57.900120901952
XWidth=55

[LeftLeg]
ThighAlpha=-0.00356999039649963
ThighTheta=0.249106109142303
LowerLegAlpha=-0.0499798804521561
LowerLegTheta=-0.255452752113342

[RightLeg]
ThighAlpha=0.13922968506813
ThighTheta=-0.0364932343363762
LowerLegAlpha=0.0107099786400795
LowerLegTheta=-0.179292917251587
