[%General]
Highest=170
CenterX=33.8494724702063
CenterY=28.2854640980736
XWidth=52

[LeftLeg]
ThighAlpha=0.0678298473358154
ThighTheta=-0.687478423118591
LowerLegAlpha=0.021419957280159
LowerLegTheta=0.00340002961456776

[RightLeg]
ThighAlpha=0.0856798067688942
ThighTheta=0.342039257287979
LowerLegAlpha=0.0285599380731583
LowerLegTheta=0.109479792416096
