[%General]
Highest=172
CenterX=33.2149891904876
CenterY=203.319414418021
XWidth=54

[LeftLeg]
ThighAlpha=-0.0392699092626572
ThighTheta=0.388732463121414
LowerLegAlpha=-0.0678298398852348
LowerLegTheta=-0.956757783889771

[RightLeg]
ThighAlpha=0.13922968506813
ThighTheta=0.249106109142303
LowerLegAlpha=-0.0107099711894989
LowerLegTheta=-0.172946244478226
