[%General]
Highest=162
CenterX=34.2777096486049
CenterY=284.153850812251
XWidth=46

[LeftLeg]
ThighAlpha=-0.157079637050629
ThighTheta=0.0364932715892792
LowerLegAlpha=-0.13922968506813
LowerLegTheta=0.103133104741573

[RightLeg]
ThighAlpha=0.121379725635052
ThighTheta=0.106306441128254
LowerLegAlpha=-0.024989940226078
LowerLegTheta=0.0333199352025986
