[%General]
Highest=175
CenterX=34.4936257201264
CenterY=62.4650188936381
XWidth=56

[LeftLeg]
ThighAlpha=0.0856798067688942
ThighTheta=0.664358496665955
LowerLegAlpha=-0.0142799615859985
LowerLegTheta=-0.581398665904999

[RightLeg]
ThighAlpha=0.121379725635052
ThighTheta=-0.0564398318529129
LowerLegAlpha=0.00713998824357986
LowerLegTheta=-0.348839163780212
