[%General]
Highest=171
CenterX=32.7565572041347
CenterY=82.33028619647
XWidth=59

[LeftLeg]
ThighAlpha=-0.0785398185253143
ThighTheta=0.667588412761688
LowerLegAlpha=0
LowerLegTheta=0.314159274101257

[RightLeg]
ThighAlpha=0.0981747731566429
ThighTheta=-0.431968986988068
LowerLegAlpha=0.0196349546313286
LowerLegTheta=-0.392699092626572
