[%General]
Highest=170
CenterX=30.4473119412222
CenterY=158.665635245632
XWidth=58

[LeftLeg]
ThighAlpha=0.0107099786400795
ThighTheta=-0.514758765697479
LowerLegAlpha=0.00356999784708023
LowerLegTheta=-0.139399647712708

[RightLeg]
ThighAlpha=-0.00356999039649963
ThighTheta=0.484838932752609
LowerLegAlpha=-0.082109808921814
LowerLegTheta=0.60451865196228
