[%General]
Highest=169
CenterX=31.9987195724485
CenterY=86.7159677666282
XWidth=59

[LeftLeg]
ThighAlpha=-0.0999597683548927
ThighTheta=0.607692003250122
LowerLegAlpha=0.021419957280159
LowerLegTheta=0.395079135894775

[RightLeg]
ThighAlpha=0.121379725635052
ThighTheta=-0.461718916893005
LowerLegAlpha=0.00713998824357986
LowerLegTheta=-0.464892268180847
