[%General]
Highest=169
CenterX=30.5921893807677
CenterY=167.514524541929
XWidth=58

[LeftLeg]
ThighAlpha=-0.0196349546313286
ThighTheta=-0.589048624038696
LowerLegAlpha=0.0392699092626572
LowerLegTheta=-0.196349546313286

[RightLeg]
ThighAlpha=0
ThighTheta=0.510508835315704
LowerLegAlpha=0
LowerLegTheta=0.431968986988068
