[%General]
Highest=175
CenterX=34.4936257201264
CenterY=62.4650188936381
XWidth=56

[LeftLeg]
ThighAlpha=0.0785398185253143
ThighTheta=0.667588412761688
LowerLegAlpha=0.0785398185253143
LowerLegTheta=-0.589048624038696

[RightLeg]
ThighAlpha=0.0981747731566429
ThighTheta=-0.0392699092626572
LowerLegAlpha=0.0589048638939857
LowerLegTheta=-0.353429168462753
