[%General]
Highest=169
CenterX=33.9389331645424
CenterY=23.904393359611
XWidth=51

[LeftLeg]
ThighAlpha=-0.157079637050629
ThighTheta=0.312119334936142
LowerLegAlpha=-0.196349546313286
LowerLegTheta=0.206039562821388

[RightLeg]
ThighAlpha=0.0678298473358154
ThighTheta=0.312119334936142
LowerLegAlpha=0.0285599380731583
LowerLegTheta=0.265879422426224
