[%General]
Highest=171
CenterX=34.8671199959098
CenterY=39.4558387443121
XWidth=53

[LeftLeg]
ThighAlpha=0.046409897506237
ThighTheta=-0.249106079339981
LowerLegAlpha=-0.0142799615859985
LowerLegTheta=-0.750491619110107

[RightLeg]
ThighAlpha=0.13922968506813
ThighTheta=0.249106109142303
LowerLegAlpha=0.00713998824357986
LowerLegTheta=-0.0333198979496956
