[%General]
Highest=175
CenterX=28.5494221548034
CenterY=140.334584581368
XWidth=59

[LeftLeg]
ThighAlpha=-0.082109808921814
ThighTheta=-0.106306403875351
LowerLegAlpha=-0.0499798804521561
LowerLegTheta=-0.179292917251587

[RightLeg]
ThighAlpha=-0.00356999039649963
ThighTheta=0.534705460071564
LowerLegAlpha=0.00356999784708023
LowerLegTheta=-0.255452752113342
