[%General]
Highest=169
CenterX=36.1299455595453
CenterY=229.868019128622
XWidth=60

[LeftLeg]
ThighAlpha=-0.0785398185253143
ThighTheta=0.59771865606308
LowerLegAlpha=0.00356999784708023
LowerLegTheta=0.34883925318718

[RightLeg]
ThighAlpha=0.13922968506813
ThighTheta=-0.312119245529175
LowerLegAlpha=0.0606898665428162
LowerLegTheta=-0.235959425568581
