[%General]
Highest=172
CenterX=28.1321691176471
CenterY=115.116727941176
XWidth=58

[LeftLeg]
ThighAlpha=-0.0999597683548927
ThighTheta=0.395079135894775
LowerLegAlpha=-0.0464098900556564
LowerLegTheta=-0.109479740262032

[RightLeg]
ThighAlpha=0.0321299284696579
ThighTheta=-0.106306403875351
LowerLegAlpha=0.00713998824357986
LowerLegTheta=-0.890117883682251
