[%General]
Highest=174
CenterX=34.5059877605901
CenterY=70.8324181002526
XWidth=58

[LeftLeg]
ThighAlpha=0.0678298473358154
ThighTheta=0.537878811359406
LowerLegAlpha=-0.0142799615859985
LowerLegTheta=0.030146598815918

[RightLeg]
ThighAlpha=0.13922968506813
ThighTheta=-0.322092592716217
LowerLegAlpha=-0.00713998079299927
LowerLegTheta=-0.249106079339981
