[%General]
Highest=172
CenterX=30.3037252996437
CenterY=154.860874635569
XWidth=58

[LeftLeg]
ThighAlpha=-0.024989940226078
ThighTheta=-0.464892268180847
LowerLegAlpha=0.00356999784708023
LowerLegTheta=-0.10313306748867

[RightLeg]
ThighAlpha=-0.0214199498295784
ThighTheta=0.46489229798317
LowerLegAlpha=-0.0464098900556564
LowerLegTheta=0.531532108783722
