[%General]
Highest=172
CenterX=35.5105305762013
CenterY=220.611008904261
XWidth=59

[LeftLeg]
ThighAlpha=-0.024989940226078
ThighTheta=0.59771865606308
LowerLegAlpha=0.021419957280159
LowerLegTheta=-0.132599666714668

[RightLeg]
ThighAlpha=0.121379725635052
ThighTheta=-0.0564398318529129
LowerLegAlpha=0.0249899476766586
LowerLegTheta=-0.206039488315582
