[%General]
Highest=170
CenterX=30.4473119412222
CenterY=158.665635245632
XWidth=58

[LeftLeg]
ThighAlpha=0.0107099786400795
ThighTheta=-0.534705400466919
LowerLegAlpha=0.00356999784708023
LowerLegTheta=-0.109479740262032

[RightLeg]
ThighAlpha=-0.0214199498295784
ThighTheta=0.534705460071564
LowerLegAlpha=-0.0464098900556564
LowerLegTheta=0.534705460071564
