[%General]
Highest=171
CenterX=33.4325592083919
CenterY=78.3365686168487
XWidth=58

[LeftLeg]
ThighAlpha=-0.024989940226078
ThighTheta=0.59771865606308
LowerLegAlpha=0.0249899476766586
LowerLegTheta=0.401879131793976

[RightLeg]
ThighAlpha=0.121379725635052
ThighTheta=-0.431798994541168
LowerLegAlpha=-0.0107099711894989
LowerLegTheta=-0.282199323177338
