[%General]
Highest=173
CenterX=27.8622877523066
CenterY=119.314385030884
XWidth=58

[LeftLeg]
ThighAlpha=-0.0606898590922356
ThighTheta=0.322092622518539
LowerLegAlpha=-0.103529758751392
LowerLegTheta=-0.109479740262032

[RightLeg]
ThighAlpha=0.046409897506237
ThighTheta=0.176119610667229
LowerLegAlpha=-0.0142799615859985
LowerLegTheta=-1.09955739974976
