[%General]
Highest=169
CenterX=34.0265352980498
CenterY=20.0329002819194
XWidth=51

[LeftLeg]
ThighAlpha=-0.157079637050629
ThighTheta=0.322092622518539
LowerLegAlpha=-0.196349546313286
LowerLegTheta=0.31891930103302

[RightLeg]
ThighAlpha=0.0678298473358154
ThighTheta=0.322092622518539
LowerLegAlpha=0.021419957280159
LowerLegTheta=0.31891930103302
