[%General]
Highest=171
CenterX=33.1255695045489
CenterY=198.798577488324
XWidth=54

[LeftLeg]
ThighAlpha=-0.0214199498295784
ThighTheta=0.245932787656784
LowerLegAlpha=-0.0321299210190773
LowerLegTheta=-1.09955739974976

[RightLeg]
ThighAlpha=0.13922968506813
ThighTheta=0.249106109142303
LowerLegAlpha=-0.0142799615859985
LowerLegTheta=-0.030146561563015
