[%General]
Highest=169
CenterX=33.9752615821476
CenterY=16.9723139603074
XWidth=50

[LeftLeg]
ThighAlpha=-0.157079637050629
ThighTheta=0.322092622518539
LowerLegAlpha=-0.196349546313286
LowerLegTheta=0.31891930103302

[RightLeg]
ThighAlpha=0.0285599380731583
ThighTheta=0.322092622518539
LowerLegAlpha=-0.00713998079299927
LowerLegTheta=0.388732463121414
