[%General]
Highest=175
CenterX=34.4936257201264
CenterY=62.4650188936381
XWidth=56

[LeftLeg]
ThighAlpha=0.0392699092626572
ThighTheta=0.628318548202515
LowerLegAlpha=0.0785398185253143
LowerLegTheta=-0.549778699874878

[RightLeg]
ThighAlpha=0.0981747731566429
ThighTheta=0
LowerLegAlpha=0.0589048638939857
LowerLegTheta=-0.392699092626572
