[%General]
Highest=168
CenterX=31.2021052039064
CenterY=91.2020207705947
XWidth=60

[LeftLeg]
ThighAlpha=-0.13922968506813
ThighTheta=0.607692003250122
LowerLegAlpha=0.00713998824357986
LowerLegTheta=0.31891930103302

[RightLeg]
ThighAlpha=0.103529766201973
ThighTheta=-0.464892268180847
LowerLegAlpha=0.0606898665428162
LowerLegTheta=-0.531532108783722
