[%General]
Highest=172
CenterX=30.3037252996437
CenterY=154.860874635569
XWidth=58

[LeftLeg]
ThighAlpha=-0.0196349546313286
ThighTheta=-0.471238911151886
LowerLegAlpha=0
LowerLegTheta=-0.0785398185253143

[RightLeg]
ThighAlpha=-0.0196349546313286
ThighTheta=0.510508835315704
LowerLegAlpha=-0.0392699092626572
LowerLegTheta=0.431968986988068
