[%General]
Highest=170
CenterX=28.5127545207169
CenterY=110.688610072251
XWidth=59

[LeftLeg]
ThighAlpha=-0.0999597683548927
ThighTheta=0.534705460071564
LowerLegAlpha=-0.0999597683548927
LowerLegTheta=-0.109479740262032

[RightLeg]
ThighAlpha=0.0678298473358154
ThighTheta=-0.109479740262032
LowerLegAlpha=0.00713998824357986
LowerLegTheta=-0.959931075572968
