[%General]
Highest=175
CenterX=27.7878068958805
CenterY=123.801275032241
XWidth=57

[LeftLeg]
ThighAlpha=-0.117809727787971
ThighTheta=0.199239581823349
LowerLegAlpha=-0.0499798804521561
LowerLegTheta=-0.0863597691059113

[RightLeg]
ThighAlpha=0.103529766201973
ThighTheta=0.199239581823349
LowerLegAlpha=-0.117809727787971
LowerLegTheta=-0.896917939186096
