[%General]
Highest=175
CenterX=28.5494221548034
CenterY=140.334584581368
XWidth=59

[LeftLeg]
ThighAlpha=-0.0785398185253143
ThighTheta=-0.117809727787971
LowerLegAlpha=-0.0785398185253143
LowerLegTheta=-0.157079637050629

[RightLeg]
ThighAlpha=-0.0392699092626572
ThighTheta=0.471238911151886
LowerLegAlpha=0.0981747731566429
LowerLegTheta=-0.157079637050629
