[%General]
Highest=169
CenterX=33.9752615821476
CenterY=16.9723139603074
XWidth=50

[LeftLeg]
ThighAlpha=-0.157079637050629
ThighTheta=0.371959179639816
LowerLegAlpha=-0.196349546313286
LowerLegTheta=0.199239581823349

[RightLeg]
ThighAlpha=0.0142799690365791
ThighTheta=0.282199382781982
LowerLegAlpha=0.00713998824357986
LowerLegTheta=0.468518972396851
