[%General]
Highest=170
CenterX=30.4473119412222
CenterY=158.665635245632
XWidth=58

[LeftLeg]
ThighAlpha=-0.0196349546313286
ThighTheta=-0.510508835315704
LowerLegAlpha=0.0589048638939857
LowerLegTheta=-0.157079637050629

[RightLeg]
ThighAlpha=-0.0196349546313286
ThighTheta=0.510508835315704
LowerLegAlpha=-0.0589048638939857
LowerLegTheta=0.549778699874878
