[%General]
Highest=168
CenterX=36.3429774425919
CenterY=233.963120159627
XWidth=58

[LeftLeg]
ThighAlpha=-0.0214199498295784
ThighTheta=0.607692003250122
LowerLegAlpha=-0.121379718184471
LowerLegTheta=0.46489229798317

[RightLeg]
ThighAlpha=0.13922968506813
ThighTheta=-0.395079076290131
LowerLegAlpha=0.0428399071097374
LowerLegTheta=-0.172946244478226
