[%General]
Highest=170
CenterX=34.1136900894425
CenterY=32.295160153172
XWidth=51

[LeftLeg]
ThighAlpha=-0.0981747731566429
ThighTheta=0.314159274101257
LowerLegAlpha=-0.0981747731566429
LowerLegTheta=0.0392699092626572

[RightLeg]
ThighAlpha=0.0981747731566429
ThighTheta=0.235619455575943
LowerLegAlpha=0
LowerLegTheta=0.235619455575943
