[%General]
Highest=170
CenterX=34.1136900894425
CenterY=32.295160153172
XWidth=51

[LeftLeg]
ThighAlpha=0.121379725635052
ThighTheta=-0.322092592716217
LowerLegAlpha=0.0821098163723946
LowerLegTheta=-0.677505135536194

[RightLeg]
ThighAlpha=0.13922968506813
ThighTheta=0.322092622518539
LowerLegAlpha=-0.0464098900556564
LowerLegTheta=0.0364932715892792
