[%General]
Highest=167
CenterX=36.306580309151
CenterY=241.657212966982
XWidth=58

[LeftLeg]
ThighAlpha=-0.0785398185253143
ThighTheta=0.628318548202515
LowerLegAlpha=-0.0785398185253143
LowerLegTheta=0.392699092626572

[RightLeg]
ThighAlpha=0.0981747731566429
ThighTheta=-0.392699092626572
LowerLegAlpha=0.0785398185253143
LowerLegTheta=-0.549778699874878
