[%General]
Highest=169
CenterX=30.5921893807677
CenterY=167.514524541929
XWidth=58

[LeftLeg]
ThighAlpha=-0.0214199498295784
ThighTheta=-0.534705400466919
LowerLegAlpha=-0.0142799615859985
LowerLegTheta=-0.398252427577972

[RightLeg]
ThighAlpha=-0.00356999039649963
ThighTheta=0.534705460071564
LowerLegAlpha=0.00356999784708023
LowerLegTheta=0.391905784606934
