[%General]
Highest=172
CenterX=35.3064688061041
CenterY=216.355952648115
XWidth=60

[LeftLeg]
ThighAlpha=-0.00713998079299927
ThighTheta=0.46171897649765
LowerLegAlpha=0.00356999784708023
LowerLegTheta=-0.318919241428375

[RightLeg]
ThighAlpha=0.13922968506813
ThighTheta=-0.106306403875351
LowerLegAlpha=0.0606898665428162
LowerLegTheta=-0.0333198979496956
