[%General]
Highest=172
CenterX=35.3064688061041
CenterY=216.355952648115
XWidth=60

[LeftLeg]
ThighAlpha=-0.00713998079299927
ThighTheta=0.431799054145813
LowerLegAlpha=0.021419957280159
LowerLegTheta=-0.259079366922379

[RightLeg]
ThighAlpha=0.13922968506813
ThighTheta=0.00340002961456776
LowerLegAlpha=0.0428399071097374
LowerLegTheta=-0.212839469313622
