[%General]
Highest=169
CenterX=29.1019238697265
CenterY=105.685639686684
XWidth=60

[LeftLeg]
ThighAlpha=-0.0999597683548927
ThighTheta=0.677505135536194
LowerLegAlpha=-0.0321299210190773
LowerLegTheta=-0.179292917251587

[RightLeg]
ThighAlpha=0.0678298473358154
ThighTheta=-0.2522794008255
LowerLegAlpha=0.00713998824357986
LowerLegTheta=-0.817131459712982
