[%General]
Highest=172
CenterX=30.3037252996437
CenterY=154.860874635569
XWidth=58

[LeftLeg]
ThighAlpha=-0.024989940226078
ThighTheta=-0.454918920993805
LowerLegAlpha=0.00356999784708023
LowerLegTheta=-0.0931597501039505

[RightLeg]
ThighAlpha=0.0142799690365791
ThighTheta=0.484838932752609
LowerLegAlpha=-0.082109808921814
LowerLegTheta=0.46171897649765
