[%General]
Highest=172
CenterX=28.1321691176471
CenterY=115.116727941176
XWidth=58

[LeftLeg]
ThighAlpha=-0.117809727787971
ThighTheta=0.395079135894775
LowerLegAlpha=-0.0285599306225777
LowerLegTheta=-0.0496398508548737

[RightLeg]
ThighAlpha=0.0321299284696579
ThighTheta=-0.0863597691059113
LowerLegAlpha=0.00713998824357986
LowerLegTheta=-0.890117883682251
