[%General]
Highest=175
CenterX=27.7878068958805
CenterY=123.801275032241
XWidth=57

[LeftLeg]
ThighAlpha=-0.117809727787971
ThighTheta=0.179292947053909
LowerLegAlpha=-0.0678298398852348
LowerLegTheta=-0.0364932343363762

[RightLeg]
ThighAlpha=0.0856798067688942
ThighTheta=0.245932787656784
LowerLegAlpha=-0.0999597683548927
LowerLegTheta=-1.02974426746368
