[%General]
Highest=171
CenterX=33.4325592083919
CenterY=78.3365686168487
XWidth=58

[LeftLeg]
ThighAlpha=-0.024989940226078
ThighTheta=0.607692003250122
LowerLegAlpha=-0.0107099711894989
LowerLegTheta=0.391905784606934

[RightLeg]
ThighAlpha=0.103529766201973
ThighTheta=-0.461718916893005
LowerLegAlpha=0.0428399071097374
LowerLegTheta=-0.2522794008255
