[%General]
Highest=175
CenterX=28.0624499987878
CenterY=127.811692404664
XWidth=58

[LeftLeg]
ThighAlpha=-0.117809727787971
ThighTheta=0.103133104741573
LowerLegAlpha=-0.0678298398852348
LowerLegTheta=-0.0999597311019897

[RightLeg]
ThighAlpha=0.13922968506813
ThighTheta=0.179292947053909
LowerLegAlpha=-0.157079637050629
LowerLegTheta=-0.395079076290131
