[%General]
Highest=170
CenterX=30.744500512497
CenterY=163.094260033115
XWidth=58

[LeftLeg]
ThighAlpha=0.0285599380731583
ThighTheta=-0.534705400466919
LowerLegAlpha=-0.0142799615859985
LowerLegTheta=-0.179292917251587

[RightLeg]
ThighAlpha=-0.00356999039649963
ThighTheta=0.534705460071564
LowerLegAlpha=-0.0321299210190773
LowerLegTheta=0.46171897649765
