[%General]
Highest=173
CenterX=35.2601211131523
CenterY=45.7322015830895
XWidth=54

[LeftLeg]
ThighAlpha=-0.0214199498295784
ThighTheta=0.172946274280548
LowerLegAlpha=-0.0142799615859985
LowerLegTheta=-1.09955739974976

[RightLeg]
ThighAlpha=0.13922968506813
ThighTheta=0.176119610667229
LowerLegAlpha=0.0285599380731583
LowerLegTheta=-0.0999597311019897
