[%General]
Highest=171
CenterX=33.4325592083919
CenterY=78.3365686168487
XWidth=58

[LeftLeg]
ThighAlpha=-0.0196349546313286
ThighTheta=0.628318548202515
LowerLegAlpha=0
LowerLegTheta=0.314159274101257

[RightLeg]
ThighAlpha=0.0981747731566429
ThighTheta=-0.471238911151886
LowerLegAlpha=0
LowerLegTheta=-0.235619455575943
