[%General]
Highest=169
CenterX=29.8317045600881
CenterY=100.635207257222
XWidth=60

[LeftLeg]
ThighAlpha=-0.0785398185253143
ThighTheta=0.687478482723236
LowerLegAlpha=-0.0321299210190773
LowerLegTheta=-0.0265199020504951

[RightLeg]
ThighAlpha=0.0856798067688942
ThighTheta=-0.318919241428375
LowerLegAlpha=0.00713998824357986
LowerLegTheta=-0.770438194274902
