[%General]
Highest=175
CenterX=34.5706337375136
CenterY=57.900120901952
XWidth=55

[LeftLeg]
ThighAlpha=-0.00356999039649963
ThighTheta=0.259079456329346
LowerLegAlpha=-0.0142799615859985
LowerLegTheta=-0.2454794049263

[RightLeg]
ThighAlpha=0.13922968506813
ThighTheta=0.00340002961456776
LowerLegAlpha=0.0107099786400795
LowerLegTheta=-0.259079366922379
