[%General]
Highest=169
CenterX=29.8317045600881
CenterY=100.635207257222
XWidth=60

[LeftLeg]
ThighAlpha=-0.0785398185253143
ThighTheta=0.677505135536194
LowerLegAlpha=0.021419957280159
LowerLegTheta=-0.0364932343363762

[RightLeg]
ThighAlpha=0.0856798067688942
ThighTheta=-0.318919241428375
LowerLegAlpha=0.0249899476766586
LowerLegTheta=-0.820304751396179
