[%General]
Highest=172
CenterX=33.986113538292
CenterY=207.680947451908
XWidth=57

[LeftLeg]
ThighAlpha=-0.0428398996591568
ThighTheta=0.388732463121414
LowerLegAlpha=-0.0142799615859985
LowerLegTheta=-0.81395810842514

[RightLeg]
ThighAlpha=0.13922968506813
ThighTheta=0.245932787656784
LowerLegAlpha=0.0606898665428162
LowerLegTheta=-0.38555908203125
