[%General]
Highest=170
CenterX=33.8494724702063
CenterY=28.2854640980736
XWidth=52

[LeftLeg]
ThighAlpha=0.121379725635052
ThighTheta=-0.677505135536194
LowerLegAlpha=0.00356999784708023
LowerLegTheta=-0.0364932343363762

[RightLeg]
ThighAlpha=0.103529766201973
ThighTheta=0.322092622518539
LowerLegAlpha=-0.00713998079299927
LowerLegTheta=0.179292947053909
