[%General]
Highest=165
CenterX=33.9016972910382
CenterY=281.157997379407
XWidth=48

[LeftLeg]
ThighAlpha=-0.157079637050629
ThighTheta=0.106306441128254
LowerLegAlpha=-0.13922968506813
LowerLegTheta=0.179292947053909

[RightLeg]
ThighAlpha=0.103529766201973
ThighTheta=0.249106109142303
LowerLegAlpha=0.0642598569393158
LowerLegTheta=-0.0333198979496956
