[%General]
Highest=171
CenterX=35.1771707614833
CenterY=42.486764723145
XWidth=52

[LeftLeg]
ThighAlpha=0.0321299284696579
ThighTheta=-0.0863597691059113
LowerLegAlpha=0.021419957280159
LowerLegTheta=-0.890117883682251

[RightLeg]
ThighAlpha=0.121379725635052
ThighTheta=0.199239581823349
LowerLegAlpha=0.046409897506237
LowerLegTheta=-0.0632398128509521
