[%General]
Highest=169
CenterX=31.0099588005784
CenterY=176.422089438214
XWidth=60

[LeftLeg]
ThighAlpha=-0.13922968506813
ThighTheta=-0.431798994541168
LowerLegAlpha=0.021419957280159
LowerLegTheta=-0.544678747653961

[RightLeg]
ThighAlpha=0.0142799690365791
ThighTheta=0.544678807258606
LowerLegAlpha=0.0606898665428162
LowerLegTheta=0.222359538078308
