[%General]
Highest=170
CenterX=28.5127545207169
CenterY=110.688610072251
XWidth=59

[LeftLeg]
ThighAlpha=-0.117809727787971
ThighTheta=0.484838932752609
LowerLegAlpha=-0.0464098900556564
LowerLegTheta=-0.0496398508548737

[RightLeg]
ThighAlpha=0.0678298473358154
ThighTheta=-0.109479710459709
LowerLegAlpha=0.00713998824357986
LowerLegTheta=-0.979877710342407
