[%General]
Highest=175
CenterX=34.5706337375136
CenterY=57.900120901952
XWidth=55

[LeftLeg]
ThighAlpha=-0.0981747731566429
ThighTheta=0.196349546313286
LowerLegAlpha=0.0981747731566429
LowerLegTheta=-0.157079637050629

[RightLeg]
ThighAlpha=0.0981747731566429
ThighTheta=0.157079637050629
LowerLegAlpha=0.0785398185253143
LowerLegTheta=-0.471238911151886
