[%General]
Highest=174
CenterX=35.3556099226218
CenterY=49.4172963131543
XWidth=53

[LeftLeg]
ThighAlpha=-0.0428398996591568
ThighTheta=0.0364932715892792
LowerLegAlpha=0.00356999784708023
LowerLegTheta=-0.468065589666367

[RightLeg]
ThighAlpha=0.13922968506813
ThighTheta=0.176119610667229
LowerLegAlpha=0.0856798067688942
LowerLegTheta=-0.315745919942856
