[%General]
Highest=174
CenterX=42.3432577223155
CenterY=15.2547354323009
XWidth=50

[LeftLeg]
ThighAlpha=0.0678298473358154
ThighTheta=-0.371959120035172
LowerLegAlpha=-0.13922968506813
LowerLegTheta=0.0265199784189463

[RightLeg]
ThighAlpha=0.0142799690365791
ThighTheta=0.19243960082531
LowerLegAlpha=-0.0785398185253143
LowerLegTheta=0.468518972396851
