[%General]
Highest=174
CenterX=42.1200864314468
CenterY=17.3254992501381
XWidth=51

[LeftLeg]
ThighAlpha=0.0642598569393158
ThighTheta=-0.454918920993805
LowerLegAlpha=-0.117809727787971
LowerLegTheta=0.109479792416096

[RightLeg]
ThighAlpha=0.0321299284696579
ThighTheta=0.371959179639816
LowerLegAlpha=-0.0785398185253143
LowerLegTheta=0.342039257287979
