[%General]
Highest=140
CenterX=40.1694309877658
CenterY=221.353340449407
XWidth=52

[LeftLeg]
ThighAlpha=-0.0606898590922356
ThighTheta=0.607692003250122
LowerLegAlpha=-0.157079637050629
LowerLegTheta=0.388732463121414

[RightLeg]
ThighAlpha=0.103529766201973
ThighTheta=-0.461718916893005
LowerLegAlpha=0.021419957280159
LowerLegTheta=-0.2522794008255
