[%General]
Highest=141
CenterX=38.3901125727119
CenterY=155.760514458688
XWidth=55

[LeftLeg]
ThighAlpha=-0.082109808921814
ThighTheta=-0.537878751754761
LowerLegAlpha=-0.0107099711894989
LowerLegTheta=-0.172946244478226

[RightLeg]
ThighAlpha=-0.00713998079299927
ThighTheta=0.537878811359406
LowerLegAlpha=0.0606898665428162
LowerLegTheta=0.46171897649765
