[%General]
Highest=141
CenterX=39.8518392325938
CenterY=23.3844893787102
XWidth=49

[LeftLeg]
ThighAlpha=0.0678298473358154
ThighTheta=-0.464892268180847
LowerLegAlpha=-0.121379718184471
LowerLegTheta=-0.176119565963745

[RightLeg]
ThighAlpha=0.0856798067688942
ThighTheta=0.537878811359406
LowerLegAlpha=-0.0785398185253143
LowerLegTheta=0.315745949745178
