[%General]
Highest=146
CenterX=41.186304431414
CenterY=69.1958689801019
XWidth=52

[LeftLeg]
ThighAlpha=-0.0589048638939857
ThighTheta=0.353429168462753
LowerLegAlpha=0.0785398185253143
LowerLegTheta=-0.0785398185253143

[RightLeg]
ThighAlpha=0.0785398185253143
ThighTheta=-0.157079637050629
LowerLegAlpha=0.0785398185253143
LowerLegTheta=-0.117809727787971
