[%General]
Highest=146
CenterX=38.8347073946025
CenterY=126.3362587541
XWidth=55

[LeftLeg]
ThighAlpha=-0.0606898590922356
ThighTheta=0.0396666079759598
LowerLegAlpha=-0.121379718184471
LowerLegTheta=-0.255452752113342

[RightLeg]
ThighAlpha=0.0856798067688942
ThighTheta=0.249106109142303
LowerLegAlpha=-0.13922968506813
LowerLegTheta=-0.176119565963745
