[%General]
Highest=140
CenterX=39.4135194501523
CenterY=232.822178133636
XWidth=52

[LeftLeg]
ThighAlpha=-0.0428398996591568
ThighTheta=0.574598729610443
LowerLegAlpha=-0.117809727787971
LowerLegTheta=0.169319659471512

[RightLeg]
ThighAlpha=0.0499798879027367
ThighTheta=-0.431798994541168
LowerLegAlpha=0.0606898665428162
LowerLegTheta=-0.507958829402924
