[%General]
Highest=144
CenterX=39.2632904469965
CenterY=15.7603114296405
XWidth=47

[LeftLeg]
ThighAlpha=0.046409897506237
ThighTheta=-0.391905754804611
LowerLegAlpha=-0.103529758751392
LowerLegTheta=0.0333199352025986

[RightLeg]
ThighAlpha=0.0321299284696579
ThighTheta=0.322092622518539
LowerLegAlpha=-0.0142799615859985
LowerLegTheta=0.172946274280548
