[%General]
Highest=146
CenterX=39.9371472233862
CenterY=192.525486184713
XWidth=54

[LeftLeg]
ThighAlpha=-0.0392699092626572
ThighTheta=0.314159274101257
LowerLegAlpha=0.0392699092626572
LowerLegTheta=-0.392699092626572

[RightLeg]
ThighAlpha=0.0589048638939857
ThighTheta=-0.0785398185253143
LowerLegAlpha=0.0981747731566429
LowerLegTheta=0.157079637050629
