[%General]
Highest=146
CenterX=40.7887027717269
CenterY=57.3308044768272
XWidth=51

[LeftLeg]
ThighAlpha=0.0499798879027367
ThighTheta=0.245932787656784
LowerLegAlpha=-0.13922968506813
LowerLegTheta=-1.02974426746368

[RightLeg]
ThighAlpha=0.121379725635052
ThighTheta=0.106306441128254
LowerLegAlpha=-0.0285599306225777
LowerLegTheta=-0.106306403875351
