[%General]
Highest=145
CenterX=38.4904859404859
CenterY=141.183865683866
XWidth=56

[LeftLeg]
ThighAlpha=-0.0999597683548927
ThighTheta=-0.318919241428375
LowerLegAlpha=-0.0142799615859985
LowerLegTheta=-0.215559482574463

[RightLeg]
ThighAlpha=-0.0214199498295784
ThighTheta=0.454919010400772
LowerLegAlpha=0.00713998824357986
LowerLegTheta=0.401879131793976
