[%General]
Highest=143
CenterX=39.6028905807414
CenterY=17.9917096154643
XWidth=48

[LeftLeg]
ThighAlpha=0.0392699092626572
ThighTheta=-0.431968986988068
LowerLegAlpha=-0.0981747731566429
LowerLegTheta=0

[RightLeg]
ThighAlpha=0.0196349546313286
ThighTheta=0.392699092626572
LowerLegAlpha=0
LowerLegTheta=0.274889349937439
