[%General]
Highest=146
CenterX=40.0210289333383
CenterY=196.147412822701
XWidth=54

[LeftLeg]
ThighAlpha=-0.00356999039649963
ThighTheta=0.388732463121414
LowerLegAlpha=-0.0321299210190773
LowerLegTheta=-0.176119565963745

[RightLeg]
ThighAlpha=0.0678298473358154
ThighTheta=-0.106306403875351
LowerLegAlpha=0.0606898665428162
LowerLegTheta=0.0333199352025986
