[%General]
Highest=142
CenterX=39.5430523276287
CenterY=174.438256215226
XWidth=55

[LeftLeg]
ThighAlpha=-0.0285599306225777
ThighTheta=-0.106306403875351
LowerLegAlpha=0.021419957280159
LowerLegTheta=-1.02974426746368

[RightLeg]
ThighAlpha=0.0499798879027367
ThighTheta=0.391905784606934
LowerLegAlpha=0.0428399071097374
LowerLegTheta=0.179292947053909
