[%General]
Highest=144
CenterX=40.9409701782292
CenterY=79.677822171566
XWidth=53

[LeftLeg]
ThighAlpha=-0.0785398185253143
ThighTheta=0.484838932752609
LowerLegAlpha=0.00356999784708023
LowerLegTheta=0.282199382781982

[RightLeg]
ThighAlpha=0.0856798067688942
ThighTheta=-0.259079366922379
LowerLegAlpha=0.0428399071097374
LowerLegTheta=-0.371959120035172
