[%General]
Highest=144
CenterX=39.0524693444374
CenterY=103.891316397853
XWidth=54

[LeftLeg]
ThighAlpha=-0.0999597683548927
ThighTheta=0.534705460071564
LowerLegAlpha=-0.0142799615859985
LowerLegTheta=-0.0364932343363762

[RightLeg]
ThighAlpha=0.121379725635052
ThighTheta=-0.322092592716217
LowerLegAlpha=0.021419957280159
LowerLegTheta=-0.607691943645477
