[%General]
Highest=143
CenterX=40.289733223464
CenterY=89.3131534222588
XWidth=53

[LeftLeg]
ThighAlpha=-0.0785398185253143
ThighTheta=0.574598729610443
LowerLegAlpha=-0.121379718184471
LowerLegTheta=0.34883925318718

[RightLeg]
ThighAlpha=0.121379725635052
ThighTheta=-0.401879042387009
LowerLegAlpha=0.021419957280159
LowerLegTheta=-0.431798994541168
