[%General]
Highest=142
CenterX=38.4427160528029
CenterY=148.25857077556
XWidth=56

[LeftLeg]
ThighAlpha=-0.082109808921814
ThighTheta=-0.464892268180847
LowerLegAlpha=-0.0107099711894989
LowerLegTheta=-0.10313306748867

[RightLeg]
ThighAlpha=-0.0214199498295784
ThighTheta=0.537878811359406
LowerLegAlpha=0.0249899476766586
LowerLegTheta=0.458545625209808
