[%General]
Highest=145
CenterX=39.7702884169747
CenterY=188.617321655635
XWidth=53

[LeftLeg]
ThighAlpha=-0.00356999039649963
ThighTheta=0.391905784606934
LowerLegAlpha=0.00356999784708023
LowerLegTheta=-0.956757783889771

[RightLeg]
ThighAlpha=0.0821098163723946
ThighTheta=-0.106306403875351
LowerLegAlpha=0.021419957280159
LowerLegTheta=0.395079135894775
