[%General]
Highest=140
CenterX=38.8692289595954
CenterY=242.383417632183
XWidth=51

[LeftLeg]
ThighAlpha=-0.0999597683548927
ThighTheta=0.534705460071564
LowerLegAlpha=-0.13922968506813
LowerLegTheta=-0.109479740262032

[RightLeg]
ThighAlpha=0.0107099786400795
ThighTheta=-0.318919241428375
LowerLegAlpha=0.00356999784708023
LowerLegTheta=-0.607691943645477
