[%General]
Highest=141
CenterX=40.0133338521603
CenterY=26.5171537154494
XWidth=50

[LeftLeg]
ThighAlpha=0.0499798879027367
ThighTheta=-0.478038877248764
LowerLegAlpha=-0.0856797993183136
LowerLegTheta=-0.24275940656662

[RightLeg]
ThighAlpha=0.0678298473358154
ThighTheta=0.567798733711243
LowerLegAlpha=-0.0321299210190773
LowerLegTheta=0.212839543819427
