[%General]
Highest=146
CenterX=38.7583008535202
CenterY=122.649945729932
XWidth=54

[LeftLeg]
ThighAlpha=-0.0785398185253143
ThighTheta=0.0785398185253143
LowerLegAlpha=-0.0981747731566429
LowerLegTheta=-0.0785398185253143

[RightLeg]
ThighAlpha=0.0392699092626572
ThighTheta=0.235619455575943
LowerLegAlpha=0.0196349546313286
LowerLegTheta=-0.628318548202515
