[%General]
Highest=143
CenterX=39.3955720925306
CenterY=100.051561817243
XWidth=54

[LeftLeg]
ThighAlpha=-0.0999597683548927
ThighTheta=0.537878811359406
LowerLegAlpha=-0.0321299210190773
LowerLegTheta=0.030146598815918

[RightLeg]
ThighAlpha=0.103529766201973
ThighTheta=-0.391905754804611
LowerLegAlpha=0.021419957280159
LowerLegTheta=-0.537878751754761
