[%General]
Highest=140
CenterX=40.1694309877658
CenterY=221.353340449407
XWidth=52

[LeftLeg]
ThighAlpha=-0.0785398185253143
ThighTheta=0.627638638019562
LowerLegAlpha=-0.13922968506813
LowerLegTheta=0.378759175539017

[RightLeg]
ThighAlpha=0.0856798067688942
ThighTheta=-0.461718916893005
LowerLegAlpha=0.021419957280159
LowerLegTheta=-0.282199323177338
