[%General]
Highest=142
CenterX=38.8412272158063
CenterY=258.348295533602
XWidth=49

[LeftLeg]
ThighAlpha=-0.117809727787971
ThighTheta=-0.0333198979496956
LowerLegAlpha=-0.0499798804521561
LowerLegTheta=0.0333199352025986

[RightLeg]
ThighAlpha=0.0678298473358154
ThighTheta=0.391905784606934
LowerLegAlpha=0.00356999784708023
LowerLegTheta=-0.322092592716217
