[%General]
Highest=142
CenterX=40.941898089172
CenterY=39.6052611464968
XWidth=52

[LeftLeg]
ThighAlpha=0.0589048638939857
ThighTheta=-0.392699092626572
LowerLegAlpha=-0.0196349546313286
LowerLegTheta=-0.628318548202515

[RightLeg]
ThighAlpha=0.0785398185253143
ThighTheta=0.510508835315704
LowerLegAlpha=0.0392699092626572
LowerLegTheta=0
