[%General]
Highest=140
CenterX=39.9978990713896
CenterY=224.612112553749
XWidth=52

[LeftLeg]
ThighAlpha=-0.0606898590922356
ThighTheta=0.60451865196228
LowerLegAlpha=-0.13922968506813
LowerLegTheta=0.31891930103302

[RightLeg]
ThighAlpha=0.0821098163723946
ThighTheta=-0.464892268180847
LowerLegAlpha=0.021419957280159
LowerLegTheta=-0.388732433319092
