[%General]
Highest=143
CenterX=40.0160704884874
CenterY=177.706907539276
XWidth=54

[LeftLeg]
ThighAlpha=-0.0589048638939857
ThighTheta=-0.117809727787971
LowerLegAlpha=0.0785398185253143
LowerLegTheta=-0.785398185253143

[RightLeg]
ThighAlpha=0.0392699092626572
ThighTheta=0.392699092626572
LowerLegAlpha=0.0981747731566429
LowerLegTheta=-0.0392699092626572
