[%General]
Highest=146
CenterX=38.8611682863917
CenterY=137.635783330294
XWidth=55

[LeftLeg]
ThighAlpha=-0.082109808921814
ThighTheta=-0.259079366922379
LowerLegAlpha=-0.0678298398852348
LowerLegTheta=-0.10267972946167

[RightLeg]
ThighAlpha=-0.0214199498295784
ThighTheta=0.424999058246613
LowerLegAlpha=0.00356999784708023
LowerLegTheta=0.0632398948073387
