[%General]
Highest=141
CenterX=40.6909493384314
CenterY=36.1051592292599
XWidth=51

[LeftLeg]
ThighAlpha=0.0642598569393158
ThighTheta=-0.461718916893005
LowerLegAlpha=-0.0321299210190773
LowerLegTheta=-0.468065589666367

[RightLeg]
ThighAlpha=0.103529766201973
ThighTheta=0.534705460071564
LowerLegAlpha=-0.00713998079299927
LowerLegTheta=0.103133104741573
