[%General]
Highest=145
CenterX=40.5137548293729
CenterY=203.501053094029
XWidth=53

[LeftLeg]
ThighAlpha=-0.024989940226078
ThighTheta=0.567798733711243
LowerLegAlpha=0.00356999784708023
LowerLegTheta=-0.0727597996592522

[RightLeg]
ThighAlpha=0.0499798879027367
ThighTheta=-0.229159444570541
LowerLegAlpha=0.0999597758054733
LowerLegTheta=-0.0333198830485344
