[%General]
Highest=146
CenterX=38.7583008535202
CenterY=122.649945729932
XWidth=54

[LeftLeg]
ThighAlpha=-0.117809727787971
ThighTheta=0.0364932715892792
LowerLegAlpha=-0.0678298398852348
LowerLegTheta=-0.0396665707230568

[RightLeg]
ThighAlpha=0.0321299284696579
ThighTheta=0.249106109142303
LowerLegAlpha=0.0999597758054733
LowerLegTheta=-0.674331784248352
