[%General]
Highest=143
CenterX=39.9445344391888
CenterY=92.7473077172293
XWidth=53

[LeftLeg]
ThighAlpha=-0.117809727787971
ThighTheta=0.544678807258606
LowerLegAlpha=-0.0678298398852348
LowerLegTheta=0.282199382781982

[RightLeg]
ThighAlpha=0.103529766201973
ThighTheta=-0.401879042387009
LowerLegAlpha=0.021419957280159
LowerLegTheta=-0.454918920993805
