[%General]
Highest=142
CenterX=40.6282454812277
CenterY=214.130270794321
XWidth=53

[LeftLeg]
ThighAlpha=-0.0981747731566429
ThighTheta=0.589048624038696
LowerLegAlpha=-0.0392699092626572
LowerLegTheta=0.431968986988068

[RightLeg]
ThighAlpha=0.0785398185253143
ThighTheta=-0.392699092626572
LowerLegAlpha=0.0785398185253143
LowerLegTheta=-0.196349546313286
