[%General]
Highest=143
CenterX=41.2765228426396
CenterY=43.2839467005076
XWidth=51

[LeftLeg]
ThighAlpha=0.0499798879027367
ThighTheta=-0.249106079339981
LowerLegAlpha=0.0249899476766586
LowerLegTheta=-0.820304751396179

[RightLeg]
ThighAlpha=0.0856798067688942
ThighTheta=0.46171897649765
LowerLegAlpha=0.0249899476766586
LowerLegTheta=-0.030146561563015
