[%General]
Highest=142
CenterX=38.5721610637095
CenterY=254.44502462789
XWidth=50

[LeftLeg]
ThighAlpha=-0.082109808921814
ThighTheta=0.0396666079759598
LowerLegAlpha=-0.157079637050629
LowerLegTheta=0.030146598815918

[RightLeg]
ThighAlpha=0.13922968506813
ThighTheta=0.458545625209808
LowerLegAlpha=-0.0321299210190773
LowerLegTheta=-0.398252427577972
