[%General]
Highest=144
CenterX=41.1538713703933
CenterY=76.4347458802466
XWidth=52

[LeftLeg]
ThighAlpha=-0.0606898590922356
ThighTheta=0.46489229798317
LowerLegAlpha=-0.0142799615859985
LowerLegTheta=0.176119610667229

[RightLeg]
ThighAlpha=0.0678298473358154
ThighTheta=-0.249106079339981
LowerLegAlpha=0.0606898665428162
LowerLegTheta=-0.2522794008255
