[%General]
Highest=144
CenterX=41.3881948931486
CenterY=46.9594132146361
XWidth=50

[LeftLeg]
ThighAlpha=0.0856798067688942
ThighTheta=-0.179292917251587
LowerLegAlpha=0.00356999784708023
LowerLegTheta=-0.817131459712982

[RightLeg]
ThighAlpha=0.0856798067688942
ThighTheta=0.395079135894775
LowerLegAlpha=0.021419957280159
LowerLegTheta=-0.109479740262032
