[%General]
Highest=141
CenterX=38.427247349386
CenterY=159.470399757972
XWidth=56

[LeftLeg]
ThighAlpha=-0.0999597683548927
ThighTheta=-0.461718916893005
LowerLegAlpha=0.00713998824357986
LowerLegTheta=-0.398252427577972

[RightLeg]
ThighAlpha=0.0285599380731583
ThighTheta=0.537878811359406
LowerLegAlpha=0.0428399071097374
LowerLegTheta=0.315745949745178
