[%General]
Highest=141
CenterX=39.0277182711648
CenterY=265.952854409576
XWidth=49

[LeftLeg]
ThighAlpha=-0.0981747731566429
ThighTheta=-0.157079637050629
LowerLegAlpha=-0.0589048638939857
LowerLegTheta=0

[RightLeg]
ThighAlpha=-0.0589048638939857
ThighTheta=0.392699092626572
LowerLegAlpha=0.0196349546313286
LowerLegTheta=0
