[%General]
Highest=145
CenterX=39.9991355441687
CenterY=184.782507924178
XWidth=53

[LeftLeg]
ThighAlpha=-0.0107099711894989
ThighTheta=0.172946274280548
LowerLegAlpha=0.00356999784708023
LowerLegTheta=-0.81395810842514

[RightLeg]
ThighAlpha=0.0678298473358154
ThighTheta=0.179292947053909
LowerLegAlpha=0.0606898665428162
LowerLegTheta=0.0364932715892792
