[%General]
Highest=140
CenterX=38.9082149114269
CenterY=269.442557264292
XWidth=49

[LeftLeg]
ThighAlpha=-0.0856797993183136
ThighTheta=-0.206039488315582
LowerLegAlpha=-0.157079637050629
LowerLegTheta=-0.0727597996592522

[RightLeg]
ThighAlpha=-0.0606898590922356
ThighTheta=0.484838932752609
LowerLegAlpha=0.00356999784708023
LowerLegTheta=0.070039875805378
