[%General]
Highest=146
CenterX=38.8347073946025
CenterY=126.3362587541
XWidth=55

[LeftLeg]
ThighAlpha=-0.0981747731566429
ThighTheta=0
LowerLegAlpha=-0.0589048638939857
LowerLegTheta=-0.157079637050629

[RightLeg]
ThighAlpha=0.0785398185253143
ThighTheta=0.314159274101257
LowerLegAlpha=0.0392699092626572
LowerLegTheta=-0.785398185253143
