[%General]
Highest=140
CenterX=39.6184989800943
CenterY=228.482014489695
XWidth=51

[LeftLeg]
ThighAlpha=-0.117809727787971
ThighTheta=0.544678807258606
LowerLegAlpha=-0.103529758751392
LowerLegTheta=0.31891930103302

[RightLeg]
ThighAlpha=0.0642598569393158
ThighTheta=-0.491638839244843
LowerLegAlpha=0.0606898665428162
LowerLegTheta=-0.365159124135971
