[%General]
Highest=144
CenterX=41.1538713703933
CenterY=76.4347458802466
XWidth=52

[LeftLeg]
ThighAlpha=-0.0785398185253143
ThighTheta=0.484838932752609
LowerLegAlpha=0.021419957280159
LowerLegTheta=0.116279773414135

[RightLeg]
ThighAlpha=0.0678298473358154
ThighTheta=-0.288999319076538
LowerLegAlpha=0.0606898665428162
LowerLegTheta=-0.192439526319504
