[%General]
Highest=141
CenterX=38.3901125727119
CenterY=155.760514458688
XWidth=55

[LeftLeg]
ThighAlpha=-0.082109808921814
ThighTheta=-0.507958829402924
LowerLegAlpha=-0.0107099711894989
LowerLegTheta=-0.212839469313622

[RightLeg]
ThighAlpha=-0.00713998079299927
ThighTheta=0.567798733711243
LowerLegAlpha=0.0606898665428162
LowerLegTheta=0.401879131793976
