[%General]
Highest=141
CenterX=39.2084930870222
CenterY=237.597478796329
XWidth=51

[LeftLeg]
ThighAlpha=-0.117809727787971
ThighTheta=0.507958889007568
LowerLegAlpha=-0.0642598494887352
LowerLegTheta=0.070039875805378

[RightLeg]
ThighAlpha=0.0499798879027367
ThighTheta=-0.401879042387009
LowerLegAlpha=0.00713998824357986
LowerLegTheta=-0.574598670005798
