[%General]
Highest=143
CenterX=39.5465449736143
CenterY=96.3247606950646
XWidth=54

[LeftLeg]
ThighAlpha=-0.117809727787971
ThighTheta=0.534705460071564
LowerLegAlpha=-0.103529758751392
LowerLegTheta=0.249106109142303

[RightLeg]
ThighAlpha=0.103529766201973
ThighTheta=-0.391905754804611
LowerLegAlpha=0.021419957280159
LowerLegTheta=-0.534705400466919
