[%General]
Highest=141
CenterX=40.4018241566629
CenterY=217.67976661525
XWidth=52

[LeftLeg]
ThighAlpha=-0.13922968506813
ThighTheta=0.607692003250122
LowerLegAlpha=-0.0499798804521561
LowerLegTheta=0.46171897649765

[RightLeg]
ThighAlpha=0.0856798067688942
ThighTheta=-0.391905754804611
LowerLegAlpha=0.0821098163723946
LowerLegTheta=-0.398252427577972
