[%General]
Highest=142
CenterX=38.7445072630076
CenterY=167.13836099527
XWidth=56

[LeftLeg]
ThighAlpha=-0.0785398185253143
ThighTheta=-0.401879042387009
LowerLegAlpha=-0.0142799615859985
LowerLegTheta=-0.567798674106598

[RightLeg]
ThighAlpha=0.0321299284696579
ThighTheta=0.544678807258606
LowerLegAlpha=0.0606898665428162
LowerLegTheta=0.169319659471512
