[%General]
Highest=141
CenterX=38.0866885132306
CenterY=250.499689624807
XWidth=50

[LeftLeg]
ThighAlpha=-0.117809727787971
ThighTheta=0.176119610667229
LowerLegAlpha=-0.13922968506813
LowerLegTheta=0.109479777514935

[RightLeg]
ThighAlpha=-0.0428398996591568
ThighTheta=-0.0364932343363762
LowerLegAlpha=-0.0142799615859985
LowerLegTheta=-0.607691943645477
