[%General]
Highest=146
CenterX=40.9733587265861
CenterY=61.3306353002283
XWidth=51

[LeftLeg]
ThighAlpha=0.0821098163723946
ThighTheta=0.0863598436117172
LowerLegAlpha=-0.103529758751392
LowerLegTheta=-0.657558441162109

[RightLeg]
ThighAlpha=0.13922968506813
ThighTheta=-0.229159444570541
LowerLegAlpha=-0.0285599306225777
LowerLegTheta=0.312119334936142
