[%General]
Highest=147
CenterX=41.1300647928454
CenterY=65.3816617995985
XWidth=51

[LeftLeg]
ThighAlpha=-0.0214199498295784
ThighTheta=0.322092622518539
LowerLegAlpha=0.021419957280159
LowerLegTheta=-0.67115843296051

[RightLeg]
ThighAlpha=0.0856798067688942
ThighTheta=-0.030146561563015
LowerLegAlpha=0.103529766201973
LowerLegTheta=-0.255452752113342
