[%General]
Highest=146
CenterX=38.8347073946025
CenterY=126.3362587541
XWidth=55

[LeftLeg]
ThighAlpha=-0.0785398185253143
ThighTheta=0.0496399253606796
LowerLegAlpha=-0.0678298398852348
LowerLegTheta=-0.2454794049263

[RightLeg]
ThighAlpha=0.0856798067688942
ThighTheta=0.229159519076347
LowerLegAlpha=-0.157079637050629
LowerLegTheta=-0.146199628710747
