[%General]
Highest=141
CenterX=39.0277182711648
CenterY=265.952854409576
XWidth=49

[LeftLeg]
ThighAlpha=-0.0999597683548927
ThighTheta=-0.176119565963745
LowerLegAlpha=-0.121379718184471
LowerLegTheta=0.030146598815918

[RightLeg]
ThighAlpha=-0.024989940226078
ThighTheta=0.534705460071564
LowerLegAlpha=0.0285599380731583
LowerLegTheta=-0.398252427577972
