[%General]
Highest=142
CenterX=39.7672820030879
CenterY=20.5337584748607
XWidth=49

[LeftLeg]
ThighAlpha=0.0678298473358154
ThighTheta=-0.464892268180847
LowerLegAlpha=-0.121379718184471
LowerLegTheta=-0.0333198979496956

[RightLeg]
ThighAlpha=0.0499798879027367
ThighTheta=0.46489229798317
LowerLegAlpha=-0.0285599306225777
LowerLegTheta=0.31891930103302
