[%General]
Highest=142
CenterX=40.6282454812277
CenterY=214.130270794321
XWidth=53

[LeftLeg]
ThighAlpha=-0.0999597683548927
ThighTheta=0.607692003250122
LowerLegAlpha=-0.0499798804521561
LowerLegTheta=0.388732463121414

[RightLeg]
ThighAlpha=0.103529766201973
ThighTheta=-0.388732433319092
LowerLegAlpha=0.0428399071097374
LowerLegTheta=-0.255452752113342
