[%General]
Highest=146
CenterX=40.0210289333383
CenterY=196.147412822701
XWidth=54

[LeftLeg]
ThighAlpha=-0.0214199498295784
ThighTheta=0.34883925318718
LowerLegAlpha=0.021419957280159
LowerLegTheta=-0.116279698908329

[RightLeg]
ThighAlpha=0.0678298473358154
ThighTheta=-0.146199628710747
LowerLegAlpha=0.0606898665428162
LowerLegTheta=0.123079754412174
