[%General]
Highest=143
CenterX=39.9445344391888
CenterY=92.7473077172293
XWidth=53

[LeftLeg]
ThighAlpha=-0.0981747731566429
ThighTheta=0.549778699874878
LowerLegAlpha=-0.0589048638939857
LowerLegTheta=0.235619455575943

[RightLeg]
ThighAlpha=0.0981747731566429
ThighTheta=-0.392699092626572
LowerLegAlpha=0.0589048638939857
LowerLegTheta=-0.471238911151886
