[%General]
Highest=142
CenterX=38.5530541346391
CenterY=144.932338539815
XWidth=56

[LeftLeg]
ThighAlpha=-0.082109808921814
ThighTheta=-0.37875908613205
LowerLegAlpha=-0.0107099711894989
LowerLegTheta=-0.215559482574463

[RightLeg]
ThighAlpha=-0.0392699092626572
ThighTheta=0.484838932752609
LowerLegAlpha=0.0107099786400795
LowerLegTheta=0.521558880805969
