[%General]
Highest=146
CenterX=38.8817672920607
CenterY=133.884246715403
XWidth=56

[LeftLeg]
ThighAlpha=-0.0856797993183136
ThighTheta=-0.176119565963745
LowerLegAlpha=-0.103529758751392
LowerLegTheta=-0.109479740262032

[RightLeg]
ThighAlpha=0.0142799690365791
ThighTheta=0.395079135894775
LowerLegAlpha=0.0321299284696579
LowerLegTheta=-0.255452752113342
