[%General]
Highest=143
CenterX=39.9445344391888
CenterY=92.7473077172293
XWidth=53

[LeftLeg]
ThighAlpha=-0.0999597683548927
ThighTheta=0.534705460071564
LowerLegAlpha=-0.0856797993183136
LowerLegTheta=0.322092622518539

[RightLeg]
ThighAlpha=0.103529766201973
ThighTheta=-0.391905754804611
LowerLegAlpha=0.021419957280159
LowerLegTheta=-0.464892268180847
