[%General]
Highest=146
CenterX=38.8611682863917
CenterY=137.635783330294
XWidth=55

[LeftLeg]
ThighAlpha=-0.082109808921814
ThighTheta=-0.249106079339981
LowerLegAlpha=-0.0856797993183136
LowerLegTheta=-0.112653076648712

[RightLeg]
ThighAlpha=-0.00356999039649963
ThighTheta=0.395079135894775
LowerLegAlpha=-0.0142799615859985
LowerLegTheta=0.103133104741573
