[%General]
Highest=142
CenterX=38.4892513997373
CenterY=163.263537706504
XWidth=56

[LeftLeg]
ThighAlpha=-0.0999597683548927
ThighTheta=-0.464892268180847
LowerLegAlpha=0.0249899476766586
LowerLegTheta=-0.468065589666367

[RightLeg]
ThighAlpha=0.0321299284696579
ThighTheta=0.531532108783722
LowerLegAlpha=0.0428399071097374
LowerLegTheta=0.325265944004059
