[%General]
Highest=145
CenterX=41.2943860209412
CenterY=50.3767023290827
XWidth=52

[LeftLeg]
ThighAlpha=0
ThighTheta=0
LowerLegAlpha=0.0981747731566429
LowerLegTheta=-0.785398185253143

[RightLeg]
ThighAlpha=0.0589048638939857
ThighTheta=0.157079637050629
LowerLegAlpha=0.0785398185253143
LowerLegTheta=0.117809727787971
