[%General]
Highest=142
CenterX=38.8412272158063
CenterY=258.348295533602
XWidth=49

[LeftLeg]
ThighAlpha=-0.117809727787971
ThighTheta=-0.0632398128509521
LowerLegAlpha=-0.0499798804521561
LowerLegTheta=0.0333199612796307

[RightLeg]
ThighAlpha=0.0499798879027367
ThighTheta=0.371959179639816
LowerLegAlpha=0.103529766201973
LowerLegTheta=-0.0727597996592522
