[%General]
Highest=143
CenterX=40.4769124829442
CenterY=86.137798237672
XWidth=53

[LeftLeg]
ThighAlpha=-0.0214199498295784
ThighTheta=0.534705460071564
LowerLegAlpha=-0.157079637050629
LowerLegTheta=0.388732463121414

[RightLeg]
ThighAlpha=0.103529766201973
ThighTheta=-0.391905754804611
LowerLegAlpha=0.021419957280159
LowerLegTheta=-0.322092592716217
