[%General]
Highest=145
CenterX=38.2317576329129
CenterY=115.045109827498
XWidth=55

[LeftLeg]
ThighAlpha=-0.117809727787971
ThighTheta=0.249106109142303
LowerLegAlpha=-0.0678298398852348
LowerLegTheta=-0.0364932343363762

[RightLeg]
ThighAlpha=0.0821098163723946
ThighTheta=-0.0364932343363762
LowerLegAlpha=-0.0107099711894989
LowerLegTheta=-0.820304751396179
