[%General]
Highest=141
CenterX=38.3233976491462
CenterY=246.392888297479
XWidth=50

[LeftLeg]
ThighAlpha=-0.0785398185253143
ThighTheta=0.31891930103302
LowerLegAlpha=-0.13922968506813
LowerLegTheta=0.106306441128254

[RightLeg]
ThighAlpha=-0.0428398996591568
ThighTheta=-0.182466238737106
LowerLegAlpha=0.00356999784708023
LowerLegTheta=-0.67115843296051
