[%General]
Highest=144
CenterX=39.2632904469965
CenterY=15.7603114296405
XWidth=47

[LeftLeg]
ThighAlpha=0.0392699092626572
ThighTheta=-0.353429168462753
LowerLegAlpha=-0.0981747731566429
LowerLegTheta=0

[RightLeg]
ThighAlpha=0.0589048638939857
ThighTheta=0.353429168462753
LowerLegAlpha=-0.0589048638939857
LowerLegTheta=0.117809727787971
