[%General]
Highest=144
CenterX=40.8035601173779
CenterY=207.088498778391
XWidth=53

[LeftLeg]
ThighAlpha=-0.0392699092626572
ThighTheta=0.514758884906769
LowerLegAlpha=-0.0107099711894989
LowerLegTheta=0.31891930103302

[RightLeg]
ThighAlpha=0.0856798067688942
ThighTheta=-0.312119245529175
LowerLegAlpha=0.021419957280159
LowerLegTheta=0.0197199955582619
