[%General]
Highest=142
CenterX=38.8412272158063
CenterY=258.348295533602
XWidth=49

[LeftLeg]
ThighAlpha=-0.0981747731566429
ThighTheta=-0.0785398185253143
LowerLegAlpha=-0.0392699092626572
LowerLegTheta=0.0785398185253143

[RightLeg]
ThighAlpha=0.0392699092626572
ThighTheta=0.353429168462753
LowerLegAlpha=0.0981747731566429
LowerLegTheta=-0.0785398185253143
