[%General]
Highest=144
CenterX=40.1759295367444
CenterY=181.067437638674
XWidth=54

[LeftLeg]
ThighAlpha=-0.0107099711894989
ThighTheta=0.0863598436117172
LowerLegAlpha=-0.0142799615859985
LowerLegTheta=-1.03971755504608

[RightLeg]
ThighAlpha=0.0499798879027367
ThighTheta=0.312119334936142
LowerLegAlpha=0.103529766201973
LowerLegTheta=-0.0727597996592522
