[%General]
Highest=141
CenterX=38.3233976491462
CenterY=246.392888297479
XWidth=50

[LeftLeg]
ThighAlpha=-0.0785398185253143
ThighTheta=0.229159519076347
LowerLegAlpha=-0.157079637050629
LowerLegTheta=0.235959500074387

[RightLeg]
ThighAlpha=-0.0428398996591568
ThighTheta=-0.192439526319504
LowerLegAlpha=0.00356999784708023
LowerLegTheta=-0.641238510608673
