[%General]
Highest=142
CenterX=38.5721610637095
CenterY=254.44502462789
XWidth=50

[LeftLeg]
ThighAlpha=-0.117809727787971
ThighTheta=0.0197199955582619
LowerLegAlpha=-0.13922968506813
LowerLegTheta=0.0401199460029602

[RightLeg]
ThighAlpha=0.13922968506813
ThighTheta=0.468518972396851
LowerLegAlpha=0.021419957280159
LowerLegTheta=-0.358359158039093
