[%General]
Highest=141
CenterX=38.427247349386
CenterY=159.470399757972
XWidth=56

[LeftLeg]
ThighAlpha=-0.0999597683548927
ThighTheta=-0.491638839244843
LowerLegAlpha=0.00713998824357986
LowerLegTheta=-0.358359158039093

[RightLeg]
ThighAlpha=0.0285599380731583
ThighTheta=0.567798733711243
LowerLegAlpha=0.0606898665428162
LowerLegTheta=0.295799374580383
