[%General]
Highest=144
CenterX=40.1759295367444
CenterY=181.067437638674
XWidth=54

[LeftLeg]
ThighAlpha=-0.0107099711894989
ThighTheta=0.106306441128254
LowerLegAlpha=0.021419957280159
LowerLegTheta=-1.02974426746368

[RightLeg]
ThighAlpha=0.0678298473358154
ThighTheta=0.322092622518539
LowerLegAlpha=0.0678298473358154
LowerLegTheta=-0.112653076648712
