[%General]
Highest=146
CenterX=38.7583008535202
CenterY=122.649945729932
XWidth=54

[LeftLeg]
ThighAlpha=-0.0999597683548927
ThighTheta=0.0564399100840092
LowerLegAlpha=-0.103529758751392
LowerLegTheta=-0.0795597806572914

[RightLeg]
ThighAlpha=0.0321299284696579
ThighTheta=0.229159519076347
LowerLegAlpha=0.046409897506237
LowerLegTheta=-0.604518592357635
