[%General]
Highest=143
CenterX=39.6028905807414
CenterY=17.9917096154643
XWidth=48

[LeftLeg]
ThighAlpha=0.046409897506237
ThighTheta=-0.395079076290131
LowerLegAlpha=-0.0856797993183136
LowerLegTheta=-0.0333198979496956

[RightLeg]
ThighAlpha=0.0499798879027367
ThighTheta=0.46489229798317
LowerLegAlpha=-0.0464098900556564
LowerLegTheta=0.172946274280548
