[%General]
Highest=140
CenterX=39.9978990713896
CenterY=224.612112553749
XWidth=52

[LeftLeg]
ThighAlpha=-0.0785398185253143
ThighTheta=0.60451865196228
LowerLegAlpha=-0.121379718184471
LowerLegTheta=0.31891930103302

[RightLeg]
ThighAlpha=0.0821098163723946
ThighTheta=-0.484838873147964
LowerLegAlpha=0.021419957280159
LowerLegTheta=-0.318919241428375
