[%General]
Highest=144
CenterX=39.0524693444374
CenterY=103.891316397853
XWidth=54

[LeftLeg]
ThighAlpha=-0.0981747731566429
ThighTheta=0.510508835315704
LowerLegAlpha=-0.0589048638939857
LowerLegTheta=0.0392699092626572

[RightLeg]
ThighAlpha=0.0785398185253143
ThighTheta=-0.314159274101257
LowerLegAlpha=0.0981747731566429
LowerLegTheta=-0.667588412761688
