[%General]
Highest=145
CenterX=41.2943860209412
CenterY=50.3767023290827
XWidth=52

[LeftLeg]
ThighAlpha=0.0678298473358154
ThighTheta=0.0333199352025986
LowerLegAlpha=-0.0142799615859985
LowerLegTheta=-0.956757783889771

[RightLeg]
ThighAlpha=0.0678298473358154
ThighTheta=0.18246628344059
LowerLegAlpha=0.0606898665428162
LowerLegTheta=-0.0396665707230568
