[%General]
Highest=143
CenterX=40.0160704884874
CenterY=177.706907539276
XWidth=54

[LeftLeg]
ThighAlpha=-0.0214199498295784
ThighTheta=0.0364932715892792
LowerLegAlpha=0.00356999784708023
LowerLegTheta=-1.09955739974976

[RightLeg]
ThighAlpha=0.0678298473358154
ThighTheta=0.391905784606934
LowerLegAlpha=0.0249899476766586
LowerLegTheta=-0.0333198979496956
