[%General]
Highest=143
CenterX=39.5465449736143
CenterY=96.3247606950646
XWidth=54

[LeftLeg]
ThighAlpha=-0.117809727787971
ThighTheta=0.574598729610443
LowerLegAlpha=-0.0678298398852348
LowerLegTheta=0.169319659471512

[RightLeg]
ThighAlpha=0.103529766201973
ThighTheta=-0.401879042387009
LowerLegAlpha=0.021419957280159
LowerLegTheta=-0.514758765697479
