[%General]
Highest=145
CenterX=41.1479812726541
CenterY=72.917161699557
XWidth=51

[LeftLeg]
ThighAlpha=-0.0606898590922356
ThighTheta=0.395079135894775
LowerLegAlpha=0.0428399071097374
LowerLegTheta=0.030146598815918

[RightLeg]
ThighAlpha=0.0678298473358154
ThighTheta=-0.249106079339981
LowerLegAlpha=0.0606898665428162
LowerLegTheta=-0.176119565963745
