[%General]
Highest=140
CenterX=39.6184989800943
CenterY=228.482014489695
XWidth=51

[LeftLeg]
ThighAlpha=-0.0999597683548927
ThighTheta=0.60451865196228
LowerLegAlpha=-0.121379718184471
LowerLegTheta=0.249106109142303

[RightLeg]
ThighAlpha=0.046409897506237
ThighTheta=-0.461718916893005
LowerLegAlpha=0.0606898665428162
LowerLegTheta=-0.395079076290131
