[%General]
Highest=146
CenterX=39.9371472233862
CenterY=192.525486184713
XWidth=54

[LeftLeg]
ThighAlpha=-0.0589048638939857
ThighTheta=0.274889349937439
LowerLegAlpha=0.0981747731566429
LowerLegTheta=-0.274889349937439

[RightLeg]
ThighAlpha=0.0785398185253143
ThighTheta=-0.196349546313286
LowerLegAlpha=0.0981747731566429
LowerLegTheta=0.431968986988068
