[%General]
Highest=145
CenterX=40.3682245063965
CenterY=199.794904976706
XWidth=53

[LeftLeg]
ThighAlpha=-0.024989940226078
ThighTheta=0.46489229798317
LowerLegAlpha=0.0249899476766586
LowerLegTheta=-0.112653076648712

[RightLeg]
ThighAlpha=0.0499798879027367
ThighTheta=-0.179292917251587
LowerLegAlpha=0.0821098163723946
LowerLegTheta=0.0333199352025986
