[%General]
Highest=142
CenterX=38.9493711904946
CenterY=262.19461461307
XWidth=49

[LeftLeg]
ThighAlpha=-0.0981747731566429
ThighTheta=-0.157079637050629
LowerLegAlpha=-0.0785398185253143
LowerLegTheta=0.117809727787971

[RightLeg]
ThighAlpha=-0.0196349546313286
ThighTheta=0.314159274101257
LowerLegAlpha=0
LowerLegTheta=0
