[%General]
Highest=141
CenterX=40.3227125915026
CenterY=32.6073775704897
XWidth=51

[LeftLeg]
ThighAlpha=0.0499798879027367
ThighTheta=-0.461718916893005
LowerLegAlpha=-0.0678298398852348
LowerLegTheta=-0.398252427577972

[RightLeg]
ThighAlpha=0.103529766201973
ThighTheta=0.534705460071564
LowerLegAlpha=-0.0142799615859985
LowerLegTheta=0.176119610667229
