[%General]
Highest=141
CenterX=38.4902728085868
CenterY=151.868151833631
XWidth=56

[LeftLeg]
ThighAlpha=-0.0999597683548927
ThighTheta=-0.464892268180847
LowerLegAlpha=0.00356999784708023
LowerLegTheta=-0.24275940656662

[RightLeg]
ThighAlpha=-0.0214199498295784
ThighTheta=0.60451865196228
LowerLegAlpha=0.0428399071097374
LowerLegTheta=0.46171897649765
