[%General]
Highest=143
CenterX=41.2765228426396
CenterY=43.2839467005076
XWidth=51

[LeftLeg]
ThighAlpha=0.0196349546313286
ThighTheta=-0.314159274101257
LowerLegAlpha=0.0785398185253143
LowerLegTheta=-0.706858336925507

[RightLeg]
ThighAlpha=0.0981747731566429
ThighTheta=0.471238911151886
LowerLegAlpha=0.0196349546313286
LowerLegTheta=-0.0785398185253143
