[%General]
Highest=142
CenterX=38.7445072630076
CenterY=167.13836099527
XWidth=56

[LeftLeg]
ThighAlpha=-0.0785398185253143
ThighTheta=-0.391905754804611
LowerLegAlpha=-0.0142799615859985
LowerLegTheta=-0.607691943645477

[RightLeg]
ThighAlpha=0.0499798879027367
ThighTheta=0.534705460071564
LowerLegAlpha=0.0428399071097374
LowerLegTheta=0.179292947053909
