[%General]
Highest=146
CenterX=41.186304431414
CenterY=69.1958689801019
XWidth=52

[LeftLeg]
ThighAlpha=-0.024989940226078
ThighTheta=0.31891930103302
LowerLegAlpha=0.021419957280159
LowerLegTheta=-0.0364932343363762

[RightLeg]
ThighAlpha=0.0678298473358154
ThighTheta=-0.176119565963745
LowerLegAlpha=0.0856798067688942
LowerLegTheta=-0.0396665707230568
