[%General]
Highest=142
CenterX=38.5530541346391
CenterY=144.932338539815
XWidth=56

[LeftLeg]
ThighAlpha=-0.082109808921814
ThighTheta=-0.388732433319092
LowerLegAlpha=-0.0107099711894989
LowerLegTheta=-0.255452752113342

[RightLeg]
ThighAlpha=-0.0214199498295784
ThighTheta=0.46489229798317
LowerLegAlpha=-0.00713998079299927
LowerLegTheta=0.531532108783722
