[%General]
Highest=143
CenterX=40.0160704884874
CenterY=177.706907539276
XWidth=54

[LeftLeg]
ThighAlpha=-0.0214199498295784
ThighTheta=0.0265199784189463
LowerLegAlpha=0.00356999784708023
LowerLegTheta=-1.09955739974976

[RightLeg]
ThighAlpha=0.0499798879027367
ThighTheta=0.371959179639816
LowerLegAlpha=0.0606898665428162
LowerLegTheta=0.0265199784189463
