[%General]
Highest=145
CenterX=38.5014061621149
CenterY=118.760552465471
XWidth=55

[LeftLeg]
ThighAlpha=-0.0785398185253143
ThighTheta=0.179292947053909
LowerLegAlpha=-0.0856797993183136
LowerLegTheta=-0.109479740262032

[RightLeg]
ThighAlpha=0.0821098163723946
ThighTheta=0.0364932715892792
LowerLegAlpha=-0.0142799615859985
LowerLegTheta=-0.610865235328674
