[%General]
Highest=141
CenterX=39.8518392325938
CenterY=23.3844893787102
XWidth=49

[LeftLeg]
ThighAlpha=0.0678298473358154
ThighTheta=-0.484838873147964
LowerLegAlpha=-0.121379718184471
LowerLegTheta=-0.146199628710747

[RightLeg]
ThighAlpha=0.0856798067688942
ThighTheta=0.537878811359406
LowerLegAlpha=-0.0785398185253143
LowerLegTheta=0.295799374580383
