[%General]
Highest=141
CenterX=40.0133338521603
CenterY=26.5171537154494
XWidth=50

[LeftLeg]
ThighAlpha=0.0856798067688942
ThighTheta=-0.468065589666367
LowerLegAlpha=-0.13922968506813
LowerLegTheta=-0.24275940656662

[RightLeg]
ThighAlpha=0.0856798067688942
ThighTheta=0.607692003250122
LowerLegAlpha=-0.0499798804521561
LowerLegTheta=0.172946274280548
