[%General]
Highest=145
CenterX=38.4904859404859
CenterY=141.183865683866
XWidth=56

[LeftLeg]
ThighAlpha=-0.0981747731566429
ThighTheta=-0.353429168462753
LowerLegAlpha=-0.0392699092626572
LowerLegTheta=-0.0392699092626572

[RightLeg]
ThighAlpha=-0.0392699092626572
ThighTheta=0.471238911151886
LowerLegAlpha=0.0196349546313286
LowerLegTheta=0.392699092626572
