[%General]
Highest=145
CenterX=39.7702884169747
CenterY=188.617321655635
XWidth=53

[LeftLeg]
ThighAlpha=-0.00356999039649963
ThighTheta=0.342039257287979
LowerLegAlpha=0.00356999784708023
LowerLegTheta=-0.926837861537933

[RightLeg]
ThighAlpha=0.0821098163723946
ThighTheta=-0.146199628710747
LowerLegAlpha=-0.0142799615859985
LowerLegTheta=0.514758884906769
