[%General]
Highest=140
CenterX=39.4135194501523
CenterY=232.822178133636
XWidth=52

[LeftLeg]
ThighAlpha=-0.0606898590922356
ThighTheta=0.534705460071564
LowerLegAlpha=-0.117809727787971
LowerLegTheta=0.179292947053909

[RightLeg]
ThighAlpha=0.0499798879027367
ThighTheta=-0.391905754804611
LowerLegAlpha=0.0606898665428162
LowerLegTheta=-0.537878751754761
