[%General]
Highest=144
CenterX=40.8035601173779
CenterY=207.088498778391
XWidth=53

[LeftLeg]
ThighAlpha=-0.0214199498295784
ThighTheta=0.534705460071564
LowerLegAlpha=-0.0642598494887352
LowerLegTheta=0.31891930103302

[RightLeg]
ThighAlpha=0.0856798067688942
ThighTheta=-0.322092592716217
LowerLegAlpha=0.021419957280159
LowerLegTheta=0.0396666079759598
