[%General]
Highest=141
CenterX=38.4902728085868
CenterY=151.868151833631
XWidth=56

[LeftLeg]
ThighAlpha=-0.0999597683548927
ThighTheta=-0.484838873147964
LowerLegAlpha=0.00356999784708023
LowerLegTheta=-0.182919546961784

[RightLeg]
ThighAlpha=-0.0392699092626572
ThighTheta=0.574598729610443
LowerLegAlpha=0.0606898665428162
LowerLegTheta=0.49163892865181
