[%General]
Highest=141
CenterX=38.4902728085868
CenterY=151.868151833631
XWidth=56

[LeftLeg]
ThighAlpha=-0.0785398185253143
ThighTheta=-0.471238911151886
LowerLegAlpha=-0.0196349546313286
LowerLegTheta=-0.196349546313286

[RightLeg]
ThighAlpha=0
ThighTheta=0.589048624038696
LowerLegAlpha=0
LowerLegTheta=0.431968986988068
