[%General]
Highest=144
CenterX=40.1759295367444
CenterY=181.067437638674
XWidth=54

[LeftLeg]
ThighAlpha=-0.0589048638939857
ThighTheta=0
LowerLegAlpha=0.0981747731566429
LowerLegTheta=-0.785398185253143

[RightLeg]
ThighAlpha=0.0589048638939857
ThighTheta=0.314159274101257
LowerLegAlpha=0.0785398185253143
LowerLegTheta=-0.0392699092626572
