[%General]
Highest=146
CenterX=41.186304431414
CenterY=69.1958689801019
XWidth=52

[LeftLeg]
ThighAlpha=-0.0428398996591568
ThighTheta=0.34883925318718
LowerLegAlpha=0.021419957280159
LowerLegTheta=-0.0564398318529129

[RightLeg]
ThighAlpha=0.0678298473358154
ThighTheta=-0.176119565963745
LowerLegAlpha=0.0856798067688942
LowerLegTheta=-0.0496398508548737
