[%General]
Highest=146
CenterX=40.9733587265861
CenterY=61.3306353002283
XWidth=51

[LeftLeg]
ThighAlpha=0.0821098163723946
ThighTheta=0.106306441128254
LowerLegAlpha=-0.103529758751392
LowerLegTheta=-0.677505135536194

[RightLeg]
ThighAlpha=0.121379725635052
ThighTheta=-0.179292917251587
LowerLegAlpha=0.00713998824357986
LowerLegTheta=0.18246628344059
