[%General]
Highest=141
CenterX=40.3227125915026
CenterY=32.6073775704897
XWidth=51

[LeftLeg]
ThighAlpha=0.0589048638939857
ThighTheta=-0.471238911151886
LowerLegAlpha=-0.0785398185253143
LowerLegTheta=-0.353429168462753

[RightLeg]
ThighAlpha=0.0981747731566429
ThighTheta=0.549778699874878
LowerLegAlpha=-0.0196349546313286
LowerLegTheta=0.157079637050629
