[%General]
Highest=140
CenterX=38.9082149114269
CenterY=269.442557264292
XWidth=49

[LeftLeg]
ThighAlpha=-0.103529758751392
ThighTheta=-0.176119565963745
LowerLegAlpha=-0.13922968506813
LowerLegTheta=-0.112653076648712

[RightLeg]
ThighAlpha=-0.0606898590922356
ThighTheta=0.46489229798317
LowerLegAlpha=0.00356999784708023
LowerLegTheta=0.030146598815918
