[%General]
Highest=142
CenterX=38.4892513997373
CenterY=163.263537706504
XWidth=56

[LeftLeg]
ThighAlpha=-0.0999597683548927
ThighTheta=-0.484838873147964
LowerLegAlpha=0.00713998824357986
LowerLegTheta=-0.418199002742767

[RightLeg]
ThighAlpha=0.0321299284696579
ThighTheta=0.551478803157806
LowerLegAlpha=0.0606898665428162
LowerLegTheta=0.275399416685104
