[%General]
Highest=142
CenterX=40.941898089172
CenterY=39.6052611464968
XWidth=52

[LeftLeg]
ThighAlpha=0.0678298473358154
ThighTheta=-0.391905754804611
LowerLegAlpha=-0.0285599306225777
LowerLegTheta=-0.607691943645477

[RightLeg]
ThighAlpha=0.103529766201973
ThighTheta=0.537878811359406
LowerLegAlpha=0.00713998824357986
LowerLegTheta=-0.0396665707230568
