[%General]
Highest=142
CenterX=38.5530541346391
CenterY=144.932338539815
XWidth=56

[LeftLeg]
ThighAlpha=-0.0785398185253143
ThighTheta=-0.392699092626572
LowerLegAlpha=-0.0392699092626572
LowerLegTheta=-0.117809727787971

[RightLeg]
ThighAlpha=-0.0392699092626572
ThighTheta=0.471238911151886
LowerLegAlpha=0.0196349546313286
LowerLegTheta=0.510508835315704
