[%General]
Highest=146
CenterX=38.8817672920607
CenterY=133.884246715403
XWidth=56

[LeftLeg]
ThighAlpha=-0.0856797993183136
ThighTheta=-0.176119565963745
LowerLegAlpha=-0.0856797993183136
LowerLegTheta=-0.139399647712708

[RightLeg]
ThighAlpha=-0.00356999039649963
ThighTheta=0.395079135894775
LowerLegAlpha=0.0856798067688942
LowerLegTheta=-0.215559482574463
