[%General]
Highest=142
CenterX=39.5430523276287
CenterY=174.438256215226
XWidth=55

[LeftLeg]
ThighAlpha=-0.0285599306225777
ThighTheta=-0.116279698908329
LowerLegAlpha=0.021419957280159
LowerLegTheta=-0.94995778799057

[RightLeg]
ThighAlpha=0.0321299284696579
ThighTheta=0.431799054145813
LowerLegAlpha=0.0606898665428162
LowerLegTheta=0.109479792416096
