[%General]
Highest=168
CenterX=39.6877324451846
CenterY=97.783999444907
XWidth=56

[LeftLeg]
ThighAlpha=-0.0981747731566429
ThighTheta=0.353429168462753
LowerLegAlpha=0.0785398185253143
LowerLegTheta=0.0392699092626572

[RightLeg]
ThighAlpha=0.0981747731566429
ThighTheta=-0.314159274101257
LowerLegAlpha=0.0196349546313286
LowerLegTheta=-0.235619455575943
