[%General]
Highest=167
CenterX=41.430209653338
CenterY=70.3693838374967
XWidth=53

[LeftLeg]
ThighAlpha=0.0785398185253143
ThighTheta=-0.196349546313286
LowerLegAlpha=0.0392699092626572
LowerLegTheta=-0.785398185253143

[RightLeg]
ThighAlpha=0.0981747731566429
ThighTheta=0.196349546313286
LowerLegAlpha=0.0392699092626572
LowerLegTheta=-0.0392699092626572
