[%General]
Highest=166
CenterX=40.3570010814067
CenterY=231.212571694523
XWidth=54

[LeftLeg]
ThighAlpha=-0.0785398185253143
ThighTheta=0.274889349937439
LowerLegAlpha=0.0785398185253143
LowerLegTheta=-0.314159274101257

[RightLeg]
ThighAlpha=0.0981747731566429
ThighTheta=-0.117809727787971
LowerLegAlpha=0.0785398185253143
LowerLegTheta=-0.0392699092626572
