[%General]
Highest=149
CenterX=35.1579380833721
CenterY=304.666617392406
XWidth=41

[LeftLeg]
ThighAlpha=-0.0785398185253143
ThighTheta=-0.274889349937439
LowerLegAlpha=-0.0981747731566429
LowerLegTheta=0.0392699092626572

[RightLeg]
ThighAlpha=-0.0589048638939857
ThighTheta=0.746128261089325
LowerLegAlpha=-0.0785398185253143
LowerLegTheta=-0.510508835315704
