[%General]
Highest=165
CenterX=36.0171842415817
CenterY=9.65958065924118
XWidth=45

[LeftLeg]
ThighAlpha=-0.0981747731566429
ThighTheta=-0.0392699092626572
LowerLegAlpha=-0.0392699092626572
LowerLegTheta=0

[RightLeg]
ThighAlpha=0.0981747731566429
ThighTheta=-0.117809727787971
LowerLegAlpha=0.0981747731566429
LowerLegTheta=0.157079637050629
