[%General]
Highest=165
CenterX=38.113145377727
CenterY=132.556386681902
XWidth=56

[LeftLeg]
ThighAlpha=-0.0981747731566429
ThighTheta=0.392699092626572
LowerLegAlpha=-0.0392699092626572
LowerLegTheta=0

[RightLeg]
ThighAlpha=0.0785398185253143
ThighTheta=-0.353429168462753
LowerLegAlpha=0.0392699092626572
LowerLegTheta=-0.746128261089325
