[%General]
Highest=167
CenterX=37.2408238678637
CenterY=15.4836069639403
XWidth=48

[LeftLeg]
ThighAlpha=-0.0589048638939857
ThighTheta=-0.117809727787971
LowerLegAlpha=-0.0785398185253143
LowerLegTheta=-0.117809727787971

[RightLeg]
ThighAlpha=0.0981747731566429
ThighTheta=-0.0785398185253143
LowerLegAlpha=0.0981747731566429
LowerLegTheta=-0.196349546313286
