[%General]
Highest=160
CenterX=32.3339136390879
CenterY=253.028967721682
XWidth=53

[LeftLeg]
ThighAlpha=-0.0785398185253143
ThighTheta=-0.549778699874878
LowerLegAlpha=-0.0392699092626572
LowerLegTheta=-0.235619455575943

[RightLeg]
ThighAlpha=0.0392699092626572
ThighTheta=0.471238911151886
LowerLegAlpha=0
LowerLegTheta=0.471238911151886
