[%General]
Highest=169
CenterX=36.1744463663605
CenterY=73.4318220576412
XWidth=53

[LeftLeg]
ThighAlpha=-0.0392699092626572
ThighTheta=-0.0785398185253143
LowerLegAlpha=-0.0785398185253143
LowerLegTheta=0.0785398185253143

[RightLeg]
ThighAlpha=0.0785398185253143
ThighTheta=0.157079637050629
LowerLegAlpha=0
LowerLegTheta=-0.785398185253143
