[%General]
Highest=147
CenterX=33.491576455446
CenterY=307.367349284056
XWidth=40

[LeftLeg]
ThighAlpha=-0.0981747731566429
ThighTheta=-0.235619455575943
LowerLegAlpha=-0.0981747731566429
LowerLegTheta=-0.392699092626572

[RightLeg]
ThighAlpha=0.0196349546313286
ThighTheta=-0.314159274101257
LowerLegAlpha=0.0589048638939857
LowerLegTheta=-0.0785398185253143
