[%General]
Highest=155
CenterX=33.6000366382955
CenterY=295.02249027676
XWidth=47

[LeftLeg]
ThighAlpha=-0.0981747731566429
ThighTheta=0
LowerLegAlpha=-0.0392699092626572
LowerLegTheta=-0.0785398185253143

[RightLeg]
ThighAlpha=0.0981747731566429
ThighTheta=0
LowerLegAlpha=0.0785398185253143
LowerLegTheta=0
