[%General]
Highest=153
CenterX=22.4306700944877
CenterY=226.612684050616
XWidth=51

[LeftLeg]
ThighAlpha=-0.0785398185253143
ThighTheta=0.534705460071564
LowerLegAlpha=-0.082109808921814
LowerLegTheta=0.537878811359406

[RightLeg]
ThighAlpha=0.0107099786400795
ThighTheta=-0.391905754804611
LowerLegAlpha=0.0606898665428162
LowerLegTheta=-0.534705400466919
