[%General]
Highest=154
CenterX=22.9252427683296
CenterY=222.403603418452
XWidth=52

[LeftLeg]
ThighAlpha=-0.0785398185253143
ThighTheta=0.514758884906769
LowerLegAlpha=-0.103529758751392
LowerLegTheta=0.551478803157806

[RightLeg]
ThighAlpha=0.0321299284696579
ThighTheta=-0.454918920993805
LowerLegAlpha=0.0428399071097374
LowerLegTheta=-0.342039197683334
