[%General]
Highest=136
CenterX=22.3754109138725
CenterY=302.43285950713
XWidth=40

[LeftLeg]
ThighAlpha=-0.0428398996591568
ThighTheta=-0.531532108783722
LowerLegAlpha=-0.0142799615859985
LowerLegTheta=-0.325265914201736

[RightLeg]
ThighAlpha=0.13922968506813
ThighTheta=-0.464892268180847
LowerLegAlpha=0.13922968506813
LowerLegTheta=-0.109479740262032
