[%General]
Highest=158
CenterX=30.2395063140884
CenterY=41.360939891023
XWidth=47

[LeftLeg]
ThighAlpha=-0.0214199498295784
ThighTheta=0.49163892865181
LowerLegAlpha=0.00356999784708023
LowerLegTheta=0.0863598436117172

[RightLeg]
ThighAlpha=0.0321299284696579
ThighTheta=-0.342039197683334
LowerLegAlpha=0.0821098163723946
LowerLegTheta=-0.335239201784134
