[%General]
Highest=157
CenterX=25.4976304752676
CenterY=173.639272033552
XWidth=52

[LeftLeg]
ThighAlpha=-0.0428398996591568
ThighTheta=-0.249106079339981
LowerLegAlpha=0.00356999784708023
LowerLegTheta=-0.747318267822266

[RightLeg]
ThighAlpha=0.0321299284696579
ThighTheta=0.46489229798317
LowerLegAlpha=0.0642598569393158
LowerLegTheta=-0.112653076648712
