[%General]
Highest=124
CenterX=23.0725916991063
CenterY=317.295164208564
XWidth=38

[LeftLeg]
ThighAlpha=0.046409897506237
ThighTheta=-0.507958829402924
LowerLegAlpha=-0.157079637050629
LowerLegTheta=-0.611318588256836

[RightLeg]
ThighAlpha=0.13922968506813
ThighTheta=-0.424998998641968
LowerLegAlpha=0.13922968506813
LowerLegTheta=-0.544678747653961
