[%General]
Highest=152
CenterX=22.5521053244012
CenterY=231.028608474492
XWidth=50

[LeftLeg]
ThighAlpha=-0.0999597683548927
ThighTheta=0.607692003250122
LowerLegAlpha=-0.121379718184471
LowerLegTheta=0.391905784606934

[RightLeg]
ThighAlpha=0.0142799690365791
ThighTheta=-0.391905754804611
LowerLegAlpha=0.0428399071097374
LowerLegTheta=-0.604518592357635
