[%General]
Highest=153
CenterX=22.4306700944877
CenterY=226.612684050616
XWidth=51

[LeftLeg]
ThighAlpha=-0.0981747731566429
ThighTheta=0.589048624038696
LowerLegAlpha=-0.0589048638939857
LowerLegTheta=0.431968986988068

[RightLeg]
ThighAlpha=0.0392699092626572
ThighTheta=-0.431968986988068
LowerLegAlpha=0.0196349546313286
LowerLegTheta=-0.510508835315704
