[%General]
Highest=156
CenterX=29.3632101015704
CenterY=70.4818850629367
XWidth=50

[LeftLeg]
ThighAlpha=-0.0606898590922356
ThighTheta=0.534705460071564
LowerLegAlpha=0.00713998824357986
LowerLegTheta=0.18246628344059

[RightLeg]
ThighAlpha=0.121379725635052
ThighTheta=-0.325265914201736
LowerLegAlpha=0.00356999784708023
LowerLegTheta=-0.956757783889771
