[%General]
Highest=157
CenterX=28.7072036964872
CenterY=82.0233118076045
XWidth=49

[LeftLeg]
ThighAlpha=0.0142799690365791
ThighTheta=0.46171897649765
LowerLegAlpha=-0.0321299210190773
LowerLegTheta=-0.0401198677718639

[RightLeg]
ThighAlpha=0.0856798067688942
ThighTheta=-0.192439526319504
LowerLegAlpha=-0.0107099711894989
LowerLegTheta=-0.956757783889771
