[%General]
Highest=159
CenterX=25.0323846388377
CenterY=188.303219905351
XWidth=53

[LeftLeg]
ThighAlpha=-0.0642598494887352
ThighTheta=0.179292947053909
LowerLegAlpha=0.021419957280159
LowerLegTheta=-0.674331784248352

[RightLeg]
ThighAlpha=0.0856798067688942
ThighTheta=0.106306441128254
LowerLegAlpha=0.0999597758054733
LowerLegTheta=-0.176119565963745
