[%General]
Highest=158
CenterX=25.3752221056313
CenterY=177.949422875131
XWidth=52

[LeftLeg]
ThighAlpha=-0.0392699092626572
ThighTheta=-0.152999609708786
LowerLegAlpha=0.00356999784708023
LowerLegTheta=-0.740518271923065

[RightLeg]
ThighAlpha=0.0142799690365791
ThighTheta=0.288999378681183
LowerLegAlpha=0.0999597758054733
LowerLegTheta=0.0265199784189463
