[%General]
Highest=159
CenterX=31.3137150395075
CenterY=20.191674772482
XWidth=46

[LeftLeg]
ThighAlpha=-0.117809727787971
ThighTheta=0.0496399253606796
LowerLegAlpha=0.0606898665428162
LowerLegTheta=-0.305319279432297

[RightLeg]
ThighAlpha=0.0678298473358154
ThighTheta=0.0265199784189463
LowerLegAlpha=0.046409897506237
LowerLegTheta=0.123079754412174
