[%General]
Highest=154
CenterX=24.3707926085451
CenterY=159.013026912245
XWidth=52

[LeftLeg]
ThighAlpha=-0.0642598494887352
ThighTheta=-0.464892268180847
LowerLegAlpha=-0.0464098900556564
LowerLegTheta=-0.747318267822266

[RightLeg]
ThighAlpha=0.046409897506237
ThighTheta=0.534705460071564
LowerLegAlpha=0.00356999784708023
LowerLegTheta=0.249106109142303
