[%General]
Highest=157
CenterX=28.7072036964872
CenterY=82.0233118076045
XWidth=49

[LeftLeg]
ThighAlpha=0.0321299284696579
ThighTheta=0.46171897649765
LowerLegAlpha=-0.0678298398852348
LowerLegTheta=-0.030146561563015

[RightLeg]
ThighAlpha=0.103529766201973
ThighTheta=-0.182466238737106
LowerLegAlpha=0.0249899476766586
LowerLegTheta=-0.956757783889771
