[%General]
Highest=157
CenterX=27.0003256637168
CenterY=91.7127787610619
XWidth=50

[LeftLeg]
ThighAlpha=0
ThighTheta=0.314159274101257
LowerLegAlpha=-0.0785398185253143
LowerLegTheta=-0.157079637050629

[RightLeg]
ThighAlpha=0.0981747731566429
ThighTheta=-0.0785398185253143
LowerLegAlpha=-0.0981747731566429
LowerLegTheta=-0.785398185253143
