[%General]
Highest=136
CenterX=22.3754109138725
CenterY=302.43285950713
XWidth=40

[LeftLeg]
ThighAlpha=-0.0428398996591568
ThighTheta=-0.52155876159668
LowerLegAlpha=-0.0142799615859985
LowerLegTheta=-0.305319279432297

[RightLeg]
ThighAlpha=0.13922968506813
ThighTheta=-0.424998998641968
LowerLegAlpha=0.13922968506813
LowerLegTheta=-0.259079366922379
