[%General]
Highest=159
CenterX=24.0578077839555
CenterY=203.377823669579
XWidth=54

[LeftLeg]
ThighAlpha=-0.0606898590922356
ThighTheta=0.424999058246613
LowerLegAlpha=0.021419957280159
LowerLegTheta=-0.10267972946167

[RightLeg]
ThighAlpha=0.0856798067688942
ThighTheta=-0.259079366922379
LowerLegAlpha=-0.00713998079299927
LowerLegTheta=-0.0564398318529129
