[%General]
Highest=159
CenterX=25.7987683574298
CenterY=101.816824845728
XWidth=51

[LeftLeg]
ThighAlpha=-0.082109808921814
ThighTheta=0.0197199955582619
LowerLegAlpha=-0.121379718184471
LowerLegTheta=-0.132599666714668

[RightLeg]
ThighAlpha=0.0499798879027367
ThighTheta=0.288999378681183
LowerLegAlpha=0.00356999784708023
LowerLegTheta=-0.956757783889771
