[%General]
Highest=132
CenterX=22.2569780341691
CenterY=306.643199467495
XWidth=40

[LeftLeg]
ThighAlpha=-0.0589048638939857
ThighTheta=-0.549778699874878
LowerLegAlpha=-0.0196349546313286
LowerLegTheta=-0.392699092626572

[RightLeg]
ThighAlpha=0.0981747731566429
ThighTheta=-0.471238911151886
LowerLegAlpha=0.0981747731566429
LowerLegTheta=-0.235619455575943
