[%General]
Highest=160
CenterX=30.6945998112118
CenterY=31.1143436791164
XWidth=47

[LeftLeg]
ThighAlpha=-0.0392699092626572
ThighTheta=0.274889349937439
LowerLegAlpha=0.0785398185253143
LowerLegTheta=-0.0392699092626572

[RightLeg]
ThighAlpha=0.0196349546313286
ThighTheta=-0.157079637050629
LowerLegAlpha=0.0785398185253143
LowerLegTheta=-0.235619455575943
