[%General]
Highest=158
CenterX=32.3322980465008
CenterY=16.4592754927288
XWidth=46

[LeftLeg]
ThighAlpha=-0.0196349546313286
ThighTheta=-0.0785398185253143
LowerLegAlpha=0.0196349546313286
LowerLegTheta=-0.235619455575943

[RightLeg]
ThighAlpha=0.0981747731566429
ThighTheta=0.0785398185253143
LowerLegAlpha=0.0589048638939857
LowerLegTheta=-0.0785398185253143
