[%General]
Highest=159
CenterX=30.2325273787512
CenterY=36.7168254871284
XWidth=47

[LeftLeg]
ThighAlpha=-0.0214199498295784
ThighTheta=0.431799054145813
LowerLegAlpha=0.00356999784708023
LowerLegTheta=-0.0333198830485344

[RightLeg]
ThighAlpha=0.0499798879027367
ThighTheta=-0.282199323177338
LowerLegAlpha=0.00356999784708023
LowerLegTheta=-0.265879362821579
