[%General]
Highest=154
CenterX=24.3707926085451
CenterY=159.013026912245
XWidth=52

[LeftLeg]
ThighAlpha=-0.0642598494887352
ThighTheta=-0.454918920993805
LowerLegAlpha=-0.0464098900556564
LowerLegTheta=-0.717398345470428

[RightLeg]
ThighAlpha=0.0285599380731583
ThighTheta=0.544678807258606
LowerLegAlpha=0.021419957280159
LowerLegTheta=0.229159519076347
