[%General]
Highest=140
CenterX=22.5458426007054
CenterY=294.776055357103
XWidth=43

[LeftLeg]
ThighAlpha=-0.0606898590922356
ThighTheta=-0.464892268180847
LowerLegAlpha=0.00713998824357986
LowerLegTheta=-0.172946244478226

[RightLeg]
ThighAlpha=0.0856798067688942
ThighTheta=0.886944651603699
LowerLegAlpha=0.046409897506237
LowerLegTheta=0.185639619827271
