[%General]
Highest=159
CenterX=24.0578077839555
CenterY=203.377823669579
XWidth=54

[LeftLeg]
ThighAlpha=-0.0428398996591568
ThighTheta=0.395079135894775
LowerLegAlpha=0.00356999784708023
LowerLegTheta=-0.112653076648712

[RightLeg]
ThighAlpha=0.0678298473358154
ThighTheta=-0.249106079339981
LowerLegAlpha=0.046409897506237
LowerLegTheta=-0.106306403875351
