[%General]
Highest=132
CenterX=22.2569780341691
CenterY=306.643199467495
XWidth=40

[LeftLeg]
ThighAlpha=-0.0392699092626572
ThighTheta=-0.534705400466919
LowerLegAlpha=-0.0535498708486557
LowerLegTheta=-0.395079076290131

[RightLeg]
ThighAlpha=0.13922968506813
ThighTheta=-0.461718916893005
LowerLegAlpha=0.121379725635052
LowerLegTheta=-0.255452752113342
