[%General]
Highest=152
CenterX=22.5521053244012
CenterY=231.028608474492
XWidth=50

[LeftLeg]
ThighAlpha=-0.117809727787971
ThighTheta=0.59771865606308
LowerLegAlpha=-0.0678298398852348
LowerLegTheta=0.431799054145813

[RightLeg]
ThighAlpha=0.0142799690365791
ThighTheta=-0.401879042387009
LowerLegAlpha=0.0606898665428162
LowerLegTheta=-0.604518592357635
