[%General]
Highest=159
CenterX=31.3137150395075
CenterY=20.191674772482
XWidth=46

[LeftLeg]
ThighAlpha=-0.0785398185253143
ThighTheta=0.0785398185253143
LowerLegAlpha=0.0392699092626572
LowerLegTheta=-0.549778699874878

[RightLeg]
ThighAlpha=0.0981747731566429
ThighTheta=0
LowerLegAlpha=0
LowerLegTheta=0.157079637050629
