[%General]
Highest=156
CenterX=30.4343098028008
CenterY=59.1194627036296
XWidth=49

[LeftLeg]
ThighAlpha=-0.0214199498295784
ThighTheta=0.567798733711243
LowerLegAlpha=-0.0321299210190773
LowerLegTheta=0.32571929693222

[RightLeg]
ThighAlpha=0.121379725635052
ThighTheta=-0.454918920993805
LowerLegAlpha=0.0606898665428162
LowerLegTheta=-0.634438514709473
