[%General]
Highest=154
CenterX=22.2247718326917
CenterY=264.090488342921
XWidth=46

[LeftLeg]
ThighAlpha=-0.082109808921814
ThighTheta=0.169319659471512
LowerLegAlpha=-0.0464098900556564
LowerLegTheta=0.0632398948073387

[RightLeg]
ThighAlpha=0.103529766201973
ThighTheta=-0.0265199020504951
LowerLegAlpha=-0.157079637050629
LowerLegTheta=-0.581398665904999
