[%General]
Highest=138
CenterX=22.246186362801
CenterY=298.667432457269
XWidth=42

[LeftLeg]
ThighAlpha=-0.0606898590922356
ThighTheta=-0.531532108783722
LowerLegAlpha=0.00356999784708023
LowerLegTheta=-0.255452752113342

[RightLeg]
ThighAlpha=0.103529766201973
ThighTheta=0.886944651603699
LowerLegAlpha=-0.0678298398852348
LowerLegTheta=0.328439295291901
