[%General]
Highest=153
CenterX=21.2151397456401
CenterY=254.623892569746
XWidth=44

[LeftLeg]
ThighAlpha=-0.0981747731566429
ThighTheta=0.353429168462753
LowerLegAlpha=-0.0392699092626572
LowerLegTheta=0.157079637050629

[RightLeg]
ThighAlpha=-0.0589048638939857
ThighTheta=-0.196349546313286
LowerLegAlpha=0
LowerLegTheta=-0.785398185253143
