[%General]
Highest=153
CenterX=23.6254902679521
CenterY=280.030845643488
XWidth=46

[LeftLeg]
ThighAlpha=-0.0392699092626572
ThighTheta=-0.157079637050629
LowerLegAlpha=-0.0785398185253143
LowerLegTheta=0

[RightLeg]
ThighAlpha=0.0196349546313286
ThighTheta=0.471238911151886
LowerLegAlpha=0.0196349546313286
LowerLegTheta=-0.314159274101257
