[%General]
Highest=126
CenterX=22.8435988000774
CenterY=311.477501451519
XWidth=39

[LeftLeg]
ThighAlpha=-0.00713998079299927
ThighTheta=-0.544678747653961
LowerLegAlpha=-0.103529758751392
LowerLegTheta=-0.478038877248764

[RightLeg]
ThighAlpha=0.13922968506813
ThighTheta=-0.401879042387009
LowerLegAlpha=0.13922968506813
LowerLegTheta=-0.448118954896927
