[%General]
Highest=157
CenterX=24.2704962243797
CenterY=208.69375337109
XWidth=53

[LeftLeg]
ThighAlpha=-0.0464098900556564
ThighTheta=0.46489229798317
LowerLegAlpha=0.00356999784708023
LowerLegTheta=0.103133104741573

[RightLeg]
ThighAlpha=0.0678298473358154
ThighTheta=-0.325265914201736
LowerLegAlpha=0.0499798879027367
LowerLegTheta=-0.0999597311019897
