[%General]
Highest=159
CenterX=30.8879564032698
CenterY=25.5639782016349
XWidth=47

[LeftLeg]
ThighAlpha=-0.00713998079299927
ThighTheta=0.229159519076347
LowerLegAlpha=0.021419957280159
LowerLegTheta=-0.537878751754761

[RightLeg]
ThighAlpha=0.0142799690365791
ThighTheta=-0.0564398318529129
LowerLegAlpha=0.0999597758054733
LowerLegTheta=-0.229159444570541
