[%General]
Highest=155
CenterX=24.341320401889
CenterY=164.329355646414
XWidth=50

[LeftLeg]
ThighAlpha=-0.0392699092626572
ThighTheta=-0.392699092626572
LowerLegAlpha=-0.0589048638939857
LowerLegTheta=-0.785398185253143

[RightLeg]
ThighAlpha=-0.0196349546313286
ThighTheta=0.510508835315704
LowerLegAlpha=0.0981747731566429
LowerLegTheta=0.157079637050629
