[%General]
Highest=159
CenterX=31.3137150395075
CenterY=20.191674772482
XWidth=46

[LeftLeg]
ThighAlpha=-0.117809727787971
ThighTheta=0.0396666079759598
LowerLegAlpha=0.0428399071097374
LowerLegTheta=-0.395079076290131

[RightLeg]
ThighAlpha=0.0499798879027367
ThighTheta=0.0364932715892792
LowerLegAlpha=-0.00713998079299927
LowerLegTheta=0.0333199352025986
