[%General]
Highest=157
CenterX=27.0003256637168
CenterY=91.7127787610619
XWidth=50

[LeftLeg]
ThighAlpha=-0.0392699092626572
ThighTheta=0.322092622518539
LowerLegAlpha=-0.0285599306225777
LowerLegTheta=-0.182466238737106

[RightLeg]
ThighAlpha=0.0856798067688942
ThighTheta=0.0333199352025986
LowerLegAlpha=-0.082109808921814
LowerLegTheta=-1.02974426746368
