[%General]
Highest=156
CenterX=29.7246771465115
CenterY=64.966635034589
XWidth=50

[LeftLeg]
ThighAlpha=-0.0214199498295784
ThighTheta=0.534705460071564
LowerLegAlpha=-0.0499798804521561
LowerLegTheta=0.249106109142303

[RightLeg]
ThighAlpha=0.121379725635052
ThighTheta=-0.395079076290131
LowerLegAlpha=0.0642598569393158
LowerLegTheta=-0.817131459712982
