[%General]
Highest=157
CenterX=25.7936328653419
CenterY=131.422728884569
XWidth=50

[LeftLeg]
ThighAlpha=-0.0392699092626572
ThighTheta=-0.461718916893005
LowerLegAlpha=-0.0321299210190773
LowerLegTheta=-0.395079076290131

[RightLeg]
ThighAlpha=-0.0392699092626572
ThighTheta=0.537878811359406
LowerLegAlpha=0.00713998824357986
LowerLegTheta=0.581398725509644
