[%General]
Highest=157
CenterX=28.9332642621252
CenterY=76.1302467137214
XWidth=51

[LeftLeg]
ThighAlpha=-0.0196349546313286
ThighTheta=0.549778699874878
LowerLegAlpha=-0.0392699092626572
LowerLegTheta=0

[RightLeg]
ThighAlpha=0.0981747731566429
ThighTheta=-0.314159274101257
LowerLegAlpha=0.0196349546313286
LowerLegTheta=-0.785398185253143
