[%General]
Highest=159
CenterX=25.0323846388377
CenterY=188.303219905351
XWidth=53

[LeftLeg]
ThighAlpha=-0.0785398185253143
ThighTheta=0.157079637050629
LowerLegAlpha=0
LowerLegTheta=-0.589048624038696

[RightLeg]
ThighAlpha=0.0392699092626572
ThighTheta=0.117809727787971
LowerLegAlpha=0.0981747731566429
LowerLegTheta=-0.157079637050629
