[%General]
Highest=157
CenterX=30.5822177937588
CenterY=49.5819434215657
XWidth=45

[LeftLeg]
ThighAlpha=-0.00356999039649963
ThighTheta=0.534705460071564
LowerLegAlpha=0.00356999784708023
LowerLegTheta=0.395079135894775

[RightLeg]
ThighAlpha=0.0856798067688942
ThighTheta=-0.461718916893005
LowerLegAlpha=0.00713998824357986
LowerLegTheta=-0.325265914201736
