[%General]
Highest=156
CenterX=23.7868706137664
CenterY=213.72321881727
XWidth=53

[LeftLeg]
ThighAlpha=-0.0606898590922356
ThighTheta=0.507958889007568
LowerLegAlpha=0.00356999784708023
LowerLegTheta=0.212839543819427

[RightLeg]
ThighAlpha=0.0499798879027367
ThighTheta=-0.37875908613205
LowerLegAlpha=0.0821098163723946
LowerLegTheta=-0.2522794008255
