[%General]
Highest=140
CenterX=22.5458426007054
CenterY=294.776055357103
XWidth=43

[LeftLeg]
ThighAlpha=-0.0606898590922356
ThighTheta=-0.454918920993805
LowerLegAlpha=0.00713998824357986
LowerLegTheta=-0.182919546961784

[RightLeg]
ThighAlpha=0.0856798067688942
ThighTheta=0.926837921142578
LowerLegAlpha=0.0107099786400795
LowerLegTheta=0.185639619827271
