[%General]
Highest=152
CenterX=22.2123935473305
CenterY=290.99787094661
XWidth=44

[LeftLeg]
ThighAlpha=-0.0428398996591568
ThighTheta=-0.318919241428375
LowerLegAlpha=-0.0321299210190773
LowerLegTheta=-0.255452752113342

[RightLeg]
ThighAlpha=-0.00356999039649963
ThighTheta=0.74731832742691
LowerLegAlpha=-0.121379718184471
LowerLegTheta=-0.0333198979496956
