[%General]
Highest=158
CenterX=25.5859832366215
CenterY=96.5154352030948
XWidth=50

[LeftLeg]
ThighAlpha=-0.0464098900556564
ThighTheta=0.176119610667229
LowerLegAlpha=-0.121379718184471
LowerLegTheta=-0.176119565963745

[RightLeg]
ThighAlpha=0.0999597758054733
ThighTheta=0.0364932715892792
LowerLegAlpha=-0.157079637050629
LowerLegTheta=-0.607691943645477
