[%General]
Highest=159
CenterX=30.2325273787512
CenterY=36.7168254871284
XWidth=47

[LeftLeg]
ThighAlpha=-0.0392699092626572
ThighTheta=0.431968986988068
LowerLegAlpha=0.0589048638939857
LowerLegTheta=-0.0392699092626572

[RightLeg]
ThighAlpha=0.0589048638939857
ThighTheta=-0.274889349937439
LowerLegAlpha=0
LowerLegTheta=-0.274889349937439
