[%General]
Highest=156
CenterX=30.6270352300448
CenterY=54.1219294264481
XWidth=47

[LeftLeg]
ThighAlpha=-0.00713998079299927
ThighTheta=0.531532108783722
LowerLegAlpha=0.00356999784708023
LowerLegTheta=0.391905784606934

[RightLeg]
ThighAlpha=0.121379725635052
ThighTheta=-0.464892268180847
LowerLegAlpha=0.0249899476766586
LowerLegTheta=-0.464892268180847
