[%General]
Highest=157
CenterX=27.0003256637168
CenterY=91.7127787610619
XWidth=50

[LeftLeg]
ThighAlpha=-0.0196349546313286
ThighTheta=0.274889349937439
LowerLegAlpha=-0.0589048638939857
LowerLegTheta=-0.117809727787971

[RightLeg]
ThighAlpha=0.0981747731566429
ThighTheta=-0.0392699092626572
LowerLegAlpha=-0.0785398185253143
LowerLegTheta=-0.785398185253143
