[%General]
Highest=152
CenterX=21.9384605090001
CenterY=249.432627751879
XWidth=45

[LeftLeg]
ThighAlpha=-0.117809727787971
ThighTheta=0.454919010400772
LowerLegAlpha=0.00356999784708023
LowerLegTheta=0.176119640469551

[RightLeg]
ThighAlpha=-0.00356999039649963
ThighTheta=-0.305319279432297
LowerLegAlpha=0.00713998824357986
LowerLegTheta=-0.896917939186096
