[%General]
Highest=157
CenterX=30.1170605930382
CenterY=45.7992837702335
XWidth=47

[LeftLeg]
ThighAlpha=-0.024989940226078
ThighTheta=0.544678807258606
LowerLegAlpha=0.021419957280159
LowerLegTheta=0.199239581823349

[RightLeg]
ThighAlpha=0.0499798879027367
ThighTheta=-0.401879042387009
LowerLegAlpha=0.0285599380731583
LowerLegTheta=-0.342039197683334
