[%General]
Highest=159
CenterX=25.9053779966994
CenterY=122.537396540647
XWidth=53

[LeftLeg]
ThighAlpha=-0.0606898590922356
ThighTheta=-0.318919241428375
LowerLegAlpha=-0.0499798804521561
LowerLegTheta=-0.398252427577972

[RightLeg]
ThighAlpha=0.0142799690365791
ThighTheta=0.468065619468689
LowerLegAlpha=0.00713998824357986
LowerLegTheta=0.172946274280548
