[%General]
Highest=152
CenterX=22.2123935473305
CenterY=290.99787094661
XWidth=44

[LeftLeg]
ThighAlpha=-0.0392699092626572
ThighTheta=-0.314159274101257
LowerLegAlpha=-0.0589048638939857
LowerLegTheta=-0.196349546313286

[RightLeg]
ThighAlpha=-0.0785398185253143
ThighTheta=0.746128261089325
LowerLegAlpha=0.0392699092626572
LowerLegTheta=0
