[%General]
Highest=160
CenterX=26.0880928642644
CenterY=117.718511133267
XWidth=52

[LeftLeg]
ThighAlpha=-0.0392699092626572
ThighTheta=-0.259079366922379
LowerLegAlpha=-0.0678298398852348
LowerLegTheta=-0.2522794008255

[RightLeg]
ThighAlpha=0.0142799690365791
ThighTheta=0.454919010400772
LowerLegAlpha=0.0142799690365791
LowerLegTheta=-0.0795597806572914
