[%General]
Highest=160
CenterX=24.3342557044549
CenterY=198.23801521188
XWidth=53

[LeftLeg]
ThighAlpha=-0.0785398185253143
ThighTheta=0.314159274101257
LowerLegAlpha=0.0392699092626572
LowerLegTheta=-0.157079637050629

[RightLeg]
ThighAlpha=0.0196349546313286
ThighTheta=-0.0785398185253143
LowerLegAlpha=0.0981747731566429
LowerLegTheta=-0.235619455575943
