[%General]
Highest=159
CenterX=25.7987683574298
CenterY=101.816824845728
XWidth=51

[LeftLeg]
ThighAlpha=-0.082109808921814
ThighTheta=0.0396666079759598
LowerLegAlpha=-0.121379718184471
LowerLegTheta=-0.182466238737106

[RightLeg]
ThighAlpha=0.0499798879027367
ThighTheta=0.249106109142303
LowerLegAlpha=-0.0285599306225777
LowerLegTheta=-0.956757783889771
