[%General]
Highest=155
CenterX=25.517522810986
CenterY=147.242598847606
XWidth=52

[LeftLeg]
ThighAlpha=-0.0589048638939857
ThighTheta=-0.510508835315704
LowerLegAlpha=-0.0392699092626572
LowerLegTheta=-0.628318548202515

[RightLeg]
ThighAlpha=0
ThighTheta=0.589048624038696
LowerLegAlpha=0.0589048638939857
LowerLegTheta=0.392699092626572
