[%General]
Highest=159
CenterX=26.2003513223382
CenterY=107.321057382649
XWidth=51

[LeftLeg]
ThighAlpha=-0.0285599306225777
ThighTheta=-0.0364932343363762
LowerLegAlpha=-0.117809727787971
LowerLegTheta=-0.179292917251587

[RightLeg]
ThighAlpha=0.0499798879027367
ThighTheta=0.46171897649765
LowerLegAlpha=0.00713998824357986
LowerLegTheta=-0.886944591999054
