[%General]
Highest=152
CenterX=23.0501634560331
CenterY=241.58112775428
XWidth=47

[LeftLeg]
ThighAlpha=-0.0606898590922356
ThighTheta=0.607692003250122
LowerLegAlpha=-0.0642598494887352
LowerLegTheta=0.176119610667229

[RightLeg]
ThighAlpha=0.0142799690365791
ThighTheta=-0.395079076290131
LowerLegAlpha=0.0642598569393158
LowerLegTheta=-0.677505135536194
