[%General]
Highest=160
CenterX=30.6945998112118
CenterY=31.1143436791164
XWidth=47

[LeftLeg]
ThighAlpha=-0.0214199498295784
ThighTheta=0.322092622518539
LowerLegAlpha=0.021419957280159
LowerLegTheta=-0.398252427577972

[RightLeg]
ThighAlpha=0.0142799690365791
ThighTheta=-0.176119565963745
LowerLegAlpha=0.0821098163723946
LowerLegTheta=-0.182466238737106
