[%General]
Highest=158
CenterX=33.6060735043739
CenterY=14.1497240650502
XWidth=46

[LeftLeg]
ThighAlpha=-0.0785398185253143
ThighTheta=0
LowerLegAlpha=-0.0981747731566429
LowerLegTheta=0.0785398185253143

[RightLeg]
ThighAlpha=0.0785398185253143
ThighTheta=0.0785398185253143
LowerLegAlpha=0.0785398185253143
LowerLegTheta=0.0785398185253143
