[%General]
Highest=160
CenterX=26.0880928642644
CenterY=117.718511133267
XWidth=52

[LeftLeg]
ThighAlpha=-0.0214199498295784
ThighTheta=-0.249106079339981
LowerLegAlpha=-0.121379718184471
LowerLegTheta=-0.2522794008255

[RightLeg]
ThighAlpha=0.0142799690365791
ThighTheta=0.46489229798317
LowerLegAlpha=0.0142799690365791
LowerLegTheta=-0.109479740262032
