[%General]
Highest=156
CenterX=30.6270352300448
CenterY=54.1219294264481
XWidth=47

[LeftLeg]
ThighAlpha=-0.0196349546313286
ThighTheta=0.589048624038696
LowerLegAlpha=0.0196349546313286
LowerLegTheta=0.353429168462753

[RightLeg]
ThighAlpha=0.0981747731566429
ThighTheta=-0.431968986988068
LowerLegAlpha=0.0589048638939857
LowerLegTheta=-0.510508835315704
