[%General]
Highest=158
CenterX=25.5859832366215
CenterY=96.5154352030948
XWidth=50

[LeftLeg]
ThighAlpha=-0.0642598494887352
ThighTheta=0.146199703216553
LowerLegAlpha=-0.0856797993183136
LowerLegTheta=-0.116279698908329

[RightLeg]
ThighAlpha=0.0856798067688942
ThighTheta=0.0265199784189463
LowerLegAlpha=-0.117809727787971
LowerLegTheta=-0.627638518810272
