[%General]
Highest=153
CenterX=21.5242855700293
CenterY=259.692441684338
XWidth=43

[LeftLeg]
ThighAlpha=-0.0785398185253143
ThighTheta=0.322092622518539
LowerLegAlpha=-0.0321299210190773
LowerLegTheta=-0.0396665707230568

[RightLeg]
ThighAlpha=-0.0285599306225777
ThighTheta=-0.0364932343363762
LowerLegAlpha=-0.0642598494887352
LowerLegTheta=-0.820304751396179
