[%General]
Highest=153
CenterX=23.6254902679521
CenterY=280.030845643488
XWidth=46

[LeftLeg]
ThighAlpha=0.0107099786400795
ThighTheta=-0.179292917251587
LowerLegAlpha=-0.157079637050629
LowerLegTheta=0.0364932715892792

[RightLeg]
ThighAlpha=0.0321299284696579
ThighTheta=0.46489229798317
LowerLegAlpha=-0.0214199498295784
LowerLegTheta=-0.255452752113342
