[%General]
Highest=157
CenterX=28.9332642621252
CenterY=76.1302467137214
XWidth=51

[LeftLeg]
ThighAlpha=-0.0285599306225777
ThighTheta=0.537878811359406
LowerLegAlpha=-0.0142799615859985
LowerLegTheta=0.0401199460029602

[RightLeg]
ThighAlpha=0.121379725635052
ThighTheta=-0.305319279432297
LowerLegAlpha=0.021419957280159
LowerLegTheta=-0.926837861537933
