[%General]
Highest=160
CenterX=26.0880928642644
CenterY=117.718511133267
XWidth=52

[LeftLeg]
ThighAlpha=-0.0589048638939857
ThighTheta=-0.274889349937439
LowerLegAlpha=-0.0392699092626572
LowerLegTheta=-0.235619455575943

[RightLeg]
ThighAlpha=0.0196349546313286
ThighTheta=0.471238911151886
LowerLegAlpha=0
LowerLegTheta=-0.117809727787971
