[%General]
Highest=153
CenterX=22.6853827898391
CenterY=269.235896985145
XWidth=47

[LeftLeg]
ThighAlpha=-0.0785398185253143
ThighTheta=-0.0364932343363762
LowerLegAlpha=-0.103529758751392
LowerLegTheta=0.179292947053909

[RightLeg]
ThighAlpha=0.121379725635052
ThighTheta=0.179292947053909
LowerLegAlpha=-0.157079637050629
LowerLegTheta=-0.537878751754761
