[%General]
Highest=159
CenterX=25.7987683574298
CenterY=101.816824845728
XWidth=51

[LeftLeg]
ThighAlpha=-0.0785398185253143
ThighTheta=0.0785398185253143
LowerLegAlpha=-0.0785398185253143
LowerLegTheta=-0.157079637050629

[RightLeg]
ThighAlpha=0.0589048638939857
ThighTheta=0.235619455575943
LowerLegAlpha=-0.0392699092626572
LowerLegTheta=-0.785398185253143
