[%General]
Highest=156
CenterX=27.4678817195013
CenterY=87.4612737899859
XWidth=50

[LeftLeg]
ThighAlpha=0.0107099786400795
ThighTheta=0.371959179639816
LowerLegAlpha=-0.0642598494887352
LowerLegTheta=-0.0795597806572914

[RightLeg]
ThighAlpha=0.103529766201973
ThighTheta=-0.229159444570541
LowerLegAlpha=-0.0642598494887352
LowerLegTheta=-0.80035811662674
