[%General]
Highest=156
CenterX=25.1625241919507
CenterY=168.93633135734
XWidth=53

[LeftLeg]
ThighAlpha=-0.0214199498295784
ThighTheta=-0.288999319076538
LowerLegAlpha=-0.0499798804521561
LowerLegTheta=-0.830278038978577

[RightLeg]
ThighAlpha=0.0499798879027367
ThighTheta=0.507958889007568
LowerLegAlpha=0.021419957280159
LowerLegTheta=0.0401199460029602
