[%General]
Highest=126
CenterX=22.8435988000774
CenterY=311.477501451519
XWidth=39

[LeftLeg]
ThighAlpha=-0.00713998079299927
ThighTheta=-0.534705400466919
LowerLegAlpha=-0.103529758751392
LowerLegTheta=-0.537878751754761

[RightLeg]
ThighAlpha=0.13922968506813
ThighTheta=-0.391905754804611
LowerLegAlpha=0.13922968506813
LowerLegTheta=-0.468065589666367
