[%General]
Highest=155
CenterX=24.8659921733321
CenterY=152.867169355095
XWidth=52

[LeftLeg]
ThighAlpha=-0.0392699092626572
ThighTheta=-0.471238911151886
LowerLegAlpha=-0.0785398185253143
LowerLegTheta=-0.706858336925507

[RightLeg]
ThighAlpha=-0.0196349546313286
ThighTheta=0.549778699874878
LowerLegAlpha=0.0785398185253143
LowerLegTheta=0.314159274101257
