[%General]
Highest=124
CenterX=23.0725916991063
CenterY=317.295164208564
XWidth=38

[LeftLeg]
ThighAlpha=0.046409897506237
ThighTheta=-0.468065589666367
LowerLegAlpha=-0.157079637050629
LowerLegTheta=-0.601345241069794

[RightLeg]
ThighAlpha=0.13922968506813
ThighTheta=-0.395079076290131
LowerLegAlpha=0.13922968506813
LowerLegTheta=-0.464892268180847
