[%General]
Highest=156
CenterX=29.7246771465115
CenterY=64.966635034589
XWidth=50

[LeftLeg]
ThighAlpha=-0.0392699092626572
ThighTheta=0.574598729610443
LowerLegAlpha=-0.0142799615859985
LowerLegTheta=0.199239581823349

[RightLeg]
ThighAlpha=0.121379725635052
ThighTheta=-0.424998998641968
LowerLegAlpha=0.046409897506237
LowerLegTheta=-0.747318267822266
