[%General]
Highest=160
CenterX=24.3342557044549
CenterY=198.23801521188
XWidth=53

[LeftLeg]
ThighAlpha=-0.0428398996591568
ThighTheta=0.388732463121414
LowerLegAlpha=-0.0142799615859985
LowerLegTheta=-0.315745919942856

[RightLeg]
ThighAlpha=0.0499798879027367
ThighTheta=-0.106306403875351
LowerLegAlpha=0.0606898665428162
LowerLegTheta=-0.179292917251587
