[%General]
Highest=158
CenterX=25.8523830430753
CenterY=127.406471047368
XWidth=52

[LeftLeg]
ThighAlpha=-0.0589048638939857
ThighTheta=-0.431968986988068
LowerLegAlpha=-0.0392699092626572
LowerLegTheta=-0.314159274101257

[RightLeg]
ThighAlpha=-0.0196349546313286
ThighTheta=0.510508835315704
LowerLegAlpha=0.0196349546313286
LowerLegTheta=0.392699092626572
