[%General]
Highest=155
CenterX=23.4232382692243
CenterY=218.35816502588
XWidth=53

[LeftLeg]
ThighAlpha=-0.0785398185253143
ThighTheta=0.471238911151886
LowerLegAlpha=-0.0589048638939857
LowerLegTheta=0.471238911151886

[RightLeg]
ThighAlpha=0.0589048638939857
ThighTheta=-0.471238911151886
LowerLegAlpha=0.0392699092626572
LowerLegTheta=-0.157079637050629
