[%General]
Highest=159
CenterX=24.8312510434637
CenterY=193.609257610329
XWidth=53

[LeftLeg]
ThighAlpha=-0.0606898590922356
ThighTheta=0.312119334936142
LowerLegAlpha=0.00356999784708023
LowerLegTheta=-0.717398345470428

[RightLeg]
ThighAlpha=0.0678298473358154
ThighTheta=-0.00339995324611664
LowerLegAlpha=0.0606898665428162
LowerLegTheta=-0.235959425568581
