[%General]
Highest=156
CenterX=29.3632101015704
CenterY=70.4818850629367
XWidth=50

[LeftLeg]
ThighAlpha=-0.0606898590922356
ThighTheta=0.574598729610443
LowerLegAlpha=0.00713998824357986
LowerLegTheta=0.132599741220474

[RightLeg]
ThighAlpha=0.103529766201973
ThighTheta=-0.365159124135971
LowerLegAlpha=0.021419957280159
LowerLegTheta=-0.866998016834259
