[%General]
Highest=155
CenterX=25.8232169843156
CenterY=141.63135114515
XWidth=52

[LeftLeg]
ThighAlpha=-0.0428398996591568
ThighTheta=-0.534705400466919
LowerLegAlpha=-0.0464098900556564
LowerLegTheta=-0.534705400466919

[RightLeg]
ThighAlpha=0.0321299284696579
ThighTheta=0.607692003250122
LowerLegAlpha=0.00713998824357986
LowerLegTheta=0.458545625209808
