[%General]
Highest=157
CenterX=24.2704962243797
CenterY=208.69375337109
XWidth=53

[LeftLeg]
ThighAlpha=-0.0464098900556564
ThighTheta=0.454919010400772
LowerLegAlpha=0.00356999784708023
LowerLegTheta=0.152999684214592

[RightLeg]
ThighAlpha=0.0856798067688942
ThighTheta=-0.335239201784134
LowerLegAlpha=0.0321299284696579
LowerLegTheta=-0.0999597311019897
