[%General]
Highest=148
CenterX=36.4855143412035
CenterY=87.1297208802144
XWidth=46

[LeftLeg]
ThighAlpha=-0.0589048638939857
ThighTheta=-0.392699092626572
LowerLegAlpha=-0.0392699092626572
LowerLegTheta=-0.314159274101257

[RightLeg]
ThighAlpha=-0.0196349546313286
ThighTheta=0.549778699874878
LowerLegAlpha=0
LowerLegTheta=0.314159274101257
