[%General]
Highest=147
CenterX=34.1778983797389
CenterY=156.036479471449
XWidth=54

[LeftLeg]
ThighAlpha=-0.0785398185253143
ThighTheta=0.549778699874878
LowerLegAlpha=-0.0785398185253143
LowerLegTheta=0.314159274101257

[RightLeg]
ThighAlpha=0.0981747731566429
ThighTheta=-0.471238911151886
LowerLegAlpha=0.0392699092626572
LowerLegTheta=-0.0785398185253143
