[%General]
Highest=148
CenterX=29.6716915047043
CenterY=206.026869720486
XWidth=50

[LeftLeg]
ThighAlpha=-0.0785398185253143
ThighTheta=-0.0785398185253143
LowerLegAlpha=-0.0785398185253143
LowerLegTheta=0.0785398185253143

[RightLeg]
ThighAlpha=0.0981747731566429
ThighTheta=0.392699092626572
LowerLegAlpha=0.0981747731566429
LowerLegTheta=-0.471238911151886
