[%General]
Highest=144
CenterX=27.225982899931
CenterY=232.416756651502
XWidth=44

[LeftLeg]
ThighAlpha=-0.0785398185253143
ThighTheta=-0.549778699874878
LowerLegAlpha=-0.0981747731566429
LowerLegTheta=-0.0785398185253143

[RightLeg]
ThighAlpha=0
ThighTheta=0.628318548202515
LowerLegAlpha=0.0785398185253143
LowerLegTheta=0.471238911151886
