[%General]
Highest=150
CenterX=35.0040608640344
CenterY=135.464014873526
XWidth=49

[LeftLeg]
ThighAlpha=-0.0981747731566429
ThighTheta=0.314159274101257
LowerLegAlpha=-0.0196349546313286
LowerLegTheta=-0.628318548202515

[RightLeg]
ThighAlpha=0.0785398185253143
ThighTheta=0
LowerLegAlpha=0.0785398185253143
LowerLegTheta=-0.0785398185253143
