[%General]
Highest=149
CenterX=36.7772887323944
CenterY=72.4966458232151
XWidth=44

[LeftLeg]
ThighAlpha=-0.0589048638939857
ThighTheta=-0.157079637050629
LowerLegAlpha=-0.0981747731566429
LowerLegTheta=-0.157079637050629

[RightLeg]
ThighAlpha=0.0589048638939857
ThighTheta=0.471238911151886
LowerLegAlpha=0.0785398185253143
LowerLegTheta=-0.549778699874878
