[%General]
Highest=145
CenterX=31.1439565703337
CenterY=176.875171642983
XWidth=57

[LeftLeg]
ThighAlpha=-0.0785398185253143
ThighTheta=0.549778699874878
LowerLegAlpha=-0.0981747731566429
LowerLegTheta=0.235619455575943

[RightLeg]
ThighAlpha=0.0785398185253143
ThighTheta=-0.392699092626572
LowerLegAlpha=0.0392699092626572
LowerLegTheta=-0.628318548202515
