[%General]
Highest=157
CenterX=30.9467836497069
CenterY=249.771637079251
XWidth=57

[LeftLeg]
ThighAlpha=-0.117809727787971
ThighTheta=0.314159274101257
LowerLegAlpha=0.117809727787971
LowerLegTheta=0.0785398185253143

[RightLeg]
ThighAlpha=0.0785398185253143
ThighTheta=-0.235619455575943
LowerLegAlpha=0.0785398185253143
LowerLegTheta=0
