[%General]
Highest=156
CenterX=30.2837999492502
CenterY=207.123068185937
XWidth=57

[LeftLeg]
ThighAlpha=-0.117809727787971
ThighTheta=-0.431798994541168
LowerLegAlpha=-0.082109808921814
LowerLegTheta=-0.38827908039093

[RightLeg]
ThighAlpha=0.0499798879027367
ThighTheta=0.46171897649765
LowerLegAlpha=0.021419957280159
LowerLegTheta=0.282199382781982
