[%General]
Highest=157
CenterX=31.4787459037349
CenterY=191.874067446022
XWidth=58

[LeftLeg]
ThighAlpha=-0.0999597683548927
ThighTheta=-0.395079076290131
LowerLegAlpha=-0.121379718184471
LowerLegTheta=-0.10313306748867

[RightLeg]
ThighAlpha=-0.00356999039649963
ThighTheta=0.46171897649765
LowerLegAlpha=0.00713998824357986
LowerLegTheta=0.46489229798317
