[%General]
Highest=160
CenterX=34.2291543527822
CenterY=91.608344591742
XWidth=58

[LeftLeg]
ThighAlpha=-0.0196349546313286
ThighTheta=-0.117809727787971
LowerLegAlpha=0.0392699092626572
LowerLegTheta=-0.746128261089325

[RightLeg]
ThighAlpha=0.0981747731566429
ThighTheta=0.196349546313286
LowerLegAlpha=0.0392699092626572
LowerLegTheta=0.0392699092626572
