[%General]
Highest=157
CenterX=33.2634984068694
CenterY=138.597245774153
XWidth=59

[LeftLeg]
ThighAlpha=-0.157079637050629
ThighTheta=0.706858336925507
LowerLegAlpha=-0.117809727787971
LowerLegTheta=0

[RightLeg]
ThighAlpha=0.0785398185253143
ThighTheta=-0.314159274101257
LowerLegAlpha=0.157079637050629
LowerLegTheta=-0.628318548202515
