[%General]
Highest=156
CenterX=30.4961669351225
CenterY=215.466883046106
XWidth=56

[LeftLeg]
ThighAlpha=-0.0606898590922356
ThighTheta=-0.322092592716217
LowerLegAlpha=-0.103529758751392
LowerLegTheta=-0.604518592357635

[RightLeg]
ThighAlpha=0.103529766201973
ThighTheta=0.395079135894775
LowerLegAlpha=-0.0142799615859985
LowerLegTheta=0.172946274280548
