[%General]
Highest=157
CenterX=31.216929075927
CenterY=227.620438493231
XWidth=55

[LeftLeg]
ThighAlpha=0.0107099786400795
ThighTheta=0.00340002961456776
LowerLegAlpha=-0.157079637050629
LowerLegTheta=-0.979877710342407

[RightLeg]
ThighAlpha=0.0856798067688942
ThighTheta=0.199239581823349
LowerLegAlpha=0.0606898665428162
LowerLegTheta=0.0564399100840092
