[%General]
Highest=155
CenterX=30.4864848484848
CenterY=203.173066666667
XWidth=56

[LeftLeg]
ThighAlpha=-0.0981747731566429
ThighTheta=-0.392699092626572
LowerLegAlpha=-0.0981747731566429
LowerLegTheta=-0.392699092626572

[RightLeg]
ThighAlpha=0.0196349546313286
ThighTheta=0.510508835315704
LowerLegAlpha=0.0589048638939857
LowerLegTheta=0.314159274101257
