[%General]
Highest=155
CenterX=30.4809478944293
CenterY=211.258500399528
XWidth=57

[LeftLeg]
ThighAlpha=-0.0981747731566429
ThighTheta=-0.392699092626572
LowerLegAlpha=-0.0785398185253143
LowerLegTheta=-0.510508835315704

[RightLeg]
ThighAlpha=0.0785398185253143
ThighTheta=0.431968986988068
LowerLegAlpha=0.0392699092626572
LowerLegTheta=0.274889349937439
