[%General]
Highest=154
CenterX=30.6844784386127
CenterY=261.174363708295
XWidth=55

[LeftLeg]
ThighAlpha=-0.0981747731566429
ThighTheta=0.431968986988068
LowerLegAlpha=-0.0392699092626572
LowerLegTheta=0.549778699874878

[RightLeg]
ThighAlpha=0.0589048638939857
ThighTheta=-0.274889349937439
LowerLegAlpha=0.0981747731566429
LowerLegTheta=-0.274889349937439
