[%General]
Highest=158
CenterX=33.310291809475
CenterY=127.813585743724
XWidth=59

[LeftLeg]
ThighAlpha=-0.0981747731566429
ThighTheta=0.510508835315704
LowerLegAlpha=-0.0981747731566429
LowerLegTheta=0.353429168462753

[RightLeg]
ThighAlpha=0.0981747731566429
ThighTheta=-0.392699092626572
LowerLegAlpha=0.0785398185253143
LowerLegTheta=-0.314159274101257
