[%General]
Highest=158
CenterX=33.4344329100892
CenterY=134.910303706246
XWidth=59

[LeftLeg]
ThighAlpha=-0.0999597683548927
ThighTheta=0.60451865196228
LowerLegAlpha=-0.13922968506813
LowerLegTheta=0.179292947053909

[RightLeg]
ThighAlpha=0.103529766201973
ThighTheta=-0.395079076290131
LowerLegAlpha=0.0999597758054733
LowerLegTheta=-0.38555908203125
