[%General]
Highest=153
CenterX=27.7876071815079
CenterY=296.814995698865
XWidth=44

[LeftLeg]
ThighAlpha=-0.0392699092626572
ThighTheta=0.0785398185253143
LowerLegAlpha=-0.157079637050629
LowerLegTheta=0.235619455575943

[RightLeg]
ThighAlpha=0.0392699092626572
ThighTheta=-0.157079637050629
LowerLegAlpha=0.196349546313286
LowerLegTheta=0.549778699874878
