[%General]
Highest=162
CenterX=34.0452646607794
CenterY=102.941092485855
XWidth=57

[LeftLeg]
ThighAlpha=-0.0428398996591568
ThighTheta=0.252279460430145
LowerLegAlpha=0.0606898665428162
LowerLegTheta=-0.537878751754761

[RightLeg]
ThighAlpha=0.13922968506813
ThighTheta=0.0364932715892792
LowerLegAlpha=-0.00713998079299927
LowerLegTheta=-0.106306403875351
