[%General]
Highest=160
CenterX=34.2291543527822
CenterY=91.608344591742
XWidth=58

[LeftLeg]
ThighAlpha=0.0142799690365791
ThighTheta=-0.0333198979496956
LowerLegAlpha=0.00356999784708023
LowerLegTheta=-0.890117883682251

[RightLeg]
ThighAlpha=0.103529766201973
ThighTheta=0.179292947053909
LowerLegAlpha=0.0249899476766586
LowerLegTheta=0.103133104741573
