[%General]
Highest=158
CenterX=33.0482469283788
CenterY=146.684746778544
XWidth=59

[LeftLeg]
ThighAlpha=-0.0606898590922356
ThighTheta=0.60451865196228
LowerLegAlpha=-0.13922968506813
LowerLegTheta=-0.10313306748867

[RightLeg]
ThighAlpha=0.103529766201973
ThighTheta=-0.2459327429533
LowerLegAlpha=0.00356999784708023
LowerLegTheta=-0.610865235328674
