[%General]
Highest=161
CenterX=32.6024017551287
CenterY=31.2273103421731
XWidth=51

[LeftLeg]
ThighAlpha=-0.00713998079299927
ThighTheta=0.109479777514935
LowerLegAlpha=-0.121379718184471
LowerLegTheta=-0.106306403875351

[RightLeg]
ThighAlpha=0.0321299284696579
ThighTheta=-0.0364932343363762
LowerLegAlpha=0.0678298473358154
LowerLegTheta=-0.52835875749588
