[%General]
Highest=163
CenterX=34.0588197216528
CenterY=110.767159348366
XWidth=59

[LeftLeg]
ThighAlpha=-0.0981747731566429
ThighTheta=0.353429168462753
LowerLegAlpha=0.0981747731566429
LowerLegTheta=-0.274889349937439

[RightLeg]
ThighAlpha=0.0981747731566429
ThighTheta=-0.117809727787971
LowerLegAlpha=0.0589048638939857
LowerLegTheta=-0.157079637050629
