[%General]
Highest=161
CenterX=32.7868007419701
CenterY=35.1429366396563
XWidth=51

[LeftLeg]
ThighAlpha=-0.0464098900556564
ThighTheta=0.0496399253606796
LowerLegAlpha=-0.121379718184471
LowerLegTheta=-0.2454794049263

[RightLeg]
ThighAlpha=0.103529766201973
ThighTheta=0.235959500074387
LowerLegAlpha=0.0285599380731583
LowerLegTheta=-0.926837861537933
