[%General]
Highest=153
CenterX=28.3523250525837
CenterY=293.17940992553
XWidth=46

[LeftLeg]
ThighAlpha=-0.0785398185253143
ThighTheta=0.196349546313286
LowerLegAlpha=-0.0785398185253143
LowerLegTheta=0.196349546313286

[RightLeg]
ThighAlpha=0
ThighTheta=-0.157079637050629
LowerLegAlpha=-0.0196349546313286
LowerLegTheta=-0.706858336925507
