[%General]
Highest=161
CenterX=32.6024017551287
CenterY=31.2273103421731
XWidth=51

[LeftLeg]
ThighAlpha=0
ThighTheta=0.157079637050629
LowerLegAlpha=-0.157079637050629
LowerLegTheta=-0.157079637050629

[RightLeg]
ThighAlpha=0
ThighTheta=0.157079637050629
LowerLegAlpha=0.196349546313286
LowerLegTheta=-0.785398185253143
