[%General]
Highest=156
CenterX=30.5771108611547
CenterY=219.866605688293
XWidth=55

[LeftLeg]
ThighAlpha=-0.082109808921814
ThighTheta=-0.259079366922379
LowerLegAlpha=-0.0321299210190773
LowerLegTheta=-0.687478423118591

[RightLeg]
ThighAlpha=0.0499798879027367
ThighTheta=0.342039257287979
LowerLegAlpha=0.0606898665428162
LowerLegTheta=0.146199703216553
