[%General]
Highest=152
CenterX=27.3337025754639
CenterY=300.457047909166
XWidth=43

[LeftLeg]
ThighAlpha=-0.117809727787971
ThighTheta=-0.0863597691059113
LowerLegAlpha=0.00356999784708023
LowerLegTheta=0.31891930103302

[RightLeg]
ThighAlpha=0.0142799690365791
ThighTheta=0.342039257287979
LowerLegAlpha=0.0285599380731583
LowerLegTheta=-0.81395810842514
