[%General]
Highest=159
CenterX=32.7745182123482
CenterY=57.874761043658
XWidth=55

[LeftLeg]
ThighAlpha=-0.00713998079299927
ThighTheta=-0.431798994541168
LowerLegAlpha=-0.0856797993183136
LowerLegTheta=-0.206039488315582

[RightLeg]
ThighAlpha=0.0321299284696579
ThighTheta=0.342039257287979
LowerLegAlpha=-0.0321299210190773
LowerLegTheta=0.401879131793976
