[%General]
Highest=159
CenterX=32.4747946666667
CenterY=151.164224
XWidth=59

[LeftLeg]
ThighAlpha=-0.082109808921814
ThighTheta=0.46489229798317
LowerLegAlpha=-0.13922968506813
LowerLegTheta=-0.0396665707230568

[RightLeg]
ThighAlpha=0.0678298473358154
ThighTheta=-0.182466238737106
LowerLegAlpha=0.0249899476766586
LowerLegTheta=-0.81395810842514
