[%General]
Highest=154
CenterX=30.6844784386127
CenterY=261.174363708295
XWidth=55

[LeftLeg]
ThighAlpha=-0.0999597683548927
ThighTheta=0.46489229798317
LowerLegAlpha=-0.0321299210190773
LowerLegTheta=0.458545625209808

[RightLeg]
ThighAlpha=0.0678298473358154
ThighTheta=-0.249106079339981
LowerLegAlpha=0.021419957280159
LowerLegTheta=-0.322092592716217
