[%General]
Highest=152
CenterX=29.4702261908115
CenterY=279.957973014845
XWidth=50

[LeftLeg]
ThighAlpha=-0.0785398185253143
ThighTheta=0.424999058246613
LowerLegAlpha=-0.082109808921814
LowerLegTheta=0.34883925318718

[RightLeg]
ThighAlpha=0.0678298473358154
ThighTheta=-0.371959120035172
LowerLegAlpha=0.00713998824357986
LowerLegTheta=-0.484838873147964
