[%General]
Highest=161
CenterX=32.7868007419701
CenterY=35.1429366396563
XWidth=51

[LeftLeg]
ThighAlpha=-0.0392699092626572
ThighTheta=0
LowerLegAlpha=0
LowerLegTheta=0

[RightLeg]
ThighAlpha=0.157079637050629
ThighTheta=0.157079637050629
LowerLegAlpha=-0.0785398185253143
LowerLegTheta=-0.549778699874878
