[%General]
Highest=160
CenterX=32.7440369025954
CenterY=27.984254114075
XWidth=50

[LeftLeg]
ThighAlpha=-0.117809727787971
ThighTheta=-0.010199936106801
LowerLegAlpha=0.021419957280159
LowerLegTheta=0.123079754412174

[RightLeg]
ThighAlpha=0.0321299284696579
ThighTheta=-0.259079366922379
LowerLegAlpha=0.0821098163723946
LowerLegTheta=-0.454918920993805
