[%General]
Highest=153
CenterX=30.3896611461437
CenterY=267.895059247453
XWidth=51

[LeftLeg]
ThighAlpha=-0.157079637050629
ThighTheta=0.392699092626572
LowerLegAlpha=-0.117809727787971
LowerLegTheta=0.628318548202515

[RightLeg]
ThighAlpha=0.0392699092626572
ThighTheta=-0.392699092626572
LowerLegAlpha=0.117809727787971
LowerLegTheta=-0.314159274101257
