[%General]
Highest=159
CenterX=32.1659243006034
CenterY=155.273845309929
XWidth=58

[LeftLeg]
ThighAlpha=-0.0999597683548927
ThighTheta=0.424999058246613
LowerLegAlpha=-0.13922968506813
LowerLegTheta=-0.109479710459709

[RightLeg]
ThighAlpha=0.046409897506237
ThighTheta=-0.139399647712708
LowerLegAlpha=0.0606898665428162
LowerLegTheta=-0.784038186073303
