[%General]
Highest=156
CenterX=30.5771108611547
CenterY=219.866605688293
XWidth=55

[LeftLeg]
ThighAlpha=-0.0642598494887352
ThighTheta=-0.249106079339981
LowerLegAlpha=-0.0678298398852348
LowerLegTheta=-0.677505135536194

[RightLeg]
ThighAlpha=0.0499798879027367
ThighTheta=0.322092622518539
LowerLegAlpha=0.0428399071097374
LowerLegTheta=0.176119610667229
