[%General]
Highest=159
CenterX=31.8892580663389
CenterY=188.381058936543
XWidth=59

[LeftLeg]
ThighAlpha=-0.0981747731566429
ThighTheta=-0.353429168462753
LowerLegAlpha=-0.0589048638939857
LowerLegTheta=-0.0392699092626572

[RightLeg]
ThighAlpha=0.0196349546313286
ThighTheta=0.471238911151886
LowerLegAlpha=-0.0196349546313286
LowerLegTheta=0.274889349937439
