[%General]
Highest=158
CenterX=31.6890282668232
CenterY=231.085925273865
XWidth=55

[LeftLeg]
ThighAlpha=-0.0392699092626572
ThighTheta=0.235959500074387
LowerLegAlpha=-0.13922968506813
LowerLegTheta=-1.09955739974976

[RightLeg]
ThighAlpha=0.13922968506813
ThighTheta=0.229159519076347
LowerLegAlpha=0.0107099786400795
LowerLegTheta=-0.116279698908329
