[%General]
Highest=156
CenterX=30.5771108611547
CenterY=219.866605688293
XWidth=55

[LeftLeg]
ThighAlpha=-0.0785398185253143
ThighTheta=-0.274889349937439
LowerLegAlpha=-0.0392699092626572
LowerLegTheta=-0.706858336925507

[RightLeg]
ThighAlpha=0.0589048638939857
ThighTheta=0.353429168462753
LowerLegAlpha=0.0392699092626572
LowerLegTheta=0.157079637050629
