[%General]
Highest=157
CenterX=32.7869650636371
CenterY=67.5511873238234
XWidth=55

[LeftLeg]
ThighAlpha=-0.00713998079299927
ThighTheta=-0.461718916893005
LowerLegAlpha=-0.0321299210190773
LowerLegTheta=-0.365159124135971

[RightLeg]
ThighAlpha=0.0499798879027367
ThighTheta=0.46171897649765
LowerLegAlpha=0.0107099786400795
LowerLegTheta=0.288999378681183
