[%General]
Highest=158
CenterX=32.6361380978193
CenterY=60.6650961097444
XWidth=56

[LeftLeg]
ThighAlpha=-0.0214199498295784
ThighTheta=-0.391905754804611
LowerLegAlpha=-0.0678298398852348
LowerLegTheta=-0.315745919942856

[RightLeg]
ThighAlpha=0.0285599380731583
ThighTheta=0.391905784606934
LowerLegAlpha=-0.0321299210190773
LowerLegTheta=0.46489229798317
