[%General]
Highest=161
CenterX=32.8454048378469
CenterY=47.2471620738158
XWidth=54

[LeftLeg]
ThighAlpha=-0.024989940226078
ThighTheta=-0.229159444570541
LowerLegAlpha=-0.0856797993183136
LowerLegTheta=-0.169319570064545

[RightLeg]
ThighAlpha=0.0678298473358154
ThighTheta=0.342039257287979
LowerLegAlpha=-0.0107099711894989
LowerLegTheta=-0.275399327278137
