[%General]
Highest=156
CenterX=30.2837999492502
CenterY=207.123068185937
XWidth=57

[LeftLeg]
ThighAlpha=-0.0999597683548927
ThighTheta=-0.461718916893005
LowerLegAlpha=-0.082109808921814
LowerLegTheta=-0.398252427577972

[RightLeg]
ThighAlpha=0.0499798879027367
ThighTheta=0.46171897649765
LowerLegAlpha=0.021419957280159
LowerLegTheta=0.322092622518539
