[%General]
Highest=160
CenterX=32.5567309512293
CenterY=177.129066857347
XWidth=59

[LeftLeg]
ThighAlpha=-0.117809727787971
ThighTheta=-0.0863597691059113
LowerLegAlpha=-0.157079637050629
LowerLegTheta=-0.109479710459709

[RightLeg]
ThighAlpha=0.0321299284696579
ThighTheta=0.395079135894775
LowerLegAlpha=0.00356999784708023
LowerLegTheta=-0.275399327278137
