[%General]
Highest=160
CenterX=32.6193110491713
CenterY=166.112066214175
XWidth=60

[LeftLeg]
ThighAlpha=-0.0464098900556564
ThighTheta=0.249106109142303
LowerLegAlpha=-0.157079637050629
LowerLegTheta=-0.176119565963745

[RightLeg]
ThighAlpha=0.0821098163723946
ThighTheta=0.391905784606934
LowerLegAlpha=-0.0321299210190773
LowerLegTheta=-0.820304751396179
