[%General]
Highest=161
CenterX=32.869450007703
CenterY=51.1061777846249
XWidth=55

[LeftLeg]
ThighAlpha=-0.0428398996591568
ThighTheta=-0.318919241428375
LowerLegAlpha=-0.0713998302817345
LowerLegTheta=-0.179292917251587

[RightLeg]
ThighAlpha=0.0678298473358154
ThighTheta=0.31891930103302
LowerLegAlpha=-0.0464098900556564
LowerLegTheta=0.0364932715892792
