[%General]
Highest=152
CenterX=29.4702261908115
CenterY=279.957973014845
XWidth=50

[LeftLeg]
ThighAlpha=-0.0785398185253143
ThighTheta=0.46489229798317
LowerLegAlpha=-0.0999597683548927
LowerLegTheta=0.249106109142303

[RightLeg]
ThighAlpha=0.0678298473358154
ThighTheta=-0.391905754804611
LowerLegAlpha=0.00713998824357986
LowerLegTheta=-0.464892268180847
