[%General]
Highest=158
CenterX=32.9553942692976
CenterY=71.4223827884522
XWidth=54

[LeftLeg]
ThighAlpha=-0.0589048638939857
ThighTheta=-0.431968986988068
LowerLegAlpha=0.0589048638939857
LowerLegTheta=-0.431968986988068

[RightLeg]
ThighAlpha=0.0589048638939857
ThighTheta=0.471238911151886
LowerLegAlpha=0
LowerLegTheta=0.196349546313286
