[%General]
Highest=161
CenterX=32.7868007419701
CenterY=35.1429366396563
XWidth=51

[LeftLeg]
ThighAlpha=-0.0392699092626572
ThighTheta=0.0392699092626572
LowerLegAlpha=-0.0589048638939857
LowerLegTheta=-0.117809727787971

[RightLeg]
ThighAlpha=0.0981747731566429
ThighTheta=0.157079637050629
LowerLegAlpha=0
LowerLegTheta=-0.589048624038696
