[%General]
Highest=157
CenterX=33.2634984068694
CenterY=138.597245774153
XWidth=59

[LeftLeg]
ThighAlpha=-0.0999597683548927
ThighTheta=0.677505135536194
LowerLegAlpha=-0.13922968506813
LowerLegTheta=0.0333199352025986

[RightLeg]
ThighAlpha=0.121379725635052
ThighTheta=-0.391905754804611
LowerLegAlpha=0.0606898665428162
LowerLegTheta=-0.464892268180847
