[%General]
Highest=158
CenterX=33.0482469283788
CenterY=146.684746778544
XWidth=59

[LeftLeg]
ThighAlpha=-0.157079637050629
ThighTheta=0.549778699874878
LowerLegAlpha=-0.0785398185253143
LowerLegTheta=0.0785398185253143

[RightLeg]
ThighAlpha=0.0392699092626572
ThighTheta=-0.235619455575943
LowerLegAlpha=0.157079637050629
LowerLegTheta=-0.706858336925507
