[%General]
Highest=153
CenterX=30.1191061825155
CenterY=271.496393880018
XWidth=50

[LeftLeg]
ThighAlpha=-0.157079637050629
ThighTheta=0.392699092626572
LowerLegAlpha=0
LowerLegTheta=0.628318548202515

[RightLeg]
ThighAlpha=0.0392699092626572
ThighTheta=-0.392699092626572
LowerLegAlpha=0.117809727787971
LowerLegTheta=-0.392699092626572
