[%General]
Highest=160
CenterX=33.8407820336709
CenterY=88.1080088170463
XWidth=59

[LeftLeg]
ThighAlpha=-0.00356999039649963
ThighTheta=-0.146199628710747
LowerLegAlpha=0.00356999784708023
LowerLegTheta=-0.830278038978577

[RightLeg]
ThighAlpha=0.0678298473358154
ThighTheta=0.288999378681183
LowerLegAlpha=0.021419957280159
LowerLegTheta=0.0197199955582619
