[%General]
Highest=155
CenterX=30.4864848484848
CenterY=203.173066666667
XWidth=56

[LeftLeg]
ThighAlpha=-0.117809727787971
ThighTheta=-0.471238911151886
LowerLegAlpha=-0.0785398185253143
LowerLegTheta=-0.314159274101257

[RightLeg]
ThighAlpha=0.0392699092626572
ThighTheta=0.471238911151886
LowerLegAlpha=0.0392699092626572
LowerLegTheta=0.392699092626572
