[%General]
Highest=159
CenterX=32.0837498502717
CenterY=184.48074221685
XWidth=59

[LeftLeg]
ThighAlpha=-0.117809727787971
ThighTheta=-0.288999319076538
LowerLegAlpha=-0.0856797993183136
LowerLegTheta=-0.00339995324611664

[RightLeg]
ThighAlpha=-0.00713998079299927
ThighTheta=0.454919010400772
LowerLegAlpha=0.00356999784708023
LowerLegTheta=0.18291962146759
