[%General]
Highest=158
CenterX=32.9553942692976
CenterY=71.4223827884522
XWidth=54

[LeftLeg]
ThighAlpha=-0.0606898590922356
ThighTheta=-0.391905754804611
LowerLegAlpha=0.0249899476766586
LowerLegTheta=-0.534705400466919

[RightLeg]
ThighAlpha=0.0642598569393158
ThighTheta=0.46171897649765
LowerLegAlpha=-0.0107099711894989
LowerLegTheta=0.179292947053909
