[%General]
Highest=158
CenterX=31.4194990394562
CenterY=239.054578592188
XWidth=57

[LeftLeg]
ThighAlpha=-0.0785398185253143
ThighTheta=0.388732463121414
LowerLegAlpha=0.00356999784708023
LowerLegTheta=-0.81395810842514

[RightLeg]
ThighAlpha=0.13922968506813
ThighTheta=0.0364932715892792
LowerLegAlpha=0.0999597758054733
LowerLegTheta=-0.0364932343363762
