[%General]
Highest=153
CenterX=30.1191061825155
CenterY=271.496393880018
XWidth=50

[LeftLeg]
ThighAlpha=-0.0785398185253143
ThighTheta=0.46171897649765
LowerLegAlpha=-0.117809727787971
LowerLegTheta=0.454919010400772

[RightLeg]
ThighAlpha=0.0678298473358154
ThighTheta=-0.401879042387009
LowerLegAlpha=0.0606898665428162
LowerLegTheta=-0.424998998641968
