[%General]
Highest=156
CenterX=30.8732192948683
CenterY=253.311974038832
XWidth=57

[LeftLeg]
ThighAlpha=-0.082109808921814
ThighTheta=0.342039257287979
LowerLegAlpha=0.00356999784708023
LowerLegTheta=0.408679097890854

[RightLeg]
ThighAlpha=0.121379725635052
ThighTheta=-0.325719207525253
LowerLegAlpha=0.0249899476766586
LowerLegTheta=0.0102000124752522
