[%General]
Highest=159
CenterX=32.0837498502717
CenterY=184.48074221685
XWidth=59

[LeftLeg]
ThighAlpha=-0.157079637050629
ThighTheta=-0.314159274101257
LowerLegAlpha=-0.0392699092626572
LowerLegTheta=0

[RightLeg]
ThighAlpha=0.0392699092626572
ThighTheta=0.471238911151886
LowerLegAlpha=-0.0785398185253143
LowerLegTheta=0.157079637050629
