[%General]
Highest=139
CenterX=27.1676255877258
CenterY=306.798162583519
XWidth=41

[LeftLeg]
ThighAlpha=-0.157079637050629
ThighTheta=-0.157079637050629
LowerLegAlpha=0
LowerLegTheta=0.157079637050629

[RightLeg]
ThighAlpha=0.0392699092626572
ThighTheta=0.471238911151886
LowerLegAlpha=0
LowerLegTheta=-0.628318548202515
