[%General]
Highest=160
CenterX=32.7707877112788
CenterY=173.646178377804
XWidth=59

[LeftLeg]
ThighAlpha=-0.0999597683548927
ThighTheta=-0.0333198979496956
LowerLegAlpha=-0.157079637050629
LowerLegTheta=-0.109479740262032

[RightLeg]
ThighAlpha=0.0821098163723946
ThighTheta=0.395079135894775
LowerLegAlpha=-0.0464098900556564
LowerLegTheta=-0.398252427577972
