[%General]
Highest=162
CenterX=33.8017919767342
CenterY=114.192060131725
XWidth=59

[LeftLeg]
ThighAlpha=-0.117809727787971
ThighTheta=0.392699092626572
LowerLegAlpha=0.117809727787971
LowerLegTheta=0

[RightLeg]
ThighAlpha=0.0392699092626572
ThighTheta=-0.157079637050629
LowerLegAlpha=0.117809727787971
LowerLegTheta=-0.235619455575943
