[%General]
Highest=160
CenterX=33.8407820336709
CenterY=88.1080088170463
XWidth=59

[LeftLeg]
ThighAlpha=-0.00356999039649963
ThighTheta=-0.176119565963745
LowerLegAlpha=0.00356999784708023
LowerLegTheta=-0.820304751396179

[RightLeg]
ThighAlpha=0.0678298473358154
ThighTheta=0.31891930103302
LowerLegAlpha=0.00356999784708023
LowerLegTheta=0.0396666079759598
