[%General]
Highest=156
CenterX=30.7607090103397
CenterY=257.472539277561
XWidth=56

[LeftLeg]
ThighAlpha=-0.0214199498295784
ThighTheta=0.391905784606934
LowerLegAlpha=-0.0856797993183136
LowerLegTheta=0.46171897649765

[RightLeg]
ThighAlpha=0.103529766201973
ThighTheta=-0.322092592716217
LowerLegAlpha=0.021419957280159
LowerLegTheta=-0.106306403875351
