[%General]
Highest=153
CenterX=27.7876071815079
CenterY=296.814995698865
XWidth=44

[LeftLeg]
ThighAlpha=-0.0642598494887352
ThighTheta=0.0364932715892792
LowerLegAlpha=-0.0856797993183136
LowerLegTheta=0.315745949745178

[RightLeg]
ThighAlpha=0.0856798067688942
ThighTheta=-0.179292917251587
LowerLegAlpha=0.13922968506813
LowerLegTheta=0.60451865196228
