[%General]
Highest=160
CenterX=32.5567309512293
CenterY=177.129066857347
XWidth=59

[LeftLeg]
ThighAlpha=-0.117809727787971
ThighTheta=-0.106306403875351
LowerLegAlpha=-0.121379718184471
LowerLegTheta=-0.109479740262032

[RightLeg]
ThighAlpha=0.0499798879027367
ThighTheta=0.395079135894775
LowerLegAlpha=0.00356999784708023
LowerLegTheta=-0.255452752113342
