[%General]
Highest=159
CenterX=32.3438604406346
CenterY=180.601377117506
XWidth=60

[LeftLeg]
ThighAlpha=-0.121379718184471
ThighTheta=-0.176119565963745
LowerLegAlpha=-0.121379718184471
LowerLegTheta=-0.112653076648712

[RightLeg]
ThighAlpha=-0.00356999039649963
ThighTheta=0.46489229798317
LowerLegAlpha=0.021419957280159
LowerLegTheta=-0.0396665707230568
