[%General]
Highest=160
CenterX=32.6193110491713
CenterY=166.112066214175
XWidth=60

[LeftLeg]
ThighAlpha=-0.0392699092626572
ThighTheta=0.0785398185253143
LowerLegAlpha=-0.196349546313286
LowerLegTheta=0.0785398185253143

[RightLeg]
ThighAlpha=0.196349546313286
ThighTheta=0.0785398185253143
LowerLegAlpha=0.117809727787971
LowerLegTheta=0.0785398185253143
