[%General]
Highest=158
CenterX=32.5972027824842
CenterY=63.9243551561201
XWidth=55

[LeftLeg]
ThighAlpha=-0.024989940226078
ThighTheta=-0.454918920993805
LowerLegAlpha=-0.0499798804521561
LowerLegTheta=-0.24275940656662

[RightLeg]
ThighAlpha=0.0142799690365791
ThighTheta=0.431799054145813
LowerLegAlpha=0.00356999784708023
LowerLegTheta=0.395079135894775
