[%General]
Highest=153
CenterX=29.0676002074535
CenterY=284.475987256427
XWidth=49

[LeftLeg]
ThighAlpha=-0.0606898590922356
ThighTheta=0.322092622518539
LowerLegAlpha=-0.0678298398852348
LowerLegTheta=0.388732463121414

[RightLeg]
ThighAlpha=0.0142799690365791
ThighTheta=-0.2522794008255
LowerLegAlpha=0.0107099786400795
LowerLegTheta=-0.674331784248352
