[%General]
Highest=161
CenterX=34.2848247035742
CenterY=95.2723598908129
XWidth=58

[LeftLeg]
ThighAlpha=-0.0392699092626572
ThighTheta=0.0392699092626572
LowerLegAlpha=0.0981747731566429
LowerLegTheta=-0.785398185253143

[RightLeg]
ThighAlpha=0.0785398185253143
ThighTheta=0.157079637050629
LowerLegAlpha=0.0981747731566429
LowerLegTheta=-0.0392699092626572
