[%General]
Highest=153
CenterX=29.0676002074535
CenterY=284.475987256427
XWidth=49

[LeftLeg]
ThighAlpha=-0.0606898590922356
ThighTheta=0.312119334936142
LowerLegAlpha=-0.0678298398852348
LowerLegTheta=0.378759175539017

[RightLeg]
ThighAlpha=-0.0392699092626572
ThighTheta=-0.162519589066505
LowerLegAlpha=0.0999597758054733
LowerLegTheta=-0.754118263721466
