[%General]
Highest=160
CenterX=34.2291543527822
CenterY=91.608344591742
XWidth=58

[LeftLeg]
ThighAlpha=-0.0214199498295784
ThighTheta=-0.0931597501039505
LowerLegAlpha=0.021419957280159
LowerLegTheta=-0.830278038978577

[RightLeg]
ThighAlpha=0.103529766201973
ThighTheta=0.199239581823349
LowerLegAlpha=0.0249899476766586
LowerLegTheta=0.0632398948073387
