[%General]
Highest=153
CenterX=30.3896611461437
CenterY=267.895059247453
XWidth=51

[LeftLeg]
ThighAlpha=-0.0392699092626572
ThighTheta=0.484838932752609
LowerLegAlpha=-0.13922968506813
LowerLegTheta=0.521558880805969

[RightLeg]
ThighAlpha=0.0678298473358154
ThighTheta=-0.401879042387009
LowerLegAlpha=0.0606898665428162
LowerLegTheta=-0.318919241428375
