[%General]
Highest=159
CenterX=32.3259201876419
CenterY=162.573631150275
XWidth=59

[LeftLeg]
ThighAlpha=-0.0981747731566429
ThighTheta=0.235619455575943
LowerLegAlpha=-0.0981747731566429
LowerLegTheta=-0.117809727787971

[RightLeg]
ThighAlpha=0.0589048638939857
ThighTheta=0
LowerLegAlpha=0
LowerLegTheta=-0.667588412761688
