[%General]
Highest=162
CenterX=34.0711946930878
CenterY=98.9137839389365
XWidth=58

[LeftLeg]
ThighAlpha=-0.0785398185253143
ThighTheta=0.117809727787971
LowerLegAlpha=0.0392699092626572
LowerLegTheta=-0.785398185253143

[RightLeg]
ThighAlpha=0.0785398185253143
ThighTheta=0.117809727787971
LowerLegAlpha=0.0981747731566429
LowerLegTheta=-0.117809727787971
