[%General]
Highest=139
CenterX=27.1676255877258
CenterY=306.798162583519
XWidth=41

[LeftLeg]
ThighAlpha=-0.117809727787971
ThighTheta=-0.179292917251587
LowerLegAlpha=-0.121379718184471
LowerLegTheta=0.18246628344059

[RightLeg]
ThighAlpha=0.0142799690365791
ThighTheta=0.46171897649765
LowerLegAlpha=-0.0214199498295784
LowerLegTheta=-0.674331784248352
