[%General]
Highest=152
CenterX=27.3337025754639
CenterY=300.457047909166
XWidth=43

[LeftLeg]
ThighAlpha=-0.117809727787971
ThighTheta=-0.106306403875351
LowerLegAlpha=-0.0499798804521561
LowerLegTheta=0.249106109142303

[RightLeg]
ThighAlpha=0.0142799690365791
ThighTheta=0.322092622518539
LowerLegAlpha=-0.0428398996591568
LowerLegTheta=-0.81395810842514
