[%General]
Highest=155
CenterX=30.8409767575874
CenterY=199.302799654245
XWidth=58

[LeftLeg]
ThighAlpha=-0.0785398185253143
ThighTheta=-0.464892268180847
LowerLegAlpha=-0.103529758751392
LowerLegTheta=-0.106306403875351

[RightLeg]
ThighAlpha=0.0499798879027367
ThighTheta=0.531532108783722
LowerLegAlpha=-0.0107099711894989
LowerLegTheta=0.395079135894775
