[%General]
Highest=158
CenterX=31.2131997899509
CenterY=242.874572537367
XWidth=57

[LeftLeg]
ThighAlpha=-0.0981747731566429
ThighTheta=0.274889349937439
LowerLegAlpha=0.0589048638939857
LowerLegTheta=-0.274889349937439

[RightLeg]
ThighAlpha=0.0981747731566429
ThighTheta=-0.0392699092626572
LowerLegAlpha=0.0981747731566429
LowerLegTheta=-0.0392699092626572
