[%General]
Highest=162
CenterX=34.0711946930878
CenterY=98.9137839389365
XWidth=58

[LeftLeg]
ThighAlpha=-0.0428398996591568
ThighTheta=0.245932787656784
LowerLegAlpha=-0.103529758751392
LowerLegTheta=-0.956757783889771

[RightLeg]
ThighAlpha=0.121379725635052
ThighTheta=0.106306441128254
LowerLegAlpha=0.0428399071097374
LowerLegTheta=-0.106306403875351
