[%General]
Highest=158
CenterX=33.4344329100892
CenterY=134.910303706246
XWidth=59

[LeftLeg]
ThighAlpha=-0.0981747731566429
ThighTheta=0.549778699874878
LowerLegAlpha=-0.0785398185253143
LowerLegTheta=0.274889349937439

[RightLeg]
ThighAlpha=0.0981747731566429
ThighTheta=-0.353429168462753
LowerLegAlpha=0.0981747731566429
LowerLegTheta=-0.510508835315704
