[%General]
Highest=158
CenterX=33.3577960551534
CenterY=75.6054386752675
XWidth=54

[LeftLeg]
ThighAlpha=-0.00713998079299927
ThighTheta=-0.371959120035172
LowerLegAlpha=0.0249899476766586
LowerLegTheta=-0.544678747653961

[RightLeg]
ThighAlpha=0.0999597758054733
ThighTheta=0.431799054145813
LowerLegAlpha=-0.0107099711894989
LowerLegTheta=0.169319659471512
