[%General]
Highest=158
CenterX=31.6890282668232
CenterY=231.085925273865
XWidth=55

[LeftLeg]
ThighAlpha=-0.0392699092626572
ThighTheta=0.245932787656784
LowerLegAlpha=-0.0856797993183136
LowerLegTheta=-1.09955739974976

[RightLeg]
ThighAlpha=0.121379725635052
ThighTheta=0.179292947053909
LowerLegAlpha=0.0285599380731583
LowerLegTheta=-0.0364932343363762
