[%General]
Highest=161
CenterX=32.7338588588589
CenterY=169.90620978121
XWidth=59

[LeftLeg]
ThighAlpha=-0.117809727787971
ThighTheta=0.0364932715892792
LowerLegAlpha=-0.13922968506813
LowerLegTheta=-0.0396665707230568

[RightLeg]
ThighAlpha=0.13922968506813
ThighTheta=0.315745949745178
LowerLegAlpha=0.0606898665428162
LowerLegTheta=-0.458545595407486
