[%General]
Highest=153
CenterX=30.1191061825155
CenterY=271.496393880018
XWidth=50

[LeftLeg]
ThighAlpha=-0.0606898590922356
ThighTheta=0.391905784606934
LowerLegAlpha=-0.0999597683548927
LowerLegTheta=0.534705460071564

[RightLeg]
ThighAlpha=0.0678298473358154
ThighTheta=-0.391905754804611
LowerLegAlpha=0.0428399071097374
LowerLegTheta=-0.395079076290131
