[%General]
Highest=157
CenterX=30.5967211493287
CenterY=223.806681338246
XWidth=55

[LeftLeg]
ThighAlpha=-0.0285599306225777
ThighTheta=-0.179292917251587
LowerLegAlpha=-0.103529758751392
LowerLegTheta=-0.744144916534424

[RightLeg]
ThighAlpha=0.0678298473358154
ThighTheta=0.325265944004059
LowerLegAlpha=0.0678298473358154
LowerLegTheta=-0.112653076648712
