[%General]
Highest=161
CenterX=34.2848247035742
CenterY=95.2723598908129
XWidth=58

[LeftLeg]
ThighAlpha=-0.157079637050629
ThighTheta=0.157079637050629
LowerLegAlpha=-0.157079637050629
LowerLegTheta=-0.0785398185253143

[RightLeg]
ThighAlpha=0.0785398185253143
ThighTheta=0.157079637050629
LowerLegAlpha=0.117809727787971
LowerLegTheta=-0.0785398185253143
