[%General]
Highest=153
CenterX=30.5279875551774
CenterY=264.375578365155
XWidth=54

[LeftLeg]
ThighAlpha=-0.00356999039649963
ThighTheta=0.454919010400772
LowerLegAlpha=-0.157079637050629
LowerLegTheta=0.581398725509644

[RightLeg]
ThighAlpha=0.0856798067688942
ThighTheta=-0.408679038286209
LowerLegAlpha=0.0606898665428162
LowerLegTheta=-0.222359463572502
