[%General]
Highest=163
CenterX=34.0588197216528
CenterY=110.767159348366
XWidth=59

[LeftLeg]
ThighAlpha=-0.0785398185253143
ThighTheta=0.314159274101257
LowerLegAlpha=0.0785398185253143
LowerLegTheta=-0.157079637050629

[RightLeg]
ThighAlpha=0.0785398185253143
ThighTheta=-0.157079637050629
LowerLegAlpha=0.117809727787971
LowerLegTheta=-0.0785398185253143
