[%General]
Highest=162
CenterX=34.0711946930878
CenterY=98.9137839389365
XWidth=58

[LeftLeg]
ThighAlpha=-0.0428398996591568
ThighTheta=0.235959500074387
LowerLegAlpha=-0.0678298398852348
LowerLegTheta=-0.956757783889771

[RightLeg]
ThighAlpha=0.0821098163723946
ThighTheta=0.116279773414135
LowerLegAlpha=0.0999597758054733
LowerLegTheta=-0.116279698908329
