[%General]
Highest=159
CenterX=32.3438604406346
CenterY=180.601377117506
XWidth=60

[LeftLeg]
ThighAlpha=-0.117809727787971
ThighTheta=-0.157079637050629
LowerLegAlpha=-0.117809727787971
LowerLegTheta=-0.235619455575943

[RightLeg]
ThighAlpha=0.0785398185253143
ThighTheta=0.314159274101257
LowerLegAlpha=-0.117809727787971
LowerLegTheta=0.235619455575943
