[%General]
Highest=158
CenterX=31.2131997899509
CenterY=242.874572537367
XWidth=57

[LeftLeg]
ThighAlpha=-0.117809727787971
ThighTheta=0.235619455575943
LowerLegAlpha=0.0785398185253143
LowerLegTheta=-0.235619455575943

[RightLeg]
ThighAlpha=0.117809727787971
ThighTheta=-0.0785398185253143
LowerLegAlpha=0.117809727787971
LowerLegTheta=0
