[%General]
Highest=156
CenterX=31.1787699586044
CenterY=195.54542874039
XWidth=58

[LeftLeg]
ThighAlpha=-0.117809727787971
ThighTheta=-0.391905754804611
LowerLegAlpha=-0.0678298398852348
LowerLegTheta=-0.176119565963745

[RightLeg]
ThighAlpha=-0.00713998079299927
ThighTheta=0.46489229798317
LowerLegAlpha=0.00713998824357986
LowerLegTheta=0.531532108783722
