[%General]
Highest=158
CenterX=33.0831762891897
CenterY=142.555979098852
XWidth=59

[LeftLeg]
ThighAlpha=-0.117809727787971
ThighTheta=0.507958889007568
LowerLegAlpha=-0.103529758751392
LowerLegTheta=0.152999684214592

[RightLeg]
ThighAlpha=0.0856798067688942
ThighTheta=-0.312119245529175
LowerLegAlpha=0.0606898665428162
LowerLegTheta=-0.604518592357635
