[%General]
Highest=158
CenterX=31.0251146804509
CenterY=246.056210335449
XWidth=57

[LeftLeg]
ThighAlpha=-0.117809727787971
ThighTheta=0.392699092626572
LowerLegAlpha=0.117809727787971
LowerLegTheta=-0.157079637050629

[RightLeg]
ThighAlpha=0.157079637050629
ThighTheta=-0.157079637050629
LowerLegAlpha=-0.0392699092626572
LowerLegTheta=0
