[%General]
Highest=161
CenterX=32.8454048378469
CenterY=47.2471620738158
XWidth=54

[LeftLeg]
ThighAlpha=-0.024989940226078
ThighTheta=-0.249106079339981
LowerLegAlpha=-0.0856797993183136
LowerLegTheta=-0.109479740262032

[RightLeg]
ThighAlpha=0.0678298473358154
ThighTheta=0.322092622518539
LowerLegAlpha=-0.0107099711894989
LowerLegTheta=-0.255452752113342
