[%General]
Highest=153
CenterX=30.5279875551774
CenterY=264.375578365155
XWidth=54

[LeftLeg]
ThighAlpha=-0.00356999039649963
ThighTheta=0.46489229798317
LowerLegAlpha=-0.157079637050629
LowerLegTheta=0.531532108783722

[RightLeg]
ThighAlpha=0.103529766201973
ThighTheta=-0.388732433319092
LowerLegAlpha=0.0428399071097374
LowerLegTheta=-0.2522794008255
