[%General]
Highest=163
CenterX=34.0588197216528
CenterY=110.767159348366
XWidth=59

[LeftLeg]
ThighAlpha=-0.0606898590922356
ThighTheta=0.395079135894775
LowerLegAlpha=0.021419957280159
LowerLegTheta=-0.325265914201736

[RightLeg]
ThighAlpha=0.0856798067688942
ThighTheta=-0.106306403875351
LowerLegAlpha=0.0606898665428162
LowerLegTheta=-0.176119565963745
