[%General]
Highest=159
CenterX=32.3259201876419
CenterY=162.573631150275
XWidth=59

[LeftLeg]
ThighAlpha=-0.082109808921814
ThighTheta=0.179292947053909
LowerLegAlpha=-0.13922968506813
LowerLegTheta=0.0333199352025986

[RightLeg]
ThighAlpha=0.121379725635052
ThighTheta=-0.179292917251587
LowerLegAlpha=-0.103529758751392
LowerLegTheta=-0.388732433319092
