[%General]
Highest=157
CenterX=31.4787459037349
CenterY=191.874067446022
XWidth=58

[LeftLeg]
ThighAlpha=-0.157079637050629
ThighTheta=-0.392699092626572
LowerLegAlpha=-0.0392699092626572
LowerLegTheta=-0.0785398185253143

[RightLeg]
ThighAlpha=0
ThighTheta=0.471238911151886
LowerLegAlpha=-0.0392699092626572
LowerLegTheta=0.471238911151886
