[%General]
Highest=153
CenterX=27.7876071815079
CenterY=296.814995698865
XWidth=44

[LeftLeg]
ThighAlpha=-0.0589048638939857
ThighTheta=0.0392699092626572
LowerLegAlpha=-0.0785398185253143
LowerLegTheta=0.274889349937439

[RightLeg]
ThighAlpha=0.0981747731566429
ThighTheta=-0.274889349937439
LowerLegAlpha=0.0981747731566429
LowerLegTheta=0.785398185253143
