[%General]
Highest=154
CenterX=30.6844784386127
CenterY=261.174363708295
XWidth=55

[LeftLeg]
ThighAlpha=-0.117809727787971
ThighTheta=0.471238911151886
LowerLegAlpha=-0.0392699092626572
LowerLegTheta=0.471238911151886

[RightLeg]
ThighAlpha=0.0392699092626572
ThighTheta=-0.314159274101257
LowerLegAlpha=0.157079637050629
LowerLegTheta=-0.235619455575943
