[%General]
Highest=158
CenterX=31.0251146804509
CenterY=246.056210335449
XWidth=57

[LeftLeg]
ThighAlpha=-0.0999597683548927
ThighTheta=0.46171897649765
LowerLegAlpha=0.021419957280159
LowerLegTheta=-0.325265914201736

[RightLeg]
ThighAlpha=0.13922968506813
ThighTheta=-0.106306403875351
LowerLegAlpha=0.00713998824357986
LowerLegTheta=-0.0364932343363762
