[%General]
Highest=161
CenterX=32.679960497571
CenterY=43.0171276945944
XWidth=52

[LeftLeg]
ThighAlpha=-0.0642598494887352
ThighTheta=-0.109479710459709
LowerLegAlpha=-0.121379718184471
LowerLegTheta=-0.24275940656662

[RightLeg]
ThighAlpha=0.0678298473358154
ThighTheta=0.252279460430145
LowerLegAlpha=0.00356999784708023
LowerLegTheta=-0.312119245529175
