[%General]
Highest=156
CenterX=30.7607090103397
CenterY=257.472539277561
XWidth=56

[LeftLeg]
ThighAlpha=-0.117809727787971
ThighTheta=0.471238911151886
LowerLegAlpha=-0.0392699092626572
LowerLegTheta=0.392699092626572

[RightLeg]
ThighAlpha=0.0785398185253143
ThighTheta=-0.314159274101257
LowerLegAlpha=0.117809727787971
LowerLegTheta=-0.157079637050629
