[%General]
Highest=158
CenterX=31.6890282668232
CenterY=231.085925273865
XWidth=55

[LeftLeg]
ThighAlpha=-0.157079637050629
ThighTheta=0.314159274101257
LowerLegAlpha=-0.157079637050629
LowerLegTheta=-0.235619455575943

[RightLeg]
ThighAlpha=0.117809727787971
ThighTheta=0.235619455575943
LowerLegAlpha=0.0392699092626572
LowerLegTheta=-0.0785398185253143
