[%General]
Highest=162
CenterX=33.8017919767342
CenterY=114.192060131725
XWidth=59

[LeftLeg]
ThighAlpha=-0.0606898590922356
ThighTheta=0.395079135894775
LowerLegAlpha=-0.0142799615859985
LowerLegTheta=-0.112653076648712

[RightLeg]
ThighAlpha=0.103529766201973
ThighTheta=-0.179292917251587
LowerLegAlpha=-0.0142799615859985
LowerLegTheta=-0.172946244478226
