[%General]
Highest=156
CenterX=30.8732192948683
CenterY=253.311974038832
XWidth=57

[LeftLeg]
ThighAlpha=-0.0107099711894989
ThighTheta=0.391905784606934
LowerLegAlpha=-0.0499798804521561
LowerLegTheta=0.31891930103302

[RightLeg]
ThighAlpha=0.0321299284696579
ThighTheta=-0.2459327429533
LowerLegAlpha=0.0606898665428162
LowerLegTheta=-0.0396665707230568
