[%General]
Highest=160
CenterX=32.7440369025954
CenterY=27.984254114075
XWidth=50

[LeftLeg]
ThighAlpha=-0.082109808921814
ThighTheta=0.109479777514935
LowerLegAlpha=0.021419957280159
LowerLegTheta=0.0333199352025986

[RightLeg]
ThighAlpha=0.0321299284696579
ThighTheta=-0.249106079339981
LowerLegAlpha=0.0821098163723946
LowerLegTheta=-0.464892268180847
