[%General]
Highest=156
CenterX=30.7607090103397
CenterY=257.472539277561
XWidth=56

[LeftLeg]
ThighAlpha=-0.0214199498295784
ThighTheta=0.401879131793976
LowerLegAlpha=-0.103529758751392
LowerLegTheta=0.46171897649765

[RightLeg]
ThighAlpha=0.0856798067688942
ThighTheta=-0.342039197683334
LowerLegAlpha=0.021419957280159
LowerLegTheta=-0.0564398318529129
