[%General]
Highest=160
CenterX=32.7440369025954
CenterY=27.984254114075
XWidth=50

[LeftLeg]
ThighAlpha=0.0196349546313286
ThighTheta=0
LowerLegAlpha=-0.0981747731566429
LowerLegTheta=0.157079637050629

[RightLeg]
ThighAlpha=0.0392699092626572
ThighTheta=-0.235619455575943
LowerLegAlpha=0.0589048638939857
LowerLegTheta=-0.471238911151886
