[%General]
Highest=156
CenterX=30.2837999492502
CenterY=207.123068185937
XWidth=57

[LeftLeg]
ThighAlpha=-0.0981747731566429
ThighTheta=-0.431968986988068
LowerLegAlpha=-0.0785398185253143
LowerLegTheta=-0.431968986988068

[RightLeg]
ThighAlpha=0.0589048638939857
ThighTheta=0.471238911151886
LowerLegAlpha=0.0589048638939857
LowerLegTheta=0.314159274101257
