[%General]
Highest=155
CenterX=30.4864848484848
CenterY=203.173066666667
XWidth=56

[LeftLeg]
ThighAlpha=-0.117809727787971
ThighTheta=-0.461718916893005
LowerLegAlpha=-0.0678298398852348
LowerLegTheta=-0.305319279432297

[RightLeg]
ThighAlpha=0.0321299284696579
ThighTheta=0.484838932752609
LowerLegAlpha=0.0285599380731583
LowerLegTheta=0.371959179639816
