[%General]
Highest=153
CenterX=28.7005447057261
CenterY=288.90861048374
XWidth=49

[LeftLeg]
ThighAlpha=-0.0981747731566429
ThighTheta=0.510508835315704
LowerLegAlpha=-0.0785398185253143
LowerLegTheta=-0.0392699092626572

[RightLeg]
ThighAlpha=-0.0196349546313286
ThighTheta=-0.117809727787971
LowerLegAlpha=0.0785398185253143
LowerLegTheta=-0.785398185253143
