[%General]
Highest=160
CenterX=33.5072067179144
CenterY=120.825252757353
XWidth=60

[LeftLeg]
ThighAlpha=-0.0606898590922356
ThighTheta=0.395079135894775
LowerLegAlpha=-0.0999597683548927
LowerLegTheta=0.355639219284058

[RightLeg]
ThighAlpha=0.0856798067688942
ThighTheta=-0.2522794008255
LowerLegAlpha=0.0428399071097374
LowerLegTheta=-0.295799285173416
