[%General]
Highest=157
CenterX=30.9467836497069
CenterY=249.771637079251
XWidth=57

[LeftLeg]
ThighAlpha=-0.0606898590922356
ThighTheta=0.46489229798317
LowerLegAlpha=-0.0321299210190773
LowerLegTheta=-0.255452752113342

[RightLeg]
ThighAlpha=0.0856798067688942
ThighTheta=-0.176119565963745
LowerLegAlpha=0.0606898665428162
LowerLegTheta=-0.106306403875351
