[%General]
Highest=162
CenterX=32.756556102237
CenterY=39.2190779885164
XWidth=52

[LeftLeg]
ThighAlpha=-0.0999597683548927
ThighTheta=-0.0364932343363762
LowerLegAlpha=-0.157079637050629
LowerLegTheta=-0.249106079339981

[RightLeg]
ThighAlpha=0.13922968506813
ThighTheta=0.252279460430145
LowerLegAlpha=-0.0107099711894989
LowerLegTheta=-0.607691943645477
