[%General]
Highest=161
CenterX=32.679960497571
CenterY=43.0171276945944
XWidth=52

[LeftLeg]
ThighAlpha=-0.0642598494887352
ThighTheta=-0.109479740262032
LowerLegAlpha=-0.121379718184471
LowerLegTheta=-0.24275940656662

[RightLeg]
ThighAlpha=0.0856798067688942
ThighTheta=0.249106109142303
LowerLegAlpha=-0.0321299210190773
LowerLegTheta=-0.318919241428375
