[%General]
Highest=157
CenterX=31.216929075927
CenterY=227.620438493231
XWidth=55

[LeftLeg]
ThighAlpha=-0.024989940226078
ThighTheta=0.103133104741573
LowerLegAlpha=-0.13922968506813
LowerLegTheta=-1.09955739974976

[RightLeg]
ThighAlpha=0.0856798067688942
ThighTheta=0.179292947053909
LowerLegAlpha=0.0606898665428162
LowerLegTheta=0.106306441128254
