[%General]
Highest=156
CenterX=30.5771108611547
CenterY=219.866605688293
XWidth=55

[LeftLeg]
ThighAlpha=-0.0785398185253143
ThighTheta=-0.314159274101257
LowerLegAlpha=-0.0392699092626572
LowerLegTheta=-0.628318548202515

[RightLeg]
ThighAlpha=0.0392699092626572
ThighTheta=0.314159274101257
LowerLegAlpha=0.0785398185253143
LowerLegTheta=0.235619455575943
