[%General]
Highest=160
CenterX=33.5072067179144
CenterY=120.825252757353
XWidth=60

[LeftLeg]
ThighAlpha=-0.0606898590922356
ThighTheta=0.395079135894775
LowerLegAlpha=-0.082109808921814
LowerLegTheta=0.315745949745178

[RightLeg]
ThighAlpha=0.0856798067688942
ThighTheta=-0.2522794008255
LowerLegAlpha=0.0606898665428162
LowerLegTheta=-0.315745919942856
