[%General]
Highest=159
CenterX=31.7465888591595
CenterY=235.131009600833
XWidth=56

[LeftLeg]
ThighAlpha=-0.157079637050629
ThighTheta=0.235619455575943
LowerLegAlpha=-0.157079637050629
LowerLegTheta=-0.157079637050629

[RightLeg]
ThighAlpha=0.0785398185253143
ThighTheta=0.0785398185253143
LowerLegAlpha=0.117809727787971
LowerLegTheta=0
