[%General]
Highest=140
CenterX=26.990646468205
CenterY=309.617509247842
XWidth=39

[LeftLeg]
ThighAlpha=-0.0981747731566429
ThighTheta=-0.196349546313286
LowerLegAlpha=-0.0589048638939857
LowerLegTheta=0.117809727787971

[RightLeg]
ThighAlpha=-0.0196349546313286
ThighTheta=0.589048624038696
LowerLegAlpha=0.0981747731566429
LowerLegTheta=-0.667588412761688
