[%General]
Highest=158
CenterX=33.310291809475
CenterY=127.813585743724
XWidth=59

[LeftLeg]
ThighAlpha=-0.0785398185253143
ThighTheta=0.514758884906769
LowerLegAlpha=-0.121379718184471
LowerLegTheta=0.401879131793976

[RightLeg]
ThighAlpha=0.0856798067688942
ThighTheta=-0.395079076290131
LowerLegAlpha=0.021419957280159
LowerLegTheta=-0.24275940656662
