[%General]
Highest=162
CenterX=34.0452646607794
CenterY=102.941092485855
XWidth=57

[LeftLeg]
ThighAlpha=-0.0785398185253143
ThighTheta=0.235619455575943
LowerLegAlpha=0.0785398185253143
LowerLegTheta=-0.510508835315704

[RightLeg]
ThighAlpha=0.0981747731566429
ThighTheta=0.0392699092626572
LowerLegAlpha=0.0785398185253143
LowerLegTheta=-0.117809727787971
