[%General]
Highest=159
CenterX=33.5948952879581
CenterY=79.9681315999645
XWidth=57

[LeftLeg]
ThighAlpha=-0.00356999039649963
ThighTheta=-0.312119245529175
LowerLegAlpha=0.00356999784708023
LowerLegTheta=-0.66435843706131

[RightLeg]
ThighAlpha=0.0856798067688942
ThighTheta=0.395079135894775
LowerLegAlpha=0.00356999784708023
LowerLegTheta=0.123079754412174
