[%General]
Highest=140
CenterX=27.3482467431433
CenterY=303.712689364471
XWidth=41

[LeftLeg]
ThighAlpha=-0.157079637050629
ThighTheta=-0.0785398185253143
LowerLegAlpha=-0.117809727787971
LowerLegTheta=0.0785398185253143

[RightLeg]
ThighAlpha=0.196349546313286
ThighTheta=-0.157079637050629
LowerLegAlpha=0
LowerLegTheta=0.235619455575943
