[%General]
Highest=152
CenterX=29.8982246340876
CenterY=275.570795018207
XWidth=50

[LeftLeg]
ThighAlpha=-0.0785398185253143
ThighTheta=0.395079135894775
LowerLegAlpha=-0.0678298398852348
LowerLegTheta=0.46171897649765

[RightLeg]
ThighAlpha=0.103529766201973
ThighTheta=-0.391905754804611
LowerLegAlpha=0.0107099786400795
LowerLegTheta=-0.464892268180847
