[%General]
Highest=157
CenterX=30.9467836497069
CenterY=249.771637079251
XWidth=57

[LeftLeg]
ThighAlpha=-0.0606898590922356
ThighTheta=0.454919010400772
LowerLegAlpha=0.00356999784708023
LowerLegTheta=-0.215559482574463

[RightLeg]
ThighAlpha=0.0856798067688942
ThighTheta=-0.206039488315582
LowerLegAlpha=0.0606898665428162
LowerLegTheta=-0.0265199020504951
