[%General]
Highest=161
CenterX=34.2848247035742
CenterY=95.2723598908129
XWidth=58

[LeftLeg]
ThighAlpha=-0.0214199498295784
ThighTheta=0.176119610667229
LowerLegAlpha=-0.0499798804521561
LowerLegTheta=-1.09955739974976

[RightLeg]
ThighAlpha=0.0856798067688942
ThighTheta=0.176119610667229
LowerLegAlpha=0.0999597758054733
LowerLegTheta=-0.0364932343363762
