[%General]
Highest=159
CenterX=33.7361293526847
CenterY=84.1352022515314
XWidth=57

[LeftLeg]
ThighAlpha=0.0107099786400795
ThighTheta=-0.2522794008255
LowerLegAlpha=-0.0107099711894989
LowerLegTheta=-0.744144916534424

[RightLeg]
ThighAlpha=0.0856798067688942
ThighTheta=0.322092622518539
LowerLegAlpha=0.00356999784708023
LowerLegTheta=0.106306441128254
