[%General]
Highest=159
CenterX=32.3259201876419
CenterY=162.573631150275
XWidth=59

[LeftLeg]
ThighAlpha=-0.117809727787971
ThighTheta=0.229159519076347
LowerLegAlpha=-0.121379718184471
LowerLegTheta=-0.0863597691059113

[RightLeg]
ThighAlpha=0.13922968506813
ThighTheta=-0.229159444570541
LowerLegAlpha=-0.121379718184471
LowerLegTheta=-0.318919241428375
