[%General]
Highest=158
CenterX=33.0831762891897
CenterY=142.555979098852
XWidth=59

[LeftLeg]
ThighAlpha=-0.0999597683548927
ThighTheta=0.537878811359406
LowerLegAlpha=-0.157079637050629
LowerLegTheta=0.103133104741573

[RightLeg]
ThighAlpha=0.103529766201973
ThighTheta=-0.322092592716217
LowerLegAlpha=0.0428399071097374
LowerLegTheta=-0.604518592357635
