[%General]
Highest=153
CenterX=28.3523250525837
CenterY=293.17940992553
XWidth=46

[LeftLeg]
ThighAlpha=-0.0785398185253143
ThighTheta=0.179292947053909
LowerLegAlpha=-0.0499798804521561
LowerLegTheta=0.245932787656784

[RightLeg]
ThighAlpha=-0.00356999039649963
ThighTheta=-0.179292917251587
LowerLegAlpha=-0.0142799615859985
LowerLegTheta=-0.674331784248352
