[%General]
Highest=155
CenterX=30.8409767575874
CenterY=199.302799654245
XWidth=58

[LeftLeg]
ThighAlpha=-0.0981747731566429
ThighTheta=-0.431968986988068
LowerLegAlpha=-0.0981747731566429
LowerLegTheta=-0.235619455575943

[RightLeg]
ThighAlpha=0.0196349546313286
ThighTheta=0.510508835315704
LowerLegAlpha=0.0392699092626572
LowerLegTheta=0.431968986988068
