[%General]
Highest=159
CenterX=31.8892580663389
CenterY=188.381058936543
XWidth=59

[LeftLeg]
ThighAlpha=-0.117809727787971
ThighTheta=-0.392699092626572
LowerLegAlpha=-0.117809727787971
LowerLegTheta=0

[RightLeg]
ThighAlpha=0.0392699092626572
ThighTheta=0.471238911151886
LowerLegAlpha=-0.0785398185253143
LowerLegTheta=0.314159274101257
