[%General]
Highest=159
CenterX=32.1659243006034
CenterY=155.273845309929
XWidth=58

[LeftLeg]
ThighAlpha=-0.157079637050629
ThighTheta=0.471238911151886
LowerLegAlpha=-0.0392699092626572
LowerLegTheta=-0.157079637050629

[RightLeg]
ThighAlpha=0.0392699092626572
ThighTheta=-0.157079637050629
LowerLegAlpha=0.0785398185253143
LowerLegTheta=-0.785398185253143
