[%General]
Highest=156
CenterX=30.8732192948683
CenterY=253.311974038832
XWidth=57

[LeftLeg]
ThighAlpha=-0.0785398185253143
ThighTheta=0.353429168462753
LowerLegAlpha=0.0589048638939857
LowerLegTheta=0.353429168462753

[RightLeg]
ThighAlpha=0.0392699092626572
ThighTheta=-0.274889349937439
LowerLegAlpha=0.0981747731566429
LowerLegTheta=-0.0392699092626572
