[%General]
Highest=140
CenterX=26.990646468205
CenterY=309.617509247842
XWidth=39

[LeftLeg]
ThighAlpha=-0.117809727787971
ThighTheta=-0.109479740262032
LowerLegAlpha=-0.0499798804521561
LowerLegTheta=-0.030146561563015

[RightLeg]
ThighAlpha=0.0107099786400795
ThighTheta=0.60451865196228
LowerLegAlpha=0.0821098163723946
LowerLegTheta=-0.677505135536194
