[%General]
Highest=156
CenterX=30.4961669351225
CenterY=215.466883046106
XWidth=56

[LeftLeg]
ThighAlpha=-0.0785398185253143
ThighTheta=-0.342039197683334
LowerLegAlpha=-0.0499798804521561
LowerLegTheta=-0.574598670005798

[RightLeg]
ThighAlpha=0.0856798067688942
ThighTheta=0.395079135894775
LowerLegAlpha=0.00356999784708023
LowerLegTheta=0.212839543819427
