[%General]
Highest=163
CenterX=34.1597659479743
CenterY=107.019981343679
XWidth=58

[LeftLeg]
ThighAlpha=-0.0785398185253143
ThighTheta=0.235619455575943
LowerLegAlpha=0.0785398185253143
LowerLegTheta=-0.235619455575943

[RightLeg]
ThighAlpha=0.0785398185253143
ThighTheta=-0.0785398185253143
LowerLegAlpha=0.157079637050629
LowerLegTheta=-0.0785398185253143
