[%General]
Highest=156
CenterX=31.1787699586044
CenterY=195.54542874039
XWidth=58

[LeftLeg]
ThighAlpha=-0.117809727787971
ThighTheta=-0.371959120035172
LowerLegAlpha=-0.0856797993183136
LowerLegTheta=-0.265879362821579

[RightLeg]
ThighAlpha=0.0285599380731583
ThighTheta=0.454919010400772
LowerLegAlpha=-0.0285599306225777
LowerLegTheta=0.551478803157806
