[%General]
Highest=152
CenterX=29.4702261908115
CenterY=279.957973014845
XWidth=50

[LeftLeg]
ThighAlpha=-0.0981747731566429
ThighTheta=0.392699092626572
LowerLegAlpha=-0.0589048638939857
LowerLegTheta=0.392699092626572

[RightLeg]
ThighAlpha=0.0392699092626572
ThighTheta=-0.353429168462753
LowerLegAlpha=0
LowerLegTheta=-0.510508835315704
