[%General]
Highest=161
CenterX=32.7868007419701
CenterY=35.1429366396563
XWidth=51

[LeftLeg]
ThighAlpha=-0.0285599306225777
ThighTheta=0.0396666079759598
LowerLegAlpha=-0.157079637050629
LowerLegTheta=-0.255452752113342

[RightLeg]
ThighAlpha=0.103529766201973
ThighTheta=0.245932787656784
LowerLegAlpha=0.0285599380731583
LowerLegTheta=-0.956757783889771
