[%General]
Highest=159
CenterX=32.3438604406346
CenterY=180.601377117506
XWidth=60

[LeftLeg]
ThighAlpha=-0.13922968506813
ThighTheta=-0.176119565963745
LowerLegAlpha=-0.0856797993183136
LowerLegTheta=-0.132599666714668

[RightLeg]
ThighAlpha=-0.00356999039649963
ThighTheta=0.454919010400772
LowerLegAlpha=0.021419957280159
LowerLegTheta=0.0102000124752522
