[%General]
Highest=158
CenterX=31.2131997899509
CenterY=242.874572537367
XWidth=57

[LeftLeg]
ThighAlpha=-0.0999597683548927
ThighTheta=0.259079456329346
LowerLegAlpha=0.021419957280159
LowerLegTheta=-0.2522794008255

[RightLeg]
ThighAlpha=0.121379725635052
ThighTheta=-0.0564398318529129
LowerLegAlpha=0.13922968506813
LowerLegTheta=-0.00339995324611664
