[%General]
Highest=158
CenterX=33.4344329100892
CenterY=134.910303706246
XWidth=59

[LeftLeg]
ThighAlpha=-0.117809727787971
ThighTheta=0.549778699874878
LowerLegAlpha=-0.157079637050629
LowerLegTheta=0.314159274101257

[RightLeg]
ThighAlpha=0.117809727787971
ThighTheta=-0.392699092626572
LowerLegAlpha=0.117809727787971
LowerLegTheta=-0.471238911151886
