[%General]
Highest=158
CenterX=31.2131997899509
CenterY=242.874572537367
XWidth=57

[LeftLeg]
ThighAlpha=-0.0999597683548927
ThighTheta=0.249106109142303
LowerLegAlpha=0.021419957280159
LowerLegTheta=-0.2522794008255

[RightLeg]
ThighAlpha=0.13922968506813
ThighTheta=-0.0364932343363762
LowerLegAlpha=0.0606898665428162
LowerLegTheta=-0.0333198979496956
