[%General]
Highest=157
CenterX=33.3728272133845
CenterY=131.316332090469
XWidth=60

[LeftLeg]
ThighAlpha=-0.0999597683548927
ThighTheta=0.544678807258606
LowerLegAlpha=-0.157079637050629
LowerLegTheta=0.34883925318718

[RightLeg]
ThighAlpha=0.121379725635052
ThighTheta=-0.371959120035172
LowerLegAlpha=0.0606898665428162
LowerLegTheta=-0.424998998641968
