[%General]
Highest=157
CenterX=30.5967211493287
CenterY=223.806681338246
XWidth=55

[LeftLeg]
ThighAlpha=-0.0285599306225777
ThighTheta=-0.169319570064545
LowerLegAlpha=-0.103529758751392
LowerLegTheta=-0.784038186073303

[RightLeg]
ThighAlpha=0.0678298473358154
ThighTheta=0.305319339036942
LowerLegAlpha=0.0678298473358154
LowerLegTheta=-0.0727597996592522
