[%General]
Highest=159
CenterX=31.7465888591595
CenterY=235.131009600833
XWidth=56

[LeftLeg]
ThighAlpha=-0.0392699092626572
ThighTheta=0.176119610667229
LowerLegAlpha=-0.103529758751392
LowerLegTheta=-0.886944591999054

[RightLeg]
ThighAlpha=0.121379725635052
ThighTheta=0.106306441128254
LowerLegAlpha=0.0499798879027367
LowerLegTheta=0.0333199352025986
