[%General]
Highest=159
CenterX=33.7361293526847
CenterY=84.1352022515314
XWidth=57

[LeftLeg]
ThighAlpha=0.0107099786400795
ThighTheta=-0.282199323177338
LowerLegAlpha=-0.0107099711894989
LowerLegTheta=-0.694278359413147

[RightLeg]
ThighAlpha=0.0856798067688942
ThighTheta=0.342039257287979
LowerLegAlpha=0.00356999784708023
LowerLegTheta=0.0564399100840092
