[%General]
Highest=160
CenterX=32.7440369025954
CenterY=27.984254114075
XWidth=50

[LeftLeg]
ThighAlpha=-0.157079637050629
ThighTheta=0
LowerLegAlpha=0.117809727787971
LowerLegTheta=0

[RightLeg]
ThighAlpha=0.0392699092626572
ThighTheta=-0.235619455575943
LowerLegAlpha=0.0785398185253143
LowerLegTheta=-0.471238911151886
