[%General]
Highest=159
CenterX=31.8892580663389
CenterY=188.381058936543
XWidth=59

[LeftLeg]
ThighAlpha=-0.0785398185253143
ThighTheta=-0.342039197683334
LowerLegAlpha=-0.13922968506813
LowerLegTheta=-0.0863597691059113

[RightLeg]
ThighAlpha=-0.00356999039649963
ThighTheta=0.46171897649765
LowerLegAlpha=0.00356999784708023
LowerLegTheta=0.305319339036942
