[%General]
Highest=140
CenterX=27.3482467431433
CenterY=303.712689364471
XWidth=41

[LeftLeg]
ThighAlpha=-0.117809727787971
ThighTheta=-0.106306403875351
LowerLegAlpha=-0.0856797993183136
LowerLegTheta=0.109479777514935

[RightLeg]
ThighAlpha=0.103529766201973
ThighTheta=0.46489229798317
LowerLegAlpha=0.0856798067688942
LowerLegTheta=-0.464892268180847
