[%General]
Highest=152
CenterX=29.8982246340876
CenterY=275.570795018207
XWidth=50

[LeftLeg]
ThighAlpha=-0.0785398185253143
ThighTheta=0.395079135894775
LowerLegAlpha=-0.13922968506813
LowerLegTheta=0.49163892865181

[RightLeg]
ThighAlpha=0.103529766201973
ThighTheta=-0.371959120035172
LowerLegAlpha=0.0107099786400795
LowerLegTheta=-0.514758765697479
