[%General]
Highest=162
CenterX=33.6257079459003
CenterY=117.531107354184
XWidth=59

[LeftLeg]
ThighAlpha=-0.0392699092626572
ThighTheta=0.401879131793976
LowerLegAlpha=-0.0678298398852348
LowerLegTheta=0.176119640469551

[RightLeg]
ThighAlpha=0.0856798067688942
ThighTheta=-0.282199323177338
LowerLegAlpha=0.00356999784708023
LowerLegTheta=-0.0999597311019897
