[%General]
Highest=159
CenterX=32.3259201876419
CenterY=162.573631150275
XWidth=59

[LeftLeg]
ThighAlpha=-0.117809727787971
ThighTheta=0.235619455575943
LowerLegAlpha=-0.117809727787971
LowerLegTheta=-0.0785398185253143

[RightLeg]
ThighAlpha=0.157079637050629
ThighTheta=0.235619455575943
LowerLegAlpha=0.196349546313286
LowerLegTheta=-0.0785398185253143
