[%General]
Highest=156
CenterX=30.8732192948683
CenterY=253.311974038832
XWidth=57

[LeftLeg]
ThighAlpha=-0.157079637050629
ThighTheta=0.471238911151886
LowerLegAlpha=0.117809727787971
LowerLegTheta=0.157079637050629

[RightLeg]
ThighAlpha=0.0392699092626572
ThighTheta=-0.314159274101257
LowerLegAlpha=0.117809727787971
LowerLegTheta=0
