[%General]
Highest=153
CenterX=29.0676002074535
CenterY=284.475987256427
XWidth=49

[LeftLeg]
ThighAlpha=-0.157079637050629
ThighTheta=0.549778699874878
LowerLegAlpha=0.0392699092626572
LowerLegTheta=0.0785398185253143

[RightLeg]
ThighAlpha=-0.0392699092626572
ThighTheta=-0.157079637050629
LowerLegAlpha=0.117809727787971
LowerLegTheta=-0.785398185253143
