[%General]
Highest=159
CenterX=32.1659243006034
CenterY=155.273845309929
XWidth=58

[LeftLeg]
ThighAlpha=-0.0999597683548927
ThighTheta=0.46489229798317
LowerLegAlpha=-0.121379718184471
LowerLegTheta=-0.179292917251587

[RightLeg]
ThighAlpha=0.046409897506237
ThighTheta=-0.109479740262032
LowerLegAlpha=0.0428399071097374
LowerLegTheta=-0.81395810842514
