[%General]
Highest=153
CenterX=28.7005447057261
CenterY=288.90861048374
XWidth=49

[LeftLeg]
ThighAlpha=-0.0606898590922356
ThighTheta=0.322092622518539
LowerLegAlpha=-0.121379718184471
LowerLegTheta=0.176119610667229

[RightLeg]
ThighAlpha=0.0107099786400795
ThighTheta=-0.106306403875351
LowerLegAlpha=0.00356999784708023
LowerLegTheta=-0.820304751396179
