[%General]
Highest=156
CenterX=30.4961669351225
CenterY=215.466883046106
XWidth=56

[LeftLeg]
ThighAlpha=-0.0981747731566429
ThighTheta=-0.353429168462753
LowerLegAlpha=-0.0196349546313286
LowerLegTheta=-0.549778699874878

[RightLeg]
ThighAlpha=0.0785398185253143
ThighTheta=0.392699092626572
LowerLegAlpha=0.0392699092626572
LowerLegTheta=0.196349546313286
