[%General]
Highest=159
CenterX=32.0837498502717
CenterY=184.48074221685
XWidth=59

[LeftLeg]
ThighAlpha=-0.117809727787971
ThighTheta=-0.318919241428375
LowerLegAlpha=-0.0678298398852348
LowerLegTheta=0.0364932715892792

[RightLeg]
ThighAlpha=0.0285599380731583
ThighTheta=0.46489229798317
LowerLegAlpha=-0.0499798804521561
LowerLegTheta=0.172946274280548
