[%General]
Highest=157
CenterX=33.3728272133845
CenterY=131.316332090469
XWidth=60

[LeftLeg]
ThighAlpha=-0.157079637050629
ThighTheta=0.471238911151886
LowerLegAlpha=-0.117809727787971
LowerLegTheta=0.471238911151886

[RightLeg]
ThighAlpha=0.157079637050629
ThighTheta=-0.314159274101257
LowerLegAlpha=0.0392699092626572
LowerLegTheta=-0.549778699874878
