[%General]
Highest=163
CenterX=34.1597659479743
CenterY=107.019981343679
XWidth=58

[LeftLeg]
ThighAlpha=-0.0642598494887352
ThighTheta=0.288999378681183
LowerLegAlpha=0.021419957280159
LowerLegTheta=-0.395079076290131

[RightLeg]
ThighAlpha=0.103529766201973
ThighTheta=-0.0564398318529129
LowerLegAlpha=0.0606898665428162
LowerLegTheta=-0.116279698908329
