[%General]
Highest=179
CenterX=41.3808570648713
CenterY=63.3323693411493
XWidth=58

[LeftLeg]
ThighAlpha=-0.0392699092626572
ThighTheta=-0.318919241428375
LowerLegAlpha=-0.0499798804521561
LowerLegTheta=-0.192439526319504

[RightLeg]
ThighAlpha=0.0321299284696579
ThighTheta=0.365159213542938
LowerLegAlpha=-0.0678298398852348
LowerLegTheta=-0.0727597996592522
