[%General]
Highest=178
CenterX=40.3401550049801
CenterY=143.517430278884
XWidth=64

[LeftLeg]
ThighAlpha=-0.0981747731566429
ThighTheta=0.431968986988068
LowerLegAlpha=0.0785398185253143
LowerLegTheta=0.196349546313286

[RightLeg]
ThighAlpha=0.0981747731566429
ThighTheta=-0.274889349937439
LowerLegAlpha=0.0392699092626572
LowerLegTheta=-0.117809727787971
