[%General]
Highest=174
CenterX=41.509165927479
CenterY=89.8662204660914
XWidth=61

[LeftLeg]
ThighAlpha=-0.0464098900556564
ThighTheta=-0.484838873147964
LowerLegAlpha=-0.0142799615859985
LowerLegTheta=-0.507958829402924

[RightLeg]
ThighAlpha=0.121379725635052
ThighTheta=0.544678807258606
LowerLegAlpha=0.046409897506237
LowerLegTheta=0.252279460430145
