[%General]
Highest=175
CenterX=41.2648070518563
CenterY=104.489875607771
XWidth=62

[LeftLeg]
ThighAlpha=-0.00713998079299927
ThighTheta=-0.312119245529175
LowerLegAlpha=-0.0142799615859985
LowerLegTheta=-0.80715811252594

[RightLeg]
ThighAlpha=0.121379725635052
ThighTheta=0.365159213542938
LowerLegAlpha=0.0678298473358154
LowerLegTheta=0.070039875805378
