[%General]
Highest=161
CenterX=38.021792396471
CenterY=289.765002294392
XWidth=53

[LeftLeg]
ThighAlpha=-0.0392699092626572
ThighTheta=0.0496399253606796
LowerLegAlpha=-0.13922968506813
LowerLegTheta=-0.0197199191898108

[RightLeg]
ThighAlpha=0.13922968506813
ThighTheta=0.00340002961456776
LowerLegAlpha=-0.0107099711894989
LowerLegTheta=0.0333199612796307
