[%General]
Highest=176
CenterX=37.0980351602896
CenterY=207.047556015167
XWidth=59

[LeftLeg]
ThighAlpha=0.046409897506237
ThighTheta=-0.00339995324611664
LowerLegAlpha=-0.157079637050629
LowerLegTheta=0.070039875805378

[RightLeg]
ThighAlpha=0.046409897506237
ThighTheta=-0.169319570064545
LowerLegAlpha=-0.103529758751392
LowerLegTheta=-0.00339995324611664
