[%General]
Highest=177
CenterX=39.9239137957285
CenterY=123.581408224563
XWidth=61

[LeftLeg]
ThighAlpha=-0.0589048638939857
ThighTheta=0.0785398185253143
LowerLegAlpha=0.0196349546313286
LowerLegTheta=-0.549778699874878

[RightLeg]
ThighAlpha=0
ThighTheta=0.0785398185253143
LowerLegAlpha=0.0981747731566429
LowerLegTheta=-0.0785398185253143
