[%General]
Highest=174
CenterX=39.1499778217167
CenterY=166.145669972108
XWidth=62

[LeftLeg]
ThighAlpha=-0.0785398185253143
ThighTheta=0.544678807258606
LowerLegAlpha=-0.103529758751392
LowerLegTheta=0.34883925318718

[RightLeg]
ThighAlpha=0.13922968506813
ThighTheta=-0.544678747653961
LowerLegAlpha=-0.00713998079299927
LowerLegTheta=-0.222359463572502
