[%General]
Highest=173
CenterX=38.9946448283063
CenterY=170.246755571467
XWidth=62

[LeftLeg]
ThighAlpha=-0.0392699092626572
ThighTheta=0.549778699874878
LowerLegAlpha=-0.0981747731566429
LowerLegTheta=0.314159274101257

[RightLeg]
ThighAlpha=0.0981747731566429
ThighTheta=-0.471238911151886
LowerLegAlpha=0.0589048638939857
LowerLegTheta=-0.392699092626572
