[%General]
Highest=173
CenterX=39.2737438541792
CenterY=162.043680297398
XWidth=63

[LeftLeg]
ThighAlpha=-0.0589048638939857
ThighTheta=0.549778699874878
LowerLegAlpha=-0.0785398185253143
LowerLegTheta=0.392699092626572

[RightLeg]
ThighAlpha=0.0785398185253143
ThighTheta=-0.549778699874878
LowerLegAlpha=0.0589048638939857
LowerLegTheta=-0.235619455575943
