[%General]
Highest=174
CenterX=41.7004691795214
CenterY=85.4095089805508
XWidth=60

[LeftLeg]
ThighAlpha=-0.0589048638939857
ThighTheta=-0.471238911151886
LowerLegAlpha=-0.0196349546313286
LowerLegTheta=-0.510508835315704

[RightLeg]
ThighAlpha=0.0589048638939857
ThighTheta=0.589048624038696
LowerLegAlpha=0.0981747731566429
LowerLegTheta=0.274889349937439
