[%General]
Highest=164
CenterX=39.0696692012738
CenterY=278.700981347891
XWidth=53

[LeftLeg]
ThighAlpha=0.0142799690365791
ThighTheta=-0.109479710459709
LowerLegAlpha=-0.0321299210190773
LowerLegTheta=-0.67115843296051

[RightLeg]
ThighAlpha=0.0499798879027367
ThighTheta=0.288999378681183
LowerLegAlpha=0.0606898665428162
LowerLegTheta=-0.0265199020504951
