[%General]
Highest=179
CenterX=39.9736622468012
CenterY=135.726882797361
XWidth=61

[LeftLeg]
ThighAlpha=0.0196349546313286
ThighTheta=0.274889349937439
LowerLegAlpha=-0.0785398185253143
LowerLegTheta=-0.117809727787971

[RightLeg]
ThighAlpha=0.0981747731566429
ThighTheta=-0.117809727787971
LowerLegAlpha=0.0392699092626572
LowerLegTheta=0
