[%General]
Highest=175
CenterX=37.1827471015917
CenterY=225.492691627492
XWidth=58

[LeftLeg]
ThighAlpha=-0.0981747731566429
ThighTheta=-0.314159274101257
LowerLegAlpha=0
LowerLegTheta=-0.0392699092626572

[RightLeg]
ThighAlpha=-0.0785398185253143
ThighTheta=0.431968986988068
LowerLegAlpha=0.0785398185253143
LowerLegTheta=0.431968986988068
