[%General]
Highest=172
CenterX=37.2926577608242
CenterY=236.309870164386
XWidth=57

[LeftLeg]
ThighAlpha=-0.0785398185253143
ThighTheta=-0.431968986988068
LowerLegAlpha=-0.0196349546313286
LowerLegTheta=-0.117809727787971

[RightLeg]
ThighAlpha=0.0196349546313286
ThighTheta=0.510508835315704
LowerLegAlpha=-0.0196349546313286
LowerLegTheta=0.628318548202515
