[%General]
Highest=174
CenterX=37.5805896051577
CenterY=183.624956007997
XWidth=60

[LeftLeg]
ThighAlpha=-0.117809727787971
ThighTheta=0.484838932752609
LowerLegAlpha=-0.0642598494887352
LowerLegTheta=0.0564399100840092

[RightLeg]
ThighAlpha=0.046409897506237
ThighTheta=-0.282199323177338
LowerLegAlpha=0.00713998824357986
LowerLegTheta=-0.717398345470428
