[%General]
Highest=160
CenterX=37.7326553382964
CenterY=293.059007517697
XWidth=53

[LeftLeg]
ThighAlpha=-0.0981747731566429
ThighTheta=0.314159274101257
LowerLegAlpha=0.0589048638939857
LowerLegTheta=-0.117809727787971

[RightLeg]
ThighAlpha=0.0981747731566429
ThighTheta=-0.0392699092626572
LowerLegAlpha=0.0392699092626572
LowerLegTheta=-0.0785398185253143
