[%General]
Highest=176
CenterX=40.2712231034875
CenterY=150.914561117225
XWidth=64

[LeftLeg]
ThighAlpha=-0.0785398185253143
ThighTheta=0.514758884906769
LowerLegAlpha=-0.0142799615859985
LowerLegTheta=0.408679097890854

[RightLeg]
ThighAlpha=0.13922968506813
ThighTheta=-0.401879042387009
LowerLegAlpha=0.0285599380731583
LowerLegTheta=-0.176119565963745
