[%General]
Highest=157
CenterX=38.0078186535699
CenterY=298.417991011444
XWidth=51

[LeftLeg]
ThighAlpha=-0.0606898590922356
ThighTheta=0.627638638019562
LowerLegAlpha=0.0606898665428162
LowerLegTheta=-0.2522794008255

[RightLeg]
ThighAlpha=0.0142799690365791
ThighTheta=-0.169319570064545
LowerLegAlpha=0.0821098163723946
LowerLegTheta=0.00340002961456776
