[%General]
Highest=176
CenterX=37.3584462363998
CenterY=218.118214698645
XWidth=59

[LeftLeg]
ThighAlpha=-0.082109808921814
ThighTheta=-0.116279698908329
LowerLegAlpha=-0.0856797993183136
LowerLegTheta=-0.199239507317543

[RightLeg]
ThighAlpha=0.0321299284696579
ThighTheta=0.431799054145813
LowerLegAlpha=-0.0606898590922356
LowerLegTheta=-0.0727597996592522
