[%General]
Highest=175
CenterX=40.7413036018181
CenterY=30.5595389000553
XWidth=54

[LeftLeg]
ThighAlpha=0.0107099786400795
ThighTheta=0.365159213542938
LowerLegAlpha=-0.157079637050629
LowerLegTheta=-0.162519589066505

[RightLeg]
ThighAlpha=0.13922968506813
ThighTheta=-0.0265199020504951
LowerLegAlpha=0.13922968506813
LowerLegTheta=0.484838932752609
