[%General]
Highest=179
CenterX=39.9736622468012
CenterY=135.726882797361
XWidth=61

[LeftLeg]
ThighAlpha=0.0142799690365791
ThighTheta=0.252279460430145
LowerLegAlpha=-0.0678298398852348
LowerLegTheta=-0.0727597996592522

[RightLeg]
ThighAlpha=0.0856798067688942
ThighTheta=-0.116279698908329
LowerLegAlpha=0.0642598569393158
LowerLegTheta=-0.00339995324611664
