[%General]
Highest=161
CenterX=38.021792396471
CenterY=289.765002294392
XWidth=53

[LeftLeg]
ThighAlpha=-0.0785398185253143
ThighTheta=0
LowerLegAlpha=0
LowerLegTheta=0

[RightLeg]
ThighAlpha=0
ThighTheta=0.0785398185253143
LowerLegAlpha=0.0785398185253143
LowerLegTheta=-0.157079637050629
