[%General]
Highest=174
CenterX=41.2677937140089
CenterY=94.6083230181368
XWidth=60

[LeftLeg]
ThighAlpha=-0.0285599306225777
ThighTheta=-0.461718916893005
LowerLegAlpha=-0.0107099711894989
LowerLegTheta=-0.567798674106598

[RightLeg]
ThighAlpha=0.0678298473358154
ThighTheta=0.454919010400772
LowerLegAlpha=0.0606898665428162
LowerLegTheta=0.265879422426224
