[%General]
Highest=177
CenterX=37.1928705598699
CenterY=210.950138775968
XWidth=58

[LeftLeg]
ThighAlpha=0.0196349546313286
ThighTheta=-0.0392699092626572
LowerLegAlpha=-0.0981747731566429
LowerLegTheta=-0.117809727787971

[RightLeg]
ThighAlpha=0.0196349546313286
ThighTheta=0.235619455575943
LowerLegAlpha=-0.0589048638939857
LowerLegTheta=0
