[%General]
Highest=171
CenterX=37.6012762689153
CenterY=243.844298460633
XWidth=56

[LeftLeg]
ThighAlpha=-0.0999597683548927
ThighTheta=-0.431798994541168
LowerLegAlpha=0.00356999784708023
LowerLegTheta=-0.335239201784134

[RightLeg]
ThighAlpha=0.0499798879027367
ThighTheta=0.567798733711243
LowerLegAlpha=-0.0107099711894989
LowerLegTheta=0.46171897649765
