[%General]
Highest=178
CenterX=41.1794517133956
CenterY=42.955800623053
XWidth=54

[LeftLeg]
ThighAlpha=-0.117809727787971
ThighTheta=0.0265199784189463
LowerLegAlpha=0.021419957280159
LowerLegTheta=-0.0197199191898108

[RightLeg]
ThighAlpha=0.0678298473358154
ThighTheta=-0.342039197683334
LowerLegAlpha=-0.00713998079299927
LowerLegTheta=0.0428399443626404
