[%General]
Highest=178
CenterX=41.3035000156951
CenterY=47.0642433374141
XWidth=55

[LeftLeg]
ThighAlpha=0.0392699092626572
ThighTheta=0.157079637050629
LowerLegAlpha=-0.0981747731566429
LowerLegTheta=-0.235619455575943

[RightLeg]
ThighAlpha=0.0785398185253143
ThighTheta=-0.235619455575943
LowerLegAlpha=-0.0785398185253143
LowerLegTheta=-0.0785398185253143
