[%General]
Highest=167
CenterX=38.7282355007905
CenterY=266.210371337031
XWidth=52

[LeftLeg]
ThighAlpha=0.0321299284696579
ThighTheta=-0.199239507317543
LowerLegAlpha=-0.0321299210190773
LowerLegTheta=-1.03971755504608

[RightLeg]
ThighAlpha=0.103529766201973
ThighTheta=0.454919010400772
LowerLegAlpha=-0.00356999039649963
LowerLegTheta=0.070039875805378
