[%General]
Highest=177
CenterX=40.9107195895774
CenterY=33.6973876063183
XWidth=54

[LeftLeg]
ThighAlpha=-0.0428398996591568
ThighTheta=0.222359538078308
LowerLegAlpha=-0.103529758751392
LowerLegTheta=-0.0727597996592522

[RightLeg]
ThighAlpha=0.0142799690365791
ThighTheta=-0.0863597691059113
LowerLegAlpha=0.0428399071097374
LowerLegTheta=-0.890117883682251
