[%General]
Highest=178
CenterX=36.684685739473
CenterY=203.108637860026
XWidth=59

[LeftLeg]
ThighAlpha=-0.0785398185253143
ThighTheta=-0.00339995324611664
LowerLegAlpha=-0.13922968506813
LowerLegTheta=0.18291962146759

[RightLeg]
ThighAlpha=-0.00356999039649963
ThighTheta=-0.139399647712708
LowerLegAlpha=0.00713998824357986
LowerLegTheta=-0.0632398128509521
