[%General]
Highest=178
CenterX=40.3401550049801
CenterY=143.517430278884
XWidth=64

[LeftLeg]
ThighAlpha=-0.0392699092626572
ThighTheta=0.454919010400772
LowerLegAlpha=0.021419957280159
LowerLegTheta=0.0401199460029602

[RightLeg]
ThighAlpha=0.121379725635052
ThighTheta=-0.282199323177338
LowerLegAlpha=0.021419957280159
LowerLegTheta=-0.0931597501039505
