[%General]
Highest=176
CenterX=37.5505259960012
CenterY=214.634374492197
XWidth=58

[LeftLeg]
ThighAlpha=-0.0392699092626572
ThighTheta=-0.0863597691059113
LowerLegAlpha=-0.13922968506813
LowerLegTheta=-0.0795597806572914

[RightLeg]
ThighAlpha=0.0499798879027367
ThighTheta=0.371959179639816
LowerLegAlpha=-0.0642598494887352
LowerLegTheta=-0.132599666714668
