[%General]
Highest=178
CenterX=41.5547487276105
CenterY=67.1333359500726
XWidth=59

[LeftLeg]
ThighAlpha=-0.00713998079299927
ThighTheta=-0.288999319076538
LowerLegAlpha=-0.082109808921814
LowerLegTheta=-0.305319279432297

[RightLeg]
ThighAlpha=-0.00356999039649963
ThighTheta=0.342039257287979
LowerLegAlpha=-0.0107099711894989
LowerLegTheta=0.288999378681183
