[%General]
Highest=155
CenterX=38.2903043827099
CenterY=300.96334369672
XWidth=49

[LeftLeg]
ThighAlpha=0
ThighTheta=0.785398185253143
LowerLegAlpha=0.0981747731566429
LowerLegTheta=-0.157079637050629

[RightLeg]
ThighAlpha=0.0392699092626572
ThighTheta=-0.196349546313286
LowerLegAlpha=0.0589048638939857
LowerLegTheta=-0.117809727787971
