[%General]
Highest=177
CenterX=41.5742080270604
CenterY=70.7227346646718
XWidth=60

[LeftLeg]
ThighAlpha=-0.0392699092626572
ThighTheta=-0.314159274101257
LowerLegAlpha=-0.0589048638939857
LowerLegTheta=-0.353429168462753

[RightLeg]
ThighAlpha=0.0392699092626572
ThighTheta=0.431968986988068
LowerLegAlpha=-0.0392699092626572
LowerLegTheta=0.353429168462753
