[%General]
Highest=172
CenterX=39.2068101933216
CenterY=15.4593475395431
XWidth=50

[LeftLeg]
ThighAlpha=-0.0785398185253143
ThighTheta=0.259079456329346
LowerLegAlpha=-0.0856797993183136
LowerLegTheta=0.342039257287979

[RightLeg]
ThighAlpha=0.13922968506813
ThighTheta=0.199239581823349
LowerLegAlpha=0.13922968506813
LowerLegTheta=0.365159213542938
