[%General]
Highest=177
CenterX=41.0134096280632
CenterY=39.2851536260729
XWidth=54

[LeftLeg]
ThighAlpha=-0.0785398185253143
ThighTheta=-0.392699092626572
LowerLegAlpha=-0.0392699092626572
LowerLegTheta=0.667588412761688

[RightLeg]
ThighAlpha=0.0981747731566429
ThighTheta=-0.353429168462753
LowerLegAlpha=-0.0981747731566429
LowerLegTheta=-0.314159274101257
