[%General]
Highest=166
CenterX=38.993719024486
CenterY=270.594909792761
XWidth=53

[LeftLeg]
ThighAlpha=0.0589048638939857
ThighTheta=-0.196349546313286
LowerLegAlpha=-0.0981747731566429
LowerLegTheta=-0.785398185253143

[RightLeg]
ThighAlpha=0.0589048638939857
ThighTheta=0.353429168462753
LowerLegAlpha=0.0589048638939857
LowerLegTheta=0.117809727787971
