[%General]
Highest=180
CenterX=41.2772632001707
CenterY=55.2075755864302
XWidth=57

[LeftLeg]
ThighAlpha=-0.0392699092626572
ThighTheta=-0.0931597501039505
LowerLegAlpha=-0.103529758751392
LowerLegTheta=-0.275399327278137

[RightLeg]
ThighAlpha=0.0856798067688942
ThighTheta=0.342039257287979
LowerLegAlpha=-0.082109808921814
LowerLegTheta=-0.395079076290131
