[%General]
Highest=158
CenterX=37.9122130122321
CenterY=296.026902122067
XWidth=51

[LeftLeg]
ThighAlpha=-0.0981747731566429
ThighTheta=0.471238911151886
LowerLegAlpha=0.0785398185253143
LowerLegTheta=-0.274889349937439

[RightLeg]
ThighAlpha=0.0785398185253143
ThighTheta=-0.0785398185253143
LowerLegAlpha=0
LowerLegTheta=-0.0392699092626572
