[%General]
Highest=155
CenterX=38.2903043827099
CenterY=300.96334369672
XWidth=49

[LeftLeg]
ThighAlpha=0.0196349546313286
ThighTheta=0.785398185253143
LowerLegAlpha=0.0785398185253143
LowerLegTheta=-0.157079637050629

[RightLeg]
ThighAlpha=0.0196349546313286
ThighTheta=-0.235619455575943
LowerLegAlpha=0.0785398185253143
LowerLegTheta=-0.0785398185253143
