[%General]
Highest=175
CenterX=37.1827471015917
CenterY=225.492691627492
XWidth=58

[LeftLeg]
ThighAlpha=-0.0606898590922356
ThighTheta=-0.235959425568581
LowerLegAlpha=-0.0499798804521561
LowerLegTheta=-0.215559482574463

[RightLeg]
ThighAlpha=-0.0392699092626572
ThighTheta=0.365159213542938
LowerLegAlpha=0.0606898665428162
LowerLegTheta=0.551478803157806
