[%General]
Highest=176
CenterX=41.3924223232764
CenterY=108.76307647584
XWidth=62

[LeftLeg]
ThighAlpha=0.0321299284696579
ThighTheta=-0.139399647712708
LowerLegAlpha=-0.0321299210190773
LowerLegTheta=-1.0097975730896

[RightLeg]
ThighAlpha=0.13922968506813
ThighTheta=0.408679097890854
LowerLegAlpha=0.00356999784708023
LowerLegTheta=-0.0999597311019897
