[%General]
Highest=177
CenterX=41.5756123396409
CenterY=73.9685951169755
XWidth=60

[LeftLeg]
ThighAlpha=-0.0785398185253143
ThighTheta=-0.431798994541168
LowerLegAlpha=0.021419957280159
LowerLegTheta=-0.275399327278137

[RightLeg]
ThighAlpha=0.0321299284696579
ThighTheta=0.431799054145813
LowerLegAlpha=-0.0142799615859985
LowerLegTheta=0.484838932752609
