[%General]
Highest=168
CenterX=38.5481420215215
CenterY=261.617677654803
XWidth=53

[LeftLeg]
ThighAlpha=-0.00356999039649963
ThighTheta=-0.282199323177338
LowerLegAlpha=0.00356999784708023
LowerLegTheta=-0.837078034877777

[RightLeg]
ThighAlpha=0.0678298473358154
ThighTheta=0.431799054145813
LowerLegAlpha=0.046409897506237
LowerLegTheta=0.215559557080269
