[%General]
Highest=177
CenterX=36.5235170364268
CenterY=195.217824986759
XWidth=59

[LeftLeg]
ThighAlpha=-0.0981747731566429
ThighTheta=0.274889349937439
LowerLegAlpha=-0.0785398185253143
LowerLegTheta=-0.0392699092626572

[RightLeg]
ThighAlpha=0
ThighTheta=-0.353429168462753
LowerLegAlpha=0
LowerLegTheta=-0.235619455575943
