[%General]
Highest=172
CenterX=37.2926577608242
CenterY=236.309870164386
XWidth=57

[LeftLeg]
ThighAlpha=-0.0785398185253143
ThighTheta=-0.424998998641968
LowerLegAlpha=-0.0142799615859985
LowerLegTheta=-0.146199628710747

[RightLeg]
ThighAlpha=0.0142799690365791
ThighTheta=0.484838932752609
LowerLegAlpha=-0.0107099711894989
LowerLegTheta=0.664358496665955
