[%General]
Highest=163
CenterX=38.6333939334382
CenterY=282.527745020964
XWidth=54

[LeftLeg]
ThighAlpha=-0.024989940226078
ThighTheta=-0.0863597691059113
LowerLegAlpha=0.0428399071097374
LowerLegTheta=-0.478038877248764

[RightLeg]
ThighAlpha=0.0678298473358154
ThighTheta=0.169319659471512
LowerLegAlpha=0.0606898665428162
LowerLegTheta=0.0265199784189463
