[%General]
Highest=176
CenterX=37.0980351602896
CenterY=207.047556015167
XWidth=59

[LeftLeg]
ThighAlpha=0
ThighTheta=0
LowerLegAlpha=-0.0981747731566429
LowerLegTheta=0.117809727787971

[RightLeg]
ThighAlpha=0.0392699092626572
ThighTheta=-0.196349546313286
LowerLegAlpha=-0.0785398185253143
LowerLegTheta=0.0785398185253143
