[%General]
Highest=173
CenterX=39.2737438541792
CenterY=162.043680297398
XWidth=63

[LeftLeg]
ThighAlpha=-0.0785398185253143
ThighTheta=0.544678807258606
LowerLegAlpha=-0.103529758751392
LowerLegTheta=0.431799054145813

[RightLeg]
ThighAlpha=0.0678298473358154
ThighTheta=-0.52155876159668
LowerLegAlpha=0.0821098163723946
LowerLegTheta=-0.275399327278137
