[%General]
Highest=177
CenterX=41.0134096280632
CenterY=39.2851536260729
XWidth=54

[LeftLeg]
ThighAlpha=0.0142799690365791
ThighTheta=0.206039562821388
LowerLegAlpha=-0.157079637050629
LowerLegTheta=-0.212839469313622

[RightLeg]
ThighAlpha=0.13922968506813
ThighTheta=-0.401879042387009
LowerLegAlpha=-0.157079637050629
LowerLegTheta=-0.222359463572502
