[%General]
Highest=174
CenterX=41.7004691795214
CenterY=85.4095089805508
XWidth=60

[LeftLeg]
ThighAlpha=-0.0589048638939857
ThighTheta=-0.471238911151886
LowerLegAlpha=-0.0196349546313286
LowerLegTheta=-0.471238911151886

[RightLeg]
ThighAlpha=0.0785398185253143
ThighTheta=0.628318548202515
LowerLegAlpha=0.0785398185253143
LowerLegTheta=0.235619455575943
