[%General]
Highest=177
CenterX=39.9239137957285
CenterY=123.581408224563
XWidth=61

[LeftLeg]
ThighAlpha=-0.0981747731566429
ThighTheta=0.0785398185253143
LowerLegAlpha=0.0981747731566429
LowerLegTheta=-0.589048624038696

[RightLeg]
ThighAlpha=0.0392699092626572
ThighTheta=0.0392699092626572
LowerLegAlpha=0.0981747731566429
LowerLegTheta=0
