[%General]
Highest=177
CenterX=36.4677713996895
CenterY=199.07804613885
XWidth=60

[LeftLeg]
ThighAlpha=-0.0981747731566429
ThighTheta=0.196349546313286
LowerLegAlpha=-0.0981747731566429
LowerLegTheta=0.0392699092626572

[RightLeg]
ThighAlpha=-0.0196349546313286
ThighTheta=-0.274889349937439
LowerLegAlpha=0
LowerLegTheta=-0.157079637050629
