[%General]
Highest=175
CenterX=41.6092498301642
CenterY=77.5267802492719
XWidth=61

[LeftLeg]
ThighAlpha=-0.00713998079299927
ThighTheta=-0.401879042387009
LowerLegAlpha=-0.0856797993183136
LowerLegTheta=-0.418199002742767

[RightLeg]
ThighAlpha=0.0142799690365791
ThighTheta=0.544678807258606
LowerLegAlpha=0.0606898665428162
LowerLegTheta=0.431799054145813
