[%General]
Highest=179
CenterX=41.2034363121508
CenterY=59.3197211663563
XWidth=57

[LeftLeg]
ThighAlpha=-0.00713998079299927
ThighTheta=-0.152999609708786
LowerLegAlpha=-0.13922968506813
LowerLegTheta=-0.275399327278137

[RightLeg]
ThighAlpha=0.0856798067688942
ThighTheta=0.401879131793976
LowerLegAlpha=-0.0392699092626572
LowerLegTheta=-0.454918920993805
