[%General]
Highest=174
CenterX=38.0419343622923
CenterY=179.013801756587
XWidth=61

[LeftLeg]
ThighAlpha=-0.0981747731566429
ThighTheta=0.549778699874878
LowerLegAlpha=-0.0785398185253143
LowerLegTheta=0.0785398185253143

[RightLeg]
ThighAlpha=0.0392699092626572
ThighTheta=-0.353429168462753
LowerLegAlpha=0.0785398185253143
LowerLegTheta=-0.628318548202515
