[%General]
Highest=158
CenterX=36.9350840020688
CenterY=274.996713325214
XWidth=51

[LeftLeg]
ThighAlpha=-0.0981747731566429
ThighTheta=0.314159274101257
LowerLegAlpha=-0.0785398185253143
LowerLegTheta=0.314159274101257

[RightLeg]
ThighAlpha=0.0981747731566429
ThighTheta=0.235619455575943
LowerLegAlpha=0.0981747731566429
LowerLegTheta=0.392699092626572
