[%General]
Highest=163
CenterX=35.7253180661578
CenterY=119.024978795589
XWidth=61

[LeftLeg]
ThighAlpha=-0.0981747731566429
ThighTheta=0.392699092626572
LowerLegAlpha=-0.0785398185253143
LowerLegTheta=0.117809727787971

[RightLeg]
ThighAlpha=0.0981747731566429
ThighTheta=-0.314159274101257
LowerLegAlpha=0.0392699092626572
LowerLegTheta=-0.785398185253143
