[%General]
Highest=165
CenterX=39.675327995694
CenterY=83.915750521429
XWidth=59

[LeftLeg]
ThighAlpha=-0.0196349546313286
ThighTheta=0.431968986988068
LowerLegAlpha=-0.0196349546313286
LowerLegTheta=0.0785398185253143

[RightLeg]
ThighAlpha=0.0981747731566429
ThighTheta=-0.353429168462753
LowerLegAlpha=0.0981747731566429
LowerLegTheta=-0.274889349937439
