[%General]
Highest=161
CenterX=37.531225840912
CenterY=170.371041423612
XWidth=62

[LeftLeg]
ThighAlpha=-0.0785398185253143
ThighTheta=-0.471238911151886
LowerLegAlpha=0
LowerLegTheta=-0.196349546313286

[RightLeg]
ThighAlpha=0.0589048638939857
ThighTheta=0.510508835315704
LowerLegAlpha=0
LowerLegTheta=0.510508835315704
