[%General]
Highest=160
CenterX=39.1527210436158
CenterY=240.443800237185
XWidth=59

[LeftLeg]
ThighAlpha=-0.0785398185253143
ThighTheta=0.431968986988068
LowerLegAlpha=-0.0589048638939857
LowerLegTheta=0.510508835315704

[RightLeg]
ThighAlpha=0.0981747731566429
ThighTheta=-0.392699092626572
LowerLegAlpha=0.0981747731566429
LowerLegTheta=-0.235619455575943
