[%General]
Highest=162
CenterX=38.2268054026393
CenterY=190.356692046459
XWidth=61

[LeftLeg]
ThighAlpha=-0.0589048638939857
ThighTheta=-0.314159274101257
LowerLegAlpha=0.0589048638939857
LowerLegTheta=-0.785398185253143

[RightLeg]
ThighAlpha=0.0981747731566429
ThighTheta=0.431968986988068
LowerLegAlpha=0.0589048638939857
LowerLegTheta=0.196349546313286
