[%General]
Highest=165
CenterX=35.6441519892172
CenterY=127.844330693159
XWidth=58

[LeftLeg]
ThighAlpha=-0.0981747731566429
ThighTheta=0.235619455575943
LowerLegAlpha=-0.0589048638939857
LowerLegTheta=0.0392699092626572

[RightLeg]
ThighAlpha=0.0589048638939857
ThighTheta=-0.117809727787971
LowerLegAlpha=0
LowerLegTheta=-0.785398185253143
