[%General]
Highest=158
CenterX=35.2982516186076
CenterY=283.906220586977
XWidth=46

[LeftLeg]
ThighAlpha=-0.0785398185253143
ThighTheta=0.0392699092626572
LowerLegAlpha=-0.0785398185253143
LowerLegTheta=0.392699092626572

[RightLeg]
ThighAlpha=0.0981747731566429
ThighTheta=0.117809727787971
LowerLegAlpha=0.0981747731566429
LowerLegTheta=0.235619455575943
