[%General]
Highest=161
CenterX=37.9375206897048
CenterY=180.692655334705
XWidth=62

[LeftLeg]
ThighAlpha=-0.0981747731566429
ThighTheta=-0.471238911151886
LowerLegAlpha=0.0589048638939857
LowerLegTheta=-0.392699092626572

[RightLeg]
ThighAlpha=0.0981747731566429
ThighTheta=0.471238911151886
LowerLegAlpha=0.0392699092626572
LowerLegTheta=0.392699092626572
