[%General]
Highest=162
CenterX=37.422935830809
CenterY=16.9111524886752
XWidth=51

[LeftLeg]
ThighAlpha=0.0196349546313286
ThighTheta=-0.431968986988068
LowerLegAlpha=-0.0785398185253143
LowerLegTheta=0

[RightLeg]
ThighAlpha=0.0392699092626572
ThighTheta=0.196349546313286
LowerLegAlpha=-0.0196349546313286
LowerLegTheta=0.392699092626572
