[%General]
Highest=161
CenterX=32.6131026828968
CenterY=270.027234132507
XWidth=52

[LeftLeg]
ThighAlpha=-0.0785398185253143
ThighTheta=0.371959179639816
LowerLegAlpha=0.00356999784708023
LowerLegTheta=-0.342039197683334

[RightLeg]
ThighAlpha=0.121379725635052
ThighTheta=-0.0564398318529129
LowerLegAlpha=0.0999597758054733
LowerLegTheta=-0.0931597501039505
