[%General]
Highest=165
CenterX=45.8707977357697
CenterY=114.720860047146
XWidth=56

[LeftLeg]
ThighAlpha=0.0285599380731583
ThighTheta=0.259079456329346
LowerLegAlpha=-0.0999597683548927
LowerLegTheta=-0.754118263721466

[RightLeg]
ThighAlpha=0.0856798067688942
ThighTheta=0.0265199784189463
LowerLegAlpha=0.121379725635052
LowerLegTheta=-0.169319570064545
