[%General]
Highest=163
CenterX=42.0201299770703
CenterY=135.872771957384
XWidth=62

[LeftLeg]
ThighAlpha=-0.0392699092626572
ThighTheta=0.484838932752609
LowerLegAlpha=0.00356999784708023
LowerLegTheta=0.222359538078308

[RightLeg]
ThighAlpha=0.103529766201973
ThighTheta=-0.408679038286209
LowerLegAlpha=-0.0499798804521561
LowerLegTheta=-0.2522794008255
