[%General]
Highest=161
CenterX=33.2845207220066
CenterY=222.592835633844
XWidth=59

[LeftLeg]
ThighAlpha=-0.0392699092626572
ThighTheta=-0.537878751754761
LowerLegAlpha=-0.0499798804521561
LowerLegTheta=-0.182919546961784

[RightLeg]
ThighAlpha=0.0856798067688942
ThighTheta=0.454919010400772
LowerLegAlpha=0.0249899476766586
LowerLegTheta=0.521558880805969
