[%General]
Highest=162
CenterX=41.7742359090558
CenterY=139.57479980431
XWidth=61

[LeftLeg]
ThighAlpha=-0.0464098900556564
ThighTheta=0.484838932752609
LowerLegAlpha=0.00356999784708023
LowerLegTheta=0.408679097890854

[RightLeg]
ThighAlpha=0.103529766201973
ThighTheta=-0.454918920993805
LowerLegAlpha=-0.0499798804521561
LowerLegTheta=-0.24275940656662
