[%General]
Highest=163
CenterX=48.5541882268559
CenterY=48.7405297402531
XWidth=56

[LeftLeg]
ThighAlpha=-0.082109808921814
ThighTheta=-0.176119565963745
LowerLegAlpha=-0.157079637050629
LowerLegTheta=-0.0795597806572914

[RightLeg]
ThighAlpha=-0.00356999039649963
ThighTheta=0.365159213542938
LowerLegAlpha=0.0821098163723946
LowerLegTheta=-0.358359158039093
