[%General]
Highest=163
CenterX=34.9438667593592
CenterY=173.122797935125
XWidth=61

[LeftLeg]
ThighAlpha=-0.0999597683548927
ThighTheta=0.31891930103302
LowerLegAlpha=-0.0107099711894989
LowerLegTheta=0.0863598436117172

[RightLeg]
ThighAlpha=-0.024989940226078
ThighTheta=-0.162519589066505
LowerLegAlpha=0.00356999784708023
LowerLegTheta=-0.926837861537933
