[%General]
Highest=161
CenterX=31.8373894924238
CenterY=252.217029799114
XWidth=50

[LeftLeg]
ThighAlpha=0.0285599380731583
ThighTheta=0.00340002961456776
LowerLegAlpha=-0.13922968506813
LowerLegTheta=-1.09955739974976

[RightLeg]
ThighAlpha=0.13922968506813
ThighTheta=0.484838932752609
LowerLegAlpha=-0.0392699092626572
LowerLegTheta=-0.365159124135971
