[%General]
Highest=163
CenterX=34.2101925328477
CenterY=177.140757122414
XWidth=58

[LeftLeg]
ThighAlpha=-0.0785398185253143
ThighTheta=0.199239581823349
LowerLegAlpha=-0.0107099711894989
LowerLegTheta=0.116279773414135

[RightLeg]
ThighAlpha=-0.0285599306225777
ThighTheta=0.0333199612796307
LowerLegAlpha=0.00356999784708023
LowerLegTheta=-1.09955739974976
