[%General]
Highest=160
CenterX=32.8146915554233
CenterY=242.356393857138
XWidth=58

[LeftLeg]
ThighAlpha=-0.024989940226078
ThighTheta=-0.222359463572502
LowerLegAlpha=0.00356999784708023
LowerLegTheta=-0.956757783889771

[RightLeg]
ThighAlpha=0.13922968506813
ThighTheta=0.312119334936142
LowerLegAlpha=0.0321299284696579
LowerLegTheta=0.206039562821388
