[%General]
Highest=165
CenterX=46.3244631122553
CenterY=109.676200799404
XWidth=57

[LeftLeg]
ThighAlpha=-0.024989940226078
ThighTheta=0.259079456329346
LowerLegAlpha=-0.0142799615859985
LowerLegTheta=-1.09955739974976

[RightLeg]
ThighAlpha=0.0856798067688942
ThighTheta=0.146199703216553
LowerLegAlpha=0.0821098163723946
LowerLegTheta=-0.146199628710747
