[%General]
Highest=163
CenterX=48.1616463454534
CenterY=53.6743407420333
XWidth=56

[LeftLeg]
ThighAlpha=-0.0999597683548927
ThighTheta=-0.282199323177338
LowerLegAlpha=-0.121379718184471
LowerLegTheta=-0.0999597311019897

[RightLeg]
ThighAlpha=-0.00356999039649963
ThighTheta=0.454919010400772
LowerLegAlpha=-0.0142799615859985
LowerLegTheta=-0.275399327278137
