[%General]
Highest=162
CenterX=32.4636407039726
CenterY=261.557448840157
XWidth=53

[LeftLeg]
ThighAlpha=-0.0999597683548927
ThighTheta=0.18291962146759
LowerLegAlpha=-0.157079637050629
LowerLegTheta=-0.192439526319504

[RightLeg]
ThighAlpha=0.103529766201973
ThighTheta=0.0863598436117172
LowerLegAlpha=0.0821098163723946
LowerLegTheta=-0.0564398318529129
