[%General]
Highest=159
CenterX=33.6232385747753
CenterY=231.54501905661
XWidth=60

[LeftLeg]
ThighAlpha=-0.0606898590922356
ThighTheta=-0.461718916893005
LowerLegAlpha=-0.0142799615859985
LowerLegTheta=-0.454918920993805

[RightLeg]
ThighAlpha=0.121379725635052
ThighTheta=0.424999058246613
LowerLegAlpha=0.0606898665428162
LowerLegTheta=0.378759175539017
