[%General]
Highest=165
CenterX=34.3466964089352
CenterY=197.43105344183
XWidth=61

[LeftLeg]
ThighAlpha=-0.0606898590922356
ThighTheta=-0.206039488315582
LowerLegAlpha=-0.103529758751392
LowerLegTheta=-0.0795597806572914

[RightLeg]
ThighAlpha=0.0856798067688942
ThighTheta=0.46171897649765
LowerLegAlpha=-0.0785398185253143
LowerLegTheta=-0.312119245529175
