[%General]
Highest=160
CenterX=33.6466184515845
CenterY=227.1079927508
XWidth=60

[LeftLeg]
ThighAlpha=-0.0606898590922356
ThighTheta=-0.484838873147964
LowerLegAlpha=-0.0142799615859985
LowerLegTheta=-0.348839163780212

[RightLeg]
ThighAlpha=0.121379725635052
ThighTheta=0.454919010400772
LowerLegAlpha=0.0428399071097374
LowerLegTheta=0.401879131793976
