[%General]
Highest=157
CenterX=32.39245226482
CenterY=284.827920294318
XWidth=47

[LeftLeg]
ThighAlpha=-0.0392699092626572
ThighTheta=0.544678807258606
LowerLegAlpha=0.021419957280159
LowerLegTheta=0.371959179639816

[RightLeg]
ThighAlpha=0.0678298473358154
ThighTheta=-0.371959120035172
LowerLegAlpha=0.0999597758054733
LowerLegTheta=-0.199239507317543
