[%General]
Highest=162
CenterX=48.1042950773951
CenterY=78.897838516246
XWidth=56

[LeftLeg]
ThighAlpha=-0.0285599306225777
ThighTheta=-0.461718916893005
LowerLegAlpha=-0.0999597683548927
LowerLegTheta=-0.484838873147964

[RightLeg]
ThighAlpha=0.103529766201973
ThighTheta=0.484838932752609
LowerLegAlpha=0.0249899476766586
LowerLegTheta=0.282199382781982
