[%General]
Highest=165
CenterX=49.8564716303521
CenterY=39.0777192593948
XWidth=55

[LeftLeg]
ThighAlpha=-0.0642598494887352
ThighTheta=0.0265199784189463
LowerLegAlpha=-0.157079637050629
LowerLegTheta=-0.146199628710747

[RightLeg]
ThighAlpha=0.103529766201973
ThighTheta=0.199239581823349
LowerLegAlpha=0.0499798879027367
LowerLegTheta=-0.537878751754761
