[%General]
Highest=160
CenterX=48.049048516122
CenterY=74.4117727359598
XWidth=56

[LeftLeg]
ThighAlpha=-0.0464098900556564
ThighTheta=-0.431798994541168
LowerLegAlpha=-0.103529758751392
LowerLegTheta=-0.507958829402924

[RightLeg]
ThighAlpha=0.103529766201973
ThighTheta=0.484838932752609
LowerLegAlpha=-0.0142799615859985
LowerLegTheta=0.34883925318718
