[%General]
Highest=160
CenterX=48.0384826110778
CenterY=65.4070155756738
XWidth=56

[LeftLeg]
ThighAlpha=-0.0678298398852348
ThighTheta=-0.431798994541168
LowerLegAlpha=-0.13922968506813
LowerLegTheta=-0.275399327278137

[RightLeg]
ThighAlpha=0.0678298473358154
ThighTheta=0.424999058246613
LowerLegAlpha=-0.103529758751392
LowerLegTheta=0.408679097890854
