[%General]
Highest=161
CenterX=40.9786004563436
CenterY=143.882039234747
XWidth=62

[LeftLeg]
ThighAlpha=-0.0392699092626572
ThighTheta=0.454919010400772
LowerLegAlpha=-0.0321299210190773
LowerLegTheta=0.544678807258606

[RightLeg]
ThighAlpha=0.103529766201973
ThighTheta=-0.491638839244843
LowerLegAlpha=-0.0321299210190773
LowerLegTheta=-0.312119245529175
