[%General]
Highest=160
CenterX=32.7424712096285
CenterY=218.590163650533
XWidth=58

[LeftLeg]
ThighAlpha=-0.082109808921814
ThighTheta=-0.491638839244843
LowerLegAlpha=-0.0321299210190773
LowerLegTheta=-0.215559482574463

[RightLeg]
ThighAlpha=0.0678298473358154
ThighTheta=0.454919010400772
LowerLegAlpha=0.00713998824357986
LowerLegTheta=0.551478803157806
