[%General]
Highest=163
CenterX=47.6097461803844
CenterY=89.0252094627895
XWidth=56

[LeftLeg]
ThighAlpha=-0.0392699092626572
ThighTheta=-0.342039197683334
LowerLegAlpha=-0.0142799615859985
LowerLegTheta=-0.717398345470428

[RightLeg]
ThighAlpha=0.103529766201973
ThighTheta=0.46171897649765
LowerLegAlpha=0.0499798879027367
LowerLegTheta=0.0564399100840092
