[%General]
Highest=159
CenterX=33.4940429550158
CenterY=236.993068531131
XWidth=59

[LeftLeg]
ThighAlpha=-0.0428398996591568
ThighTheta=-0.401879042387009
LowerLegAlpha=0.00356999784708023
LowerLegTheta=-0.627638518810272

[RightLeg]
ThighAlpha=0.13922968506813
ThighTheta=0.371959179639816
LowerLegAlpha=0.0428399071097374
LowerLegTheta=0.288999378681183
