[%General]
Highest=165
CenterX=44.6066472917913
CenterY=124.286577200331
XWidth=57

[LeftLeg]
ThighAlpha=0.0856798067688942
ThighTheta=0.46171897649765
LowerLegAlpha=-0.0678298398852348
LowerLegTheta=-0.371959120035172

[RightLeg]
ThighAlpha=0.0321299284696579
ThighTheta=-0.176119565963745
LowerLegAlpha=0.0642598569393158
LowerLegTheta=-0.199239507317543
