[%General]
Highest=146
CenterX=46.5301262088182
CenterY=293.377282412719
XWidth=45

[LeftLeg]
ThighAlpha=-0.157079637050629
ThighTheta=-0.0564398318529129
LowerLegAlpha=-0.157079637050629
LowerLegTheta=0.109479792416096

[RightLeg]
ThighAlpha=0.0856798067688942
ThighTheta=0.282199382781982
LowerLegAlpha=-0.0107099711894989
LowerLegTheta=-0.275399327278137
