[%General]
Highest=166
CenterX=43.4123530988558
CenterY=141.186735514454
XWidth=58

[LeftLeg]
ThighAlpha=-0.0785398185253143
ThighTheta=-0.00339995324611664
LowerLegAlpha=-0.13922968506813
LowerLegTheta=-0.0197199191898108

[RightLeg]
ThighAlpha=0.13922968506813
ThighTheta=0.222359538078308
LowerLegAlpha=0.021419957280159
LowerLegTheta=-0.418199002742767
