[%General]
Highest=164
CenterX=42.9224857505605
CenterY=150.110780950323
XWidth=58

[LeftLeg]
ThighAlpha=-0.082109808921814
ThighTheta=-0.235959425568581
LowerLegAlpha=-0.0856797993183136
LowerLegTheta=-0.0727597996592522

[RightLeg]
ThighAlpha=0.0142799690365791
ThighTheta=0.342039257287979
LowerLegAlpha=0.00356999784708023
LowerLegTheta=-0.222359463572502
