[%General]
Highest=165
CenterX=43.5629548615331
CenterY=136.540594915002
XWidth=57

[LeftLeg]
ThighAlpha=-0.0785398185253143
ThighTheta=0.0564399100840092
LowerLegAlpha=-0.0856797993183136
LowerLegTheta=0.00340002961456776

[RightLeg]
ThighAlpha=0.13922968506813
ThighTheta=0.31891930103302
LowerLegAlpha=-0.00713998079299927
LowerLegTheta=-0.956757783889771
