[%General]
Highest=161
CenterX=45.6458948123225
CenterY=170.77104994622
XWidth=61

[LeftLeg]
ThighAlpha=-0.0428398996591568
ThighTheta=-0.424998998641968
LowerLegAlpha=0.00356999784708023
LowerLegTheta=-0.295799285173416

[RightLeg]
ThighAlpha=0.0856798067688942
ThighTheta=0.484838932752609
LowerLegAlpha=0.00356999784708023
LowerLegTheta=0.514758884906769
