[%General]
Highest=162
CenterX=43.8652420701169
CenterY=162.846838063439
XWidth=59

[LeftLeg]
ThighAlpha=-0.0999597683548927
ThighTheta=-0.408679038286209
LowerLegAlpha=-0.0107099711894989
LowerLegTheta=-0.215559482574463

[RightLeg]
ThighAlpha=-0.00356999039649963
ThighTheta=0.454919010400772
LowerLegAlpha=0.021419957280159
LowerLegTheta=0.438599050045013
