[%General]
Highest=160
CenterX=43.763412424756
CenterY=13.9053094500614
XWidth=50

[LeftLeg]
ThighAlpha=0.0285599380731583
ThighTheta=-0.395079076290131
LowerLegAlpha=0.0428399071097374
LowerLegTheta=0.079559862613678

[RightLeg]
ThighAlpha=0.0678298473358154
ThighTheta=0.229159519076347
LowerLegAlpha=-0.082109808921814
LowerLegTheta=0.152999684214592
