[%General]
Highest=165
CenterX=44.929504588573
CenterY=78.0083147773931
XWidth=57

[LeftLeg]
ThighAlpha=0.0107099786400795
ThighTheta=0.342039257287979
LowerLegAlpha=0.0249899476766586
LowerLegTheta=-0.305319279432297

[RightLeg]
ThighAlpha=0.13922968506813
ThighTheta=-0.259079366922379
LowerLegAlpha=0.0999597758054733
LowerLegTheta=-0.265879362821579
