[%General]
Highest=166
CenterX=43.4347752903552
CenterY=132.876479829434
XWidth=59

[LeftLeg]
ThighAlpha=-0.0999597683548927
ThighTheta=0.18291962146759
LowerLegAlpha=-0.0499798804521561
LowerLegTheta=-0.070039801299572

[RightLeg]
ThighAlpha=0.0856798067688942
ThighTheta=0.146199703216553
LowerLegAlpha=0.0606898665428162
LowerLegTheta=-1.0097975730896
