[%General]
Highest=162
CenterX=44.2203726849222
CenterY=93.8756845812976
XWidth=58

[LeftLeg]
ThighAlpha=-0.0785398185253143
ThighTheta=0.424999058246613
LowerLegAlpha=-0.0999597683548927
LowerLegTheta=0.521558880805969

[RightLeg]
ThighAlpha=0.13922968506813
ThighTheta=-0.431798994541168
LowerLegAlpha=0.0606898665428162
LowerLegTheta=-0.395079076290131
