[%General]
Highest=159
CenterX=48.1532323812833
CenterY=241.738442415899
XWidth=52

[LeftLeg]
ThighAlpha=-0.0785398185253143
ThighTheta=0.544678807258606
LowerLegAlpha=-0.13922968506813
LowerLegTheta=0.431799054145813

[RightLeg]
ThighAlpha=0.103529766201973
ThighTheta=-0.461718916893005
LowerLegAlpha=0.121379725635052
LowerLegTheta=-0.229159444570541
