[%General]
Highest=157
CenterX=48.5738936199916
CenterY=254.017813765182
XWidth=52

[LeftLeg]
ThighAlpha=-0.117809727787971
ThighTheta=0.544678807258606
LowerLegAlpha=-0.13922968506813
LowerLegTheta=0.514758884906769

[RightLeg]
ThighAlpha=0.121379725635052
ThighTheta=-0.491638839244843
LowerLegAlpha=0.0999597758054733
LowerLegTheta=-0.418199002742767
