[%General]
Highest=163
CenterX=44.3887681985669
CenterY=90.350036607175
XWidth=57

[LeftLeg]
ThighAlpha=-0.0642598494887352
ThighTheta=0.401879131793976
LowerLegAlpha=-0.0499798804521561
LowerLegTheta=0.408679097890854

[RightLeg]
ThighAlpha=0.13922968506813
ThighTheta=-0.431798994541168
LowerLegAlpha=0.0642598569393158
LowerLegTheta=-0.312119245529175
