[%General]
Highest=161
CenterX=44.0772519225854
CenterY=97.8481680258358
XWidth=58

[LeftLeg]
ThighAlpha=-0.117809727787971
ThighTheta=0.484838932752609
LowerLegAlpha=-0.0499798804521561
LowerLegTheta=0.454919010400772

[RightLeg]
ThighAlpha=0.13922968506813
ThighTheta=-0.431798994541168
LowerLegAlpha=0.0999597758054733
LowerLegTheta=-0.514758765697479
