[%General]
Highest=161
CenterX=44.7402042660387
CenterY=166.406300484653
XWidth=60

[LeftLeg]
ThighAlpha=-0.0606898590922356
ThighTheta=-0.424998998641968
LowerLegAlpha=-0.0142799615859985
LowerLegTheta=-0.24275940656662

[RightLeg]
ThighAlpha=0.0321299284696579
ThighTheta=0.484838932752609
LowerLegAlpha=-0.0107099711894989
LowerLegTheta=0.521558880805969
