[%General]
Highest=151
CenterX=47.0149717385704
CenterY=286.475004167235
XWidth=45

[LeftLeg]
ThighAlpha=-0.157079637050629
ThighTheta=0.139399722218513
LowerLegAlpha=-0.157079637050629
LowerLegTheta=0.146199703216553

[RightLeg]
ThighAlpha=0.13922968506813
ThighTheta=0.229159519076347
LowerLegAlpha=-0.0107099711894989
LowerLegTheta=0.0265199784189463
