[%General]
Highest=161
CenterX=43.4745762711864
CenterY=45.5555268038125
XWidth=55

[LeftLeg]
ThighAlpha=0.0321299284696579
ThighTheta=-0.282199323177338
LowerLegAlpha=0.00356999784708023
LowerLegTheta=-0.956757783889771

[RightLeg]
ThighAlpha=0.13922968506813
ThighTheta=0.31891930103302
LowerLegAlpha=0.0642598569393158
LowerLegTheta=-0.0333198830485344
