[%General]
Highest=161
CenterX=45.9129588471986
CenterY=181.182449412414
XWidth=61

[LeftLeg]
ThighAlpha=-0.0285599306225777
ThighTheta=-0.461718916893005
LowerLegAlpha=-0.0142799615859985
LowerLegTheta=-0.448118954896927

[RightLeg]
ThighAlpha=0.121379725635052
ThighTheta=0.484838932752609
LowerLegAlpha=0.00356999784708023
LowerLegTheta=0.34883925318718
