[%General]
Highest=162
CenterX=47.1511653794119
CenterY=202.332693987293
XWidth=57

[LeftLeg]
ThighAlpha=0.0142799690365791
ThighTheta=-0.0265199020504951
LowerLegAlpha=0.00356999784708023
LowerLegTheta=-1.09955739974976

[RightLeg]
ThighAlpha=0.13922968506813
ThighTheta=0.288999378681183
LowerLegAlpha=0.0428399071097374
LowerLegTheta=0.0265199784189463
