[%General]
Highest=162
CenterX=43.6637295081967
CenterY=58.7477135461605
XWidth=56

[LeftLeg]
ThighAlpha=0.0285599380731583
ThighTheta=0.0333199612796307
LowerLegAlpha=0.00356999784708023
LowerLegTheta=-0.896917939186096

[RightLeg]
ThighAlpha=0.121379725635052
ThighTheta=0.0564399100840092
LowerLegAlpha=0.121379725635052
LowerLegTheta=-0.0863597691059113
