[%General]
Highest=153
CenterX=48.0599214145383
CenterY=277.119413064833
XWidth=49

[LeftLeg]
ThighAlpha=-0.117809727787971
ThighTheta=0.371959179639816
LowerLegAlpha=-0.157079637050629
LowerLegTheta=0.169319659471512

[RightLeg]
ThighAlpha=0.0142799690365791
ThighTheta=-0.0795597806572914
LowerLegAlpha=0.021419957280159
LowerLegTheta=-1.09955739974976
