[%General]
Highest=159
CenterX=43.4585527860713
CenterY=36.0850637950507
XWidth=52

[LeftLeg]
ThighAlpha=0.046409897506237
ThighTheta=-0.491638839244843
LowerLegAlpha=0.00356999784708023
LowerLegTheta=-0.507958829402924

[RightLeg]
ThighAlpha=0.103529766201973
ThighTheta=0.401879131793976
LowerLegAlpha=0.0821098163723946
LowerLegTheta=0.109479792416096
