[%General]
Highest=156
CenterX=48.3528563227696
CenterY=259.017295435477
XWidth=52

[LeftLeg]
ThighAlpha=-0.157079637050629
ThighTheta=0.537878811359406
LowerLegAlpha=-0.117809727787971
LowerLegTheta=0.49163892865181

[RightLeg]
ThighAlpha=0.103529766201973
ThighTheta=-0.454918920993805
LowerLegAlpha=0.0999597758054733
LowerLegTheta=-0.551478683948517
