[%General]
Highest=162
CenterX=47.4096707785576
CenterY=191.101911137767
XWidth=61

[LeftLeg]
ThighAlpha=0.0107099786400795
ThighTheta=-0.192439526319504
LowerLegAlpha=-0.0142799615859985
LowerLegTheta=-0.956757783889771

[RightLeg]
ThighAlpha=0.121379725635052
ThighTheta=0.401879131793976
LowerLegAlpha=0.0606898665428162
LowerLegTheta=0.222359538078308
