[%General]
Highest=158
CenterX=48.2956668379379
CenterY=246.189847568607
XWidth=51

[LeftLeg]
ThighAlpha=-0.0785398185253143
ThighTheta=0.514758884906769
LowerLegAlpha=-0.121379718184471
LowerLegTheta=0.574598729610443

[RightLeg]
ThighAlpha=0.103529766201973
ThighTheta=-0.491638839244843
LowerLegAlpha=0.0999597758054733
LowerLegTheta=-0.312119245529175
