[%General]
Highest=137
CenterX=38.0005020812076
CenterY=280.885476896166
XWidth=48

[LeftLeg]
ThighAlpha=-0.0392699092626572
ThighTheta=0.59771865606308
LowerLegAlpha=0.00356999784708023
LowerLegTheta=0.34883925318718

[RightLeg]
ThighAlpha=0.0142799690365791
ThighTheta=-0.259079366922379
LowerLegAlpha=0.0999597758054733
LowerLegTheta=-0.206039488315582
