[%General]
Highest=143
CenterX=40.9278288892354
CenterY=98.8279276469671
XWidth=57

[LeftLeg]
ThighAlpha=-0.0392699092626572
ThighTheta=-0.461718916893005
LowerLegAlpha=-0.0142799615859985
LowerLegTheta=-0.478038877248764

[RightLeg]
ThighAlpha=0.0678298473358154
ThighTheta=0.544678807258606
LowerLegAlpha=0.021419957280159
LowerLegTheta=0.235959500074387
