[%General]
Highest=146
CenterX=40.9663596553858
CenterY=69.2249036127374
XWidth=52

[LeftLeg]
ThighAlpha=-0.0428398996591568
ThighTheta=-0.146199628710747
LowerLegAlpha=-0.103529758751392
LowerLegTheta=-0.199239507317543

[RightLeg]
ThighAlpha=0.0678298473358154
ThighTheta=0.424999058246613
LowerLegAlpha=-0.0678298398852348
LowerLegTheta=-0.132599666714668
