[%General]
Highest=142
CenterX=37.825102937519
CenterY=174.19413048885
XWidth=55

[LeftLeg]
ThighAlpha=-0.0785398185253143
ThighTheta=0.514758884906769
LowerLegAlpha=-0.0499798804521561
LowerLegTheta=0.0333199612796307

[RightLeg]
ThighAlpha=0.0856798067688942
ThighTheta=-0.342039197683334
LowerLegAlpha=0.0249899476766586
LowerLegTheta=-0.627638518810272
