[%General]
Highest=143
CenterX=38.0764855746058
CenterY=169.775611099635
XWidth=56

[LeftLeg]
ThighAlpha=-0.0392699092626572
ThighTheta=0.567798733711243
LowerLegAlpha=-0.121379718184471
LowerLegTheta=0.123079754412174

[RightLeg]
ThighAlpha=0.0678298473358154
ThighTheta=-0.342039197683334
LowerLegAlpha=0.021419957280159
LowerLegTheta=-0.597718596458435
