[%General]
Highest=144
CenterX=41.3641160625331
CenterY=76.8591407239763
XWidth=52

[LeftLeg]
ThighAlpha=0.0142799690365791
ThighTheta=-0.288999319076538
LowerLegAlpha=-0.0856797993183136
LowerLegTheta=-0.215559482574463

[RightLeg]
ThighAlpha=0.0678298473358154
ThighTheta=0.514758884906769
LowerLegAlpha=-0.0499798804521561
LowerLegTheta=0.169319659471512
