[%General]
Highest=141
CenterX=38.3446062967774
CenterY=252.20118141894
XWidth=49

[LeftLeg]
ThighAlpha=0.00713998824357986
ThighTheta=0.0564399100840092
LowerLegAlpha=-0.082109808921814
LowerLegTheta=-1.06963741779327

[RightLeg]
ThighAlpha=0.0856798067688942
ThighTheta=0.34883925318718
LowerLegAlpha=0.021419957280159
LowerLegTheta=-0.00339995324611664
