[%General]
Highest=146
CenterX=40.7578122059838
CenterY=117.590930188798
XWidth=56

[LeftLeg]
ThighAlpha=-0.0606898590922356
ThighTheta=0.146199703216553
LowerLegAlpha=0.021419957280159
LowerLegTheta=-1.09955739974976

[RightLeg]
ThighAlpha=0.0678298473358154
ThighTheta=0.282199382781982
LowerLegAlpha=0.021419957280159
LowerLegTheta=0.00340002961456776
