[%General]
Highest=146
CenterX=40.9709780318989
CenterY=65.3715919349985
XWidth=51

[LeftLeg]
ThighAlpha=-0.0428398996591568
ThighTheta=-0.0564398318529129
LowerLegAlpha=-0.13922968506813
LowerLegTheta=-0.222359463572502

[RightLeg]
ThighAlpha=0.0856798067688942
ThighTheta=0.342039257287979
LowerLegAlpha=-0.0999597683548927
LowerLegTheta=-0.192439526319504
