[%General]
Highest=143
CenterX=37.1521116046565
CenterY=209.705054539033
XWidth=53

[LeftLeg]
ThighAlpha=-0.0785398185253143
ThighTheta=-0.312119245529175
LowerLegAlpha=-0.0856797993183136
LowerLegTheta=-0.0632398128509521

[RightLeg]
ThighAlpha=-0.0392699092626572
ThighTheta=0.484838932752609
LowerLegAlpha=-0.0107099711894989
LowerLegTheta=0.252279460430145
