[%General]
Highest=142
CenterX=41.9773985516819
CenterY=39.2347212047701
XWidth=50

[LeftLeg]
ThighAlpha=-0.0392699092626572
ThighTheta=0.454919010400772
LowerLegAlpha=-0.103529758751392
LowerLegTheta=0.0632398948073387

[RightLeg]
ThighAlpha=0.0678298473358154
ThighTheta=-0.371959120035172
LowerLegAlpha=0.0428399071097374
LowerLegTheta=-0.657558441162109
