[%General]
Highest=139
CenterX=37.4212200232127
CenterY=240.415597726964
XWidth=50

[LeftLeg]
ThighAlpha=-0.0606898590922356
ThighTheta=-0.401879042387009
LowerLegAlpha=-0.0142799615859985
LowerLegTheta=-0.717398345470428

[RightLeg]
ThighAlpha=0.0142799690365791
ThighTheta=0.46171897649765
LowerLegAlpha=0.0606898665428162
LowerLegTheta=0.282199382781982
