[%General]
Highest=143
CenterX=41.3489184713874
CenterY=83.4413340808637
XWidth=54

[LeftLeg]
ThighAlpha=0.0107099786400795
ThighTheta=-0.371959120035172
LowerLegAlpha=-0.0856797993183136
LowerLegTheta=-0.265879362821579

[RightLeg]
ThighAlpha=0.0321299284696579
ThighTheta=0.544678807258606
LowerLegAlpha=0.021419957280159
LowerLegTheta=0.438599050045013
