[%General]
Highest=142
CenterX=42.2200726410199
CenterY=35.3800929014405
XWidth=50

[LeftLeg]
ThighAlpha=-0.0785398185253143
ThighTheta=0.484838932752609
LowerLegAlpha=-0.0499798804521561
LowerLegTheta=0.152999684214592

[RightLeg]
ThighAlpha=0.0678298473358154
ThighTheta=-0.401879042387009
LowerLegAlpha=0.021419957280159
LowerLegTheta=-0.574598670005798
