[%General]
Highest=143
CenterX=40.9965963064101
CenterY=102.901163467885
XWidth=56

[LeftLeg]
ThighAlpha=-0.0392699092626572
ThighTheta=-0.424998998641968
LowerLegAlpha=0.00356999784708023
LowerLegTheta=-0.574598670005798

[RightLeg]
ThighAlpha=0.0821098163723946
ThighTheta=0.544678807258606
LowerLegAlpha=0.021419957280159
LowerLegTheta=0.109479792416096
