[%General]
Highest=145
CenterX=41.0648415170275
CenterY=110.912074954179
XWidth=56

[LeftLeg]
ThighAlpha=-0.0428398996591568
ThighTheta=-0.199239507317543
LowerLegAlpha=0.021419957280159
LowerLegTheta=-0.830278038978577

[RightLeg]
ThighAlpha=0.0856798067688942
ThighTheta=0.395079135894775
LowerLegAlpha=0.021419957280159
LowerLegTheta=0.0632398948073387
