[%General]
Highest=139
CenterX=37.8310152990264
CenterY=277.967428922599
XWidth=48

[LeftLeg]
ThighAlpha=-0.0785398185253143
ThighTheta=0.544678807258606
LowerLegAlpha=0.00356999784708023
LowerLegTheta=0.288999378681183

[RightLeg]
ThighAlpha=-0.00356999039649963
ThighTheta=-0.229159444570541
LowerLegAlpha=0.0999597758054733
LowerLegTheta=-0.109479710459709
