[%General]
Highest=143
CenterX=37.5717704007261
CenterY=182.550001375175
XWidth=53

[LeftLeg]
ThighAlpha=-0.0785398185253143
ThighTheta=0.371959179639816
LowerLegAlpha=-0.0678298398852348
LowerLegTheta=-0.0863597691059113

[RightLeg]
ThighAlpha=0.0821098163723946
ThighTheta=-0.146199628710747
LowerLegAlpha=-0.0464098900556564
LowerLegTheta=-0.740518271923065
