[%General]
Highest=142
CenterX=38.650152059718
CenterY=165.604893558197
XWidth=56

[LeftLeg]
ThighAlpha=-0.0785398185253143
ThighTheta=0.574598729610443
LowerLegAlpha=-0.103529758751392
LowerLegTheta=0.229159519076347

[RightLeg]
ThighAlpha=0.0856798067688942
ThighTheta=-0.401879042387009
LowerLegAlpha=0.0249899476766586
LowerLegTheta=-0.478038877248764
