[%General]
Highest=143
CenterX=43.0742873864407
CenterY=19.2042537343212
XWidth=48

[LeftLeg]
ThighAlpha=-0.0785398185253143
ThighTheta=0.484838932752609
LowerLegAlpha=0.00356999784708023
LowerLegTheta=0.288999378681183

[RightLeg]
ThighAlpha=0.0142799690365791
ThighTheta=-0.431798994541168
LowerLegAlpha=0.021419957280159
LowerLegTheta=-0.0265199020504951
