[%General]
Highest=142
CenterX=40.8897422613651
CenterY=94.716293226266
XWidth=55

[LeftLeg]
ThighAlpha=-0.0214199498295784
ThighTheta=-0.461718916893005
LowerLegAlpha=-0.0499798804521561
LowerLegTheta=-0.395079076290131

[RightLeg]
ThighAlpha=0.0642598569393158
ThighTheta=0.574598729610443
LowerLegAlpha=0.0107099786400795
LowerLegTheta=0.312119334936142
