[%General]
Highest=144
CenterX=41.5958016168385
CenterY=46.7576541224884
XWidth=51

[LeftLeg]
ThighAlpha=-0.0428398996591568
ThighTheta=0.282199382781982
LowerLegAlpha=-0.0499798804521561
LowerLegTheta=0.0401199460029602

[RightLeg]
ThighAlpha=0.13922968506813
ThighTheta=-0.312119245529175
LowerLegAlpha=-0.0678298398852348
LowerLegTheta=-0.597718596458435
