[%General]
Highest=143
CenterX=37.7456979758425
CenterY=178.427651536043
XWidth=54

[LeftLeg]
ThighAlpha=-0.103529758751392
ThighTheta=0.424999058246613
LowerLegAlpha=-0.0499798804521561
LowerLegTheta=0.0401199460029602

[RightLeg]
ThighAlpha=0.0499798879027367
ThighTheta=-0.116279698908329
LowerLegAlpha=0.00713998824357986
LowerLegTheta=-0.890117883682251
