[%General]
Highest=143
CenterX=38.9777753463627
CenterY=161.638401466143
XWidth=57

[LeftLeg]
ThighAlpha=-0.0392699092626572
ThighTheta=0.60451865196228
LowerLegAlpha=-0.13922968506813
LowerLegTheta=0.222359538078308

[RightLeg]
ThighAlpha=0.103529766201973
ThighTheta=-0.401879042387009
LowerLegAlpha=0.021419957280159
LowerLegTheta=-0.395079076290131
