[%General]
Highest=146
CenterX=39.8248470337856
CenterY=140.240728917265
XWidth=55

[LeftLeg]
ThighAlpha=-0.0785398185253143
ThighTheta=0.484838932752609
LowerLegAlpha=-0.0142799615859985
LowerLegTheta=0.070039875805378

[RightLeg]
ThighAlpha=0.0499798879027367
ThighTheta=-0.206039488315582
LowerLegAlpha=0.0428399071097374
LowerLegTheta=-0.139399647712708
