[%General]
Highest=143
CenterX=41.113856427379
CenterY=107.129330936176
XWidth=56

[LeftLeg]
ThighAlpha=-0.0392699092626572
ThighTheta=-0.2522794008255
LowerLegAlpha=0.00356999784708023
LowerLegTheta=-0.860197961330414

[RightLeg]
ThighAlpha=0.0856798067688942
ThighTheta=0.537878811359406
LowerLegAlpha=0.021419957280159
LowerLegTheta=-0.0727597996592522
