[%General]
Highest=140
CenterX=36.8380379388448
CenterY=220.679643261608
XWidth=53

[LeftLeg]
ThighAlpha=-0.0999597683548927
ThighTheta=-0.514758765697479
LowerLegAlpha=0.00356999784708023
LowerLegTheta=-0.146199628710747

[RightLeg]
ThighAlpha=-0.0392699092626572
ThighTheta=0.537878811359406
LowerLegAlpha=0.0249899476766586
LowerLegTheta=0.581398725509644
