[%General]
Highest=142
CenterX=39.1178422333728
CenterY=157.969771141843
XWidth=57

[LeftLeg]
ThighAlpha=-0.0785398185253143
ThighTheta=0.59771865606308
LowerLegAlpha=-0.13922968506813
LowerLegTheta=0.408679097890854

[RightLeg]
ThighAlpha=0.0856798067688942
ThighTheta=-0.424998998641968
LowerLegAlpha=0.00713998824357986
LowerLegTheta=-0.318919241428375
