[%General]
Highest=142
CenterX=40.9649477542821
CenterY=90.7599827804375
XWidth=55

[LeftLeg]
ThighAlpha=-0.00356999039649963
ThighTheta=-0.431798994541168
LowerLegAlpha=-0.0499798804521561
LowerLegTheta=-0.424998998641968

[RightLeg]
ThighAlpha=0.0856798067688942
ThighTheta=0.627638638019562
LowerLegAlpha=-0.0142799615859985
LowerLegTheta=0.355639219284058
