[%General]
Highest=140
CenterX=37.6711212265674
CenterY=244.297445676411
XWidth=50

[LeftLeg]
ThighAlpha=-0.0285599306225777
ThighTheta=-0.169319570064545
LowerLegAlpha=0.00713998824357986
LowerLegTheta=-1.09955739974976

[RightLeg]
ThighAlpha=0.0321299284696579
ThighTheta=0.431799054145813
LowerLegAlpha=0.0606898665428162
LowerLegTheta=0.206039562821388
