[%General]
Highest=141
CenterX=37.7036492618393
CenterY=267.816769987857
XWidth=48

[LeftLeg]
ThighAlpha=-0.0392699092626572
ThighTheta=0.282199382781982
LowerLegAlpha=0.0606898665428162
LowerLegTheta=-0.2454794049263

[RightLeg]
ThighAlpha=0.103529766201973
ThighTheta=-0.0333198830485344
LowerLegAlpha=0.0107099786400795
LowerLegTheta=0.00340002961456776
