[%General]
Highest=143
CenterX=43.0709366118051
CenterY=22.1750280917443
XWidth=49

[LeftLeg]
ThighAlpha=-0.0392699092626572
ThighTheta=0.484838932752609
LowerLegAlpha=-0.0464098900556564
LowerLegTheta=0.295799374580383

[RightLeg]
ThighAlpha=0.0321299284696579
ThighTheta=-0.514758765697479
LowerLegAlpha=0.00356999784708023
LowerLegTheta=-0.0265199020504951
