[%General]
Highest=172
CenterX=37.5836292049458
CenterY=119.828293154659
XWidth=60

[LeftLeg]
ThighAlpha=-0.117809727787971
ThighTheta=0.424999058246613
LowerLegAlpha=-0.0321299210190773
LowerLegTheta=-0.0496398508548737

[RightLeg]
ThighAlpha=0.046409897506237
ThighTheta=-0.0265199020504951
LowerLegAlpha=0.00356999784708023
LowerLegTheta=-1.0097975730896
