[%General]
Highest=161
CenterX=33.7819464762069
CenterY=283.150778762585
XWidth=48

[LeftLeg]
ThighAlpha=-0.157079637050629
ThighTheta=0.249106109142303
LowerLegAlpha=-0.0107099711894989
LowerLegTheta=0.106306441128254

[RightLeg]
ThighAlpha=0.13922968506813
ThighTheta=0.391905784606934
LowerLegAlpha=0.13922968506813
LowerLegTheta=-0.0333198979496956
