[%General]
Highest=174
CenterX=43.8758315115096
CenterY=52.4379040649076
XWidth=54

[LeftLeg]
ThighAlpha=-0.0107099711894989
ThighTheta=0.179292947053909
LowerLegAlpha=0.0606898665428162
LowerLegTheta=-0.956757783889771

[RightLeg]
ThighAlpha=0.13922968506813
ThighTheta=0.106306441128254
LowerLegAlpha=0.0142799690365791
LowerLegTheta=-0.106306403875351
