[%General]
Highest=170
CenterX=42.836450859811
CenterY=38.757872110238
XWidth=51

[LeftLeg]
ThighAlpha=-0.0196349546313286
ThighTheta=-0.314159274101257
LowerLegAlpha=0.0785398185253143
LowerLegTheta=-0.706858336925507

[RightLeg]
ThighAlpha=0.0392699092626572
ThighTheta=0.392699092626572
LowerLegAlpha=0.0589048638939857
LowerLegTheta=-0.0785398185253143
