[%General]
Highest=169
CenterX=40.7936623125302
CenterY=236.17951943235
XWidth=59

[LeftLeg]
ThighAlpha=0.0196349546313286
ThighTheta=0.628318548202515
LowerLegAlpha=0.0196349546313286
LowerLegTheta=0.235619455575943

[RightLeg]
ThighAlpha=0.0981747731566429
ThighTheta=-0.314159274101257
LowerLegAlpha=0
LowerLegTheta=-0.157079637050629
