[%General]
Highest=170
CenterX=38.7467626915202
CenterY=110.787149615195
XWidth=61

[LeftLeg]
ThighAlpha=-0.0606898590922356
ThighTheta=0.607692003250122
LowerLegAlpha=-0.0856797993183136
LowerLegTheta=0.030146598815918

[RightLeg]
ThighAlpha=0.0856798067688942
ThighTheta=-0.179292917251587
LowerLegAlpha=0.021419957280159
LowerLegTheta=-0.959931075572968
