[%General]
Highest=173
CenterX=43.9708268388174
CenterY=48.9490666306656
XWidth=54

[LeftLeg]
ThighAlpha=0.0142799690365791
ThighTheta=0.176119610667229
LowerLegAlpha=-0.0142799615859985
LowerLegTheta=-1.09955739974976

[RightLeg]
ThighAlpha=0.121379725635052
ThighTheta=0.176119610667229
LowerLegAlpha=0.0285599380731583
LowerLegTheta=-0.106306403875351
