[%General]
Highest=172
CenterX=37.5836292049458
CenterY=119.828293154659
XWidth=60

[LeftLeg]
ThighAlpha=-0.0999597683548927
ThighTheta=0.395079135894775
LowerLegAlpha=-0.0856797993183136
LowerLegTheta=0.030146598815918

[RightLeg]
ThighAlpha=0.0642598569393158
ThighTheta=-0.0364932343363762
LowerLegAlpha=-0.0678298398852348
LowerLegTheta=-0.959931075572968
