[%General]
Highest=174
CenterX=43.6191669043515
CenterY=70.6109946799936
XWidth=58

[LeftLeg]
ThighAlpha=0.0392699092626572
ThighTheta=0.628318548202515
LowerLegAlpha=0.0589048638939857
LowerLegTheta=-0.392699092626572

[RightLeg]
ThighAlpha=0.0981747731566429
ThighTheta=-0.235619455575943
LowerLegAlpha=0.0196349546313286
LowerLegTheta=-0.235619455575943
