[%General]
Highest=170
CenterX=39.6859140301654
CenterY=200.678597448497
XWidth=57

[LeftLeg]
ThighAlpha=-0.00713998079299927
ThighTheta=0.123079754412174
LowerLegAlpha=-0.0142799615859985
LowerLegTheta=-1.09955739974976

[RightLeg]
ThighAlpha=0.13922968506813
ThighTheta=0.342039257287979
LowerLegAlpha=-0.0642598494887352
LowerLegTheta=0.0863598436117172
