[%General]
Highest=176
CenterX=37.0882659730383
CenterY=132.55663678255
XWidth=59

[LeftLeg]
ThighAlpha=-0.0981747731566429
ThighTheta=0.235619455575943
LowerLegAlpha=-0.0981747731566429
LowerLegTheta=-0.196349546313286

[RightLeg]
ThighAlpha=0.0981747731566429
ThighTheta=0.196349546313286
LowerLegAlpha=-0.0981747731566429
LowerLegTheta=-0.392699092626572
