[%General]
Highest=169
CenterX=41.4196195271175
CenterY=17.7989930533427
XWidth=49

[LeftLeg]
ThighAlpha=0.0981747731566429
ThighTheta=-0.667588412761688
LowerLegAlpha=-0.0785398185253143
LowerLegTheta=0.785398185253143

[RightLeg]
ThighAlpha=0
ThighTheta=0.353429168462753
LowerLegAlpha=0
LowerLegTheta=0.431968986988068
