[%General]
Highest=170
CenterX=38.506337006764
CenterY=169.095454976753
XWidth=61

[LeftLeg]
ThighAlpha=-0.024989940226078
ThighTheta=-0.534705400466919
LowerLegAlpha=-0.0142799615859985
LowerLegTheta=-0.179292917251587

[RightLeg]
ThighAlpha=0.0499798879027367
ThighTheta=0.534705460071564
LowerLegAlpha=-0.103529758751392
LowerLegTheta=0.531532108783722
