[%General]
Highest=171
CenterX=39.7130909462438
CenterY=204.616043670544
XWidth=55

[LeftLeg]
ThighAlpha=0
ThighTheta=0.274889349937439
LowerLegAlpha=-0.0589048638939857
LowerLegTheta=-0.785398185253143

[RightLeg]
ThighAlpha=0.0981747731566429
ThighTheta=0.431968986988068
LowerLegAlpha=0
LowerLegTheta=-0.196349546313286
