[%General]
Highest=171
CenterX=43.0577019161952
CenterY=42.3626186650102
XWidth=52

[LeftLeg]
ThighAlpha=0.0107099786400795
ThighTheta=-0.179292917251587
LowerLegAlpha=0.0821098163723946
LowerLegTheta=-0.959931075572968

[RightLeg]
ThighAlpha=0.0678298473358154
ThighTheta=0.31891930103302
LowerLegAlpha=0.00356999784708023
LowerLegTheta=-0.10313306748867
