[%General]
Highest=169
CenterX=40.7936623125302
CenterY=236.17951943235
XWidth=59

[LeftLeg]
ThighAlpha=0.0142799690365791
ThighTheta=0.677505135536194
LowerLegAlpha=0.00356999784708023
LowerLegTheta=0.179292947053909

[RightLeg]
ThighAlpha=0.121379725635052
ThighTheta=-0.322092592716217
LowerLegAlpha=0.00356999784708023
LowerLegTheta=-0.176119565963745
