[%General]
Highest=172
CenterX=41.0226128172213
CenterY=222.739423605919
XWidth=59

[LeftLeg]
ThighAlpha=-0.0214199498295784
ThighTheta=0.484838932752609
LowerLegAlpha=0.0606898665428162
LowerLegTheta=-0.192439526319504

[RightLeg]
ThighAlpha=0.13922968506813
ThighTheta=0.0863598436117172
LowerLegAlpha=0.00356999784708023
LowerLegTheta=-0.348839163780212
