[%General]
Highest=173
CenterX=40.666041451749
CenterY=214.229592315215
XWidth=57

[LeftLeg]
ThighAlpha=-0.0392699092626572
ThighTheta=0.353429168462753
LowerLegAlpha=0.0392699092626572
LowerLegTheta=-0.785398185253143

[RightLeg]
ThighAlpha=0.0981747731566429
ThighTheta=0.117809727787971
LowerLegAlpha=0.0981747731566429
LowerLegTheta=-0.0785398185253143
