[%General]
Highest=173
CenterX=43.5034689157938
CenterY=79.549374853143
XWidth=58

[LeftLeg]
ThighAlpha=-0.024989940226078
ThighTheta=0.59771865606308
LowerLegAlpha=0.0606898665428162
LowerLegTheta=0.162519663572311

[RightLeg]
ThighAlpha=0.103529766201973
ThighTheta=-0.431798994541168
LowerLegAlpha=0.0642598569393158
LowerLegTheta=-0.229159444570541
