[%General]
Highest=174
CenterX=43.7937304669003
CenterY=75.4099109764182
XWidth=58

[LeftLeg]
ThighAlpha=0
ThighTheta=0.549778699874878
LowerLegAlpha=0.0785398185253143
LowerLegTheta=0.0785398185253143

[RightLeg]
ThighAlpha=0.0981747731566429
ThighTheta=-0.392699092626572
LowerLegAlpha=0.0392699092626572
LowerLegTheta=-0.157079637050629
