[%General]
Highest=174
CenterX=43.7937304669003
CenterY=75.4099109764182
XWidth=58

[LeftLeg]
ThighAlpha=0.0142799690365791
ThighTheta=0.607692003250122
LowerLegAlpha=0.0249899476766586
LowerLegTheta=-0.0396665707230568

[RightLeg]
ThighAlpha=0.103529766201973
ThighTheta=-0.391905754804611
LowerLegAlpha=0.0285599380731583
LowerLegTheta=-0.109479740262032
