[%General]
Highest=165
CenterX=34.8791314796324
CenterY=278.807341467955
XWidth=49

[LeftLeg]
ThighAlpha=-0.117809727787971
ThighTheta=0.371959179639816
LowerLegAlpha=-0.0678298398852348
LowerLegTheta=0.123079754412174

[RightLeg]
ThighAlpha=0.13922968506813
ThighTheta=0.431799054145813
LowerLegAlpha=0.13922968506813
LowerLegTheta=0.0496399253606796
