[%General]
Highest=169
CenterX=42.518558999694
CenterY=30.7535667963684
XWidth=50

[LeftLeg]
ThighAlpha=0.121379725635052
ThighTheta=-0.747318267822266
LowerLegAlpha=-0.082109808921814
LowerLegTheta=-0.0364932343363762

[RightLeg]
ThighAlpha=0.0678298473358154
ThighTheta=0.534705460071564
LowerLegAlpha=0.0285599380731583
LowerLegTheta=-0.10313306748867
