[%General]
Highest=174
CenterX=38.0659340659341
CenterY=155.351973951974
XWidth=62

[LeftLeg]
ThighAlpha=-0.0606898590922356
ThighTheta=-0.322092592716217
LowerLegAlpha=-0.0321299210190773
LowerLegTheta=-0.10313306748867

[RightLeg]
ThighAlpha=0.0285599380731583
ThighTheta=0.534705460071564
LowerLegAlpha=-0.0606898590922356
LowerLegTheta=0.249106109142303
