[%General]
Highest=172
CenterX=40.9865510742556
CenterY=226.742193742933
XWidth=59

[LeftLeg]
ThighAlpha=-0.0196349546313286
ThighTheta=0.706858336925507
LowerLegAlpha=0.0589048638939857
LowerLegTheta=-0.157079637050629

[RightLeg]
ThighAlpha=0.0981747731566429
ThighTheta=0
LowerLegAlpha=0.0392699092626572
LowerLegTheta=-0.314159274101257
