[%General]
Highest=172
CenterX=43.6458327836847
CenterY=45.385774213123
XWidth=53

[LeftLeg]
ThighAlpha=0.0499798879027367
ThighTheta=0.0333199352025986
LowerLegAlpha=0.0249899476766586
LowerLegTheta=-1.09955739974976

[RightLeg]
ThighAlpha=0.121379725635052
ThighTheta=0.252279460430145
LowerLegAlpha=-0.0107099711894989
LowerLegTheta=-0.112653076648712
