[%General]
Highest=165
CenterX=38.2944641531227
CenterY=258.098028215494
XWidth=54

[LeftLeg]
ThighAlpha=-0.0589048638939857
ThighTheta=0.628318548202515
LowerLegAlpha=-0.0589048638939857
LowerLegTheta=0.235619455575943

[RightLeg]
ThighAlpha=0.0392699092626572
ThighTheta=-0.471238911151886
LowerLegAlpha=0.0392699092626572
LowerLegTheta=-0.392699092626572
