[%General]
Highest=174
CenterX=43.8758315115096
CenterY=52.4379040649076
XWidth=54

[LeftLeg]
ThighAlpha=0.00713998824357986
ThighTheta=0.229159519076347
LowerLegAlpha=0.0428399071097374
LowerLegTheta=-0.956757783889771

[RightLeg]
ThighAlpha=0.13922968506813
ThighTheta=0.146199703216553
LowerLegAlpha=0.0142799690365791
LowerLegTheta=-0.176119565963745
