[%General]
Highest=174
CenterX=43.8722966770699
CenterY=66.0008077841013
XWidth=57

[LeftLeg]
ThighAlpha=0.0678298473358154
ThighTheta=0.544678807258606
LowerLegAlpha=0.00356999784708023
LowerLegTheta=-0.484838873147964

[RightLeg]
ThighAlpha=0.103529766201973
ThighTheta=-0.146199628710747
LowerLegAlpha=0.0428399071097374
LowerLegTheta=-0.169319570064545
