[%General]
Highest=169
CenterX=42.1236372278169
CenterY=21.7066957787482
XWidth=48

[LeftLeg]
ThighAlpha=0.0981747731566429
ThighTheta=-0.706858336925507
LowerLegAlpha=0.0981747731566429
LowerLegTheta=0.549778699874878

[RightLeg]
ThighAlpha=0.0196349546313286
ThighTheta=0.392699092626572
LowerLegAlpha=0.0392699092626572
LowerLegTheta=0.314159274101257
