[%General]
Highest=169
CenterX=40.862869973464
CenterY=96.8331496223719
XWidth=60

[LeftLeg]
ThighAlpha=-0.082109808921814
ThighTheta=0.677505135536194
LowerLegAlpha=-0.0321299210190773
LowerLegTheta=0.179292947053909

[RightLeg]
ThighAlpha=0.13922968506813
ThighTheta=-0.534705400466919
LowerLegAlpha=0.0428399071097374
LowerLegTheta=-0.461718916893005
