[%General]
Highest=171
CenterX=38.1053889857681
CenterY=115.458330989481
XWidth=60

[LeftLeg]
ThighAlpha=-0.0999597683548927
ThighTheta=0.537878811359406
LowerLegAlpha=-0.0856797993183136
LowerLegTheta=-0.0396665707230568

[RightLeg]
ThighAlpha=0.0642598569393158
ThighTheta=-0.109479740262032
LowerLegAlpha=-0.0142799615859985
LowerLegTheta=-0.959931075572968
