[%General]
Highest=173
CenterX=43.9708268388174
CenterY=48.9490666306656
XWidth=54

[LeftLeg]
ThighAlpha=-0.0785398185253143
ThighTheta=0.157079637050629
LowerLegAlpha=-0.0981747731566429
LowerLegTheta=0

[RightLeg]
ThighAlpha=0.0981747731566429
ThighTheta=0.157079637050629
LowerLegAlpha=0.0589048638939857
LowerLegTheta=-0.0785398185253143
