[%General]
Highest=169
CenterX=41.6146568954031
CenterY=92.3468487674883
XWidth=60

[LeftLeg]
ThighAlpha=-0.0606898590922356
ThighTheta=0.607692003250122
LowerLegAlpha=-0.0321299210190773
LowerLegTheta=0.322092622518539

[RightLeg]
ThighAlpha=0.13922968506813
ThighTheta=-0.464892268180847
LowerLegAlpha=0.0249899476766586
LowerLegTheta=-0.531532108783722
