[%General]
Highest=172
CenterX=38.4647449578487
CenterY=160.689147369544
XWidth=61

[LeftLeg]
ThighAlpha=-0.00356999039649963
ThighTheta=-0.464892268180847
LowerLegAlpha=-0.0499798804521561
LowerLegTheta=-0.0333198979496956

[RightLeg]
ThighAlpha=0.0499798879027367
ThighTheta=0.534705460071564
LowerLegAlpha=-0.117809727787971
LowerLegTheta=0.46171897649765
