[%General]
Highest=169
CenterX=42.3646682861935
CenterY=26.079501417086
XWidth=49

[LeftLeg]
ThighAlpha=0.0981747731566429
ThighTheta=-0.785398185253143
LowerLegAlpha=0.0196349546313286
LowerLegTheta=0.235619455575943

[RightLeg]
ThighAlpha=0.0589048638939857
ThighTheta=0.431968986988068
LowerLegAlpha=0.0196349546313286
LowerLegTheta=0.0785398185253143
