[%General]
Highest=173
CenterX=43.9708268388174
CenterY=48.9490666306656
XWidth=54

[LeftLeg]
ThighAlpha=0.0321299284696579
ThighTheta=0.146199703216553
LowerLegAlpha=0.00356999784708023
LowerLegTheta=-1.09955739974976

[RightLeg]
ThighAlpha=0.121379725635052
ThighTheta=0.176119640469551
LowerLegAlpha=0.0285599380731583
LowerLegTheta=-0.116279698908329
