[%General]
Highest=169
CenterX=38.1203942831645
CenterY=182.15394080344
XWidth=61

[LeftLeg]
ThighAlpha=-0.0999597683548927
ThighTheta=-0.391905754804611
LowerLegAlpha=0.00356999784708023
LowerLegTheta=-0.537878751754761

[RightLeg]
ThighAlpha=0.046409897506237
ThighTheta=0.60451865196228
LowerLegAlpha=-0.0107099711894989
LowerLegTheta=0.18246628344059
