[%General]
Highest=174
CenterX=43.7437670956459
CenterY=56.8394354513251
XWidth=55

[LeftLeg]
ThighAlpha=-0.00713998079299927
ThighTheta=0.391905784606934
LowerLegAlpha=0.00356999784708023
LowerLegTheta=-0.886944591999054

[RightLeg]
ThighAlpha=0.13922968506813
ThighTheta=0.0364932715892792
LowerLegAlpha=0.0606898665428162
LowerLegTheta=-0.176119565963745
