[%General]
Highest=176
CenterX=37.0882659730383
CenterY=132.55663678255
XWidth=59

[LeftLeg]
ThighAlpha=-0.0428398996591568
ThighTheta=0.109479777514935
LowerLegAlpha=-0.13922968506813
LowerLegTheta=-0.0396665707230568

[RightLeg]
ThighAlpha=0.13922968506813
ThighTheta=0.176119610667229
LowerLegAlpha=-0.13922968506813
LowerLegTheta=-0.388732433319092
