[%General]
Highest=172
CenterX=43.6458327836847
CenterY=45.385774213123
XWidth=53

[LeftLeg]
ThighAlpha=-0.0981747731566429
ThighTheta=0.274889349937439
LowerLegAlpha=-0.0981747731566429
LowerLegTheta=-0.157079637050629

[RightLeg]
ThighAlpha=0.0981747731566429
ThighTheta=0.274889349937439
LowerLegAlpha=0.0196349546313286
LowerLegTheta=-0.117809727787971
