[%General]
Highest=156
CenterX=33.6563401417257
CenterY=293.304276781992
XWidth=43

[LeftLeg]
ThighAlpha=-0.157079637050629
ThighTheta=-0.0333198979496956
LowerLegAlpha=-0.13922968506813
LowerLegTheta=0.172946274280548

[RightLeg]
ThighAlpha=0.0678298473358154
ThighTheta=0.46489229798317
LowerLegAlpha=-0.0606898590922356
LowerLegTheta=-0.677505135536194
