[%General]
Highest=175
CenterX=37.9891200133394
CenterY=150.456889963455
XWidth=61

[LeftLeg]
ThighAlpha=-0.0499798804521561
ThighTheta=-0.176119565963745
LowerLegAlpha=-0.0856797993183136
LowerLegTheta=-0.182466238737106

[RightLeg]
ThighAlpha=0.0142799690365791
ThighTheta=0.531532108783722
LowerLegAlpha=-0.0285599306225777
LowerLegTheta=0.0396666079759598
