[%General]
Highest=169
CenterX=40.1686771009869
CenterY=101.614053576769
XWidth=62

[LeftLeg]
ThighAlpha=-0.0214199498295784
ThighTheta=0.677505135536194
LowerLegAlpha=-0.082109808921814
LowerLegTheta=0.106306441128254

[RightLeg]
ThighAlpha=0.13922968506813
ThighTheta=-0.461718916893005
LowerLegAlpha=0.0428399071097374
LowerLegTheta=-0.607691943645477
