[%General]
Highest=170
CenterX=39.6859140301654
CenterY=200.678597448497
XWidth=57

[LeftLeg]
ThighAlpha=-0.0589048638939857
ThighTheta=0
LowerLegAlpha=0.0981747731566429
LowerLegTheta=-0.785398185253143

[RightLeg]
ThighAlpha=0.0981747731566429
ThighTheta=0.353429168462753
LowerLegAlpha=-0.0196349546313286
LowerLegTheta=0.0785398185253143
