[%General]
Highest=169
CenterX=41.4196195271175
CenterY=17.7989930533427
XWidth=49

[LeftLeg]
ThighAlpha=0.13922968506813
ThighTheta=-0.607691943645477
LowerLegAlpha=-0.13922968506813
LowerLegTheta=0.886944651603699

[RightLeg]
ThighAlpha=0.0499798879027367
ThighTheta=0.391905784606934
LowerLegAlpha=-0.0678298398852348
LowerLegTheta=0.322092622518539
