[%General]
Highest=174
CenterX=43.6191669043515
CenterY=70.6109946799936
XWidth=58

[LeftLeg]
ThighAlpha=0.0321299284696579
ThighTheta=0.567798733711243
LowerLegAlpha=0.00356999784708023
LowerLegTheta=-0.2454794049263

[RightLeg]
ThighAlpha=0.0856798067688942
ThighTheta=-0.229159444570541
LowerLegAlpha=0.046409897506237
LowerLegTheta=-0.235959425568581
