[%General]
Highest=172
CenterX=40.9935411880538
CenterY=218.843281916639
XWidth=57

[LeftLeg]
ThighAlpha=-0.00356999039649963
ThighTheta=0.391905784606934
LowerLegAlpha=0.021419957280159
LowerLegTheta=-0.464892268180847

[RightLeg]
ThighAlpha=0.13922968506813
ThighTheta=0.179292947053909
LowerLegAlpha=0.103529766201973
LowerLegTheta=-0.325265914201736
