[%General]
Highest=174
CenterX=38.0659340659341
CenterY=155.351973951974
XWidth=62

[LeftLeg]
ThighAlpha=-0.0606898590922356
ThighTheta=-0.342039197683334
LowerLegAlpha=-0.0321299210190773
LowerLegTheta=-0.0333198830485344

[RightLeg]
ThighAlpha=0.0285599380731583
ThighTheta=0.514758884906769
LowerLegAlpha=-0.0785398185253143
LowerLegTheta=0.288999378681183
