[%General]
Highest=169
CenterX=42.518558999694
CenterY=30.7535667963684
XWidth=50

[LeftLeg]
ThighAlpha=0.121379725635052
ThighTheta=-0.717398345470428
LowerLegAlpha=-0.0464098900556564
LowerLegTheta=0.00340002961456776

[RightLeg]
ThighAlpha=0.0678298473358154
ThighTheta=0.484838932752609
LowerLegAlpha=0.0107099786400795
LowerLegTheta=-0.0795597806572914
