[%General]
Highest=176
CenterX=37.7379281302639
CenterY=145.404898933184
XWidth=62

[LeftLeg]
ThighAlpha=-0.0589048638939857
ThighTheta=-0.0785398185253143
LowerLegAlpha=-0.0785398185253143
LowerLegTheta=-0.157079637050629

[RightLeg]
ThighAlpha=0
ThighTheta=0.471238911151886
LowerLegAlpha=0.0589048638939857
LowerLegTheta=-0.235619455575943
