[%General]
Highest=168
CenterX=40.5116584298793
CenterY=240.521753220449
XWidth=57

[LeftLeg]
ThighAlpha=-0.0214199498295784
ThighTheta=0.607692003250122
LowerLegAlpha=0.0428399071097374
LowerLegTheta=0.391905784606934

[RightLeg]
ThighAlpha=0.0678298473358154
ThighTheta=-0.391905754804611
LowerLegAlpha=0.0249899476766586
LowerLegTheta=-0.179292917251587
