[%General]
Highest=170
CenterX=41.0241108910891
CenterY=231.177314851485
XWidth=58

[LeftLeg]
ThighAlpha=0.0285599380731583
ThighTheta=0.687478482723236
LowerLegAlpha=0.021419957280159
LowerLegTheta=0.0197199955582619

[RightLeg]
ThighAlpha=0.13922968506813
ThighTheta=-0.229159444570541
LowerLegAlpha=-0.0428398996591568
LowerLegTheta=-0.146199628710747
