[%General]
Highest=173
CenterX=43.5034689157938
CenterY=79.549374853143
XWidth=58

[LeftLeg]
ThighAlpha=0
ThighTheta=0.549778699874878
LowerLegAlpha=0.0392699092626572
LowerLegTheta=0.235619455575943

[RightLeg]
ThighAlpha=0.0785398185253143
ThighTheta=-0.392699092626572
LowerLegAlpha=0.0589048638939857
LowerLegTheta=-0.235619455575943
