[%General]
Highest=170
CenterX=41.0241108910891
CenterY=231.177314851485
XWidth=58

[LeftLeg]
ThighAlpha=0.0285599380731583
ThighTheta=0.677505135536194
LowerLegAlpha=-0.0142799615859985
LowerLegTheta=-0.030146561563015

[RightLeg]
ThighAlpha=0.103529766201973
ThighTheta=-0.179292917251587
LowerLegAlpha=-0.00713998079299927
LowerLegTheta=-0.2459327429533
