[%General]
Highest=169
CenterX=38.9616306240605
CenterY=191.930062956734
XWidth=59

[LeftLeg]
ThighAlpha=-0.0999597683548927
ThighTheta=-0.249106079339981
LowerLegAlpha=0.0428399071097374
LowerLegTheta=-0.820304751396179

[RightLeg]
ThighAlpha=0.0678298473358154
ThighTheta=0.46489229798317
LowerLegAlpha=-0.0107099711894989
LowerLegTheta=0.18246628344059
