[%General]
Highest=169
CenterX=38.3524016010674
CenterY=186.897431621081
XWidth=60

[LeftLeg]
ThighAlpha=-0.0999597683548927
ThighTheta=-0.391905754804611
LowerLegAlpha=0.0606898665428162
LowerLegTheta=-0.607691943645477

[RightLeg]
ThighAlpha=0.0321299284696579
ThighTheta=0.537878811359406
LowerLegAlpha=0.0285599380731583
LowerLegTheta=0.172946274280548
