[%General]
Highest=164
CenterX=36.2188897261994
CenterY=274.112869463284
XWidth=51

[LeftLeg]
ThighAlpha=-0.117809727787971
ThighTheta=0.49163892865181
LowerLegAlpha=-0.0142799615859985
LowerLegTheta=0.102679803967476

[RightLeg]
ThighAlpha=-0.00713998079299927
ThighTheta=-0.109479710459709
LowerLegAlpha=0.00356999784708023
LowerLegTheta=-0.920037806034088
