[%General]
Highest=165
CenterX=38.9507185869129
CenterY=253.04968285829
XWidth=53

[LeftLeg]
ThighAlpha=-0.0999597683548927
ThighTheta=0.677505135536194
LowerLegAlpha=0.021419957280159
LowerLegTheta=0.325265944004059

[RightLeg]
ThighAlpha=0.0499798879027367
ThighTheta=-0.461718916893005
LowerLegAlpha=0.0606898665428162
LowerLegTheta=-0.398252427577972
