[%General]
Highest=174
CenterX=37.124628875233
CenterY=124.250735344887
XWidth=58

[LeftLeg]
ThighAlpha=-0.0999597683548927
ThighTheta=0.322092622518539
LowerLegAlpha=-0.0642598494887352
LowerLegTheta=-0.0364932343363762

[RightLeg]
ThighAlpha=0.0678298473358154
ThighTheta=0.245932787656784
LowerLegAlpha=-0.0999597683548927
LowerLegTheta=-1.09955739974976
