[%General]
Highest=172
CenterX=38.5642677007349
CenterY=164.673821080891
XWidth=61

[LeftLeg]
ThighAlpha=-0.024989940226078
ThighTheta=-0.491638839244843
LowerLegAlpha=-0.0142799615859985
LowerLegTheta=-0.215559482574463

[RightLeg]
ThighAlpha=0.0499798879027367
ThighTheta=0.514758884906769
LowerLegAlpha=-0.0999597683548927
LowerLegTheta=0.581398725509644
