[%General]
Highest=172
CenterX=40.9865510742556
CenterY=226.742193742933
XWidth=59

[LeftLeg]
ThighAlpha=0.0499798879027367
ThighTheta=0.677505135536194
LowerLegAlpha=-0.0142799615859985
LowerLegTheta=-0.2522794008255

[RightLeg]
ThighAlpha=0.0678298473358154
ThighTheta=-0.0364932343363762
LowerLegAlpha=0.0428399071097374
LowerLegTheta=-0.249106079339981
