[%General]
Highest=172
CenterX=40.9865510742556
CenterY=226.742193742933
XWidth=59

[LeftLeg]
ThighAlpha=-0.0196349546313286
ThighTheta=0.667588412761688
LowerLegAlpha=0.0981747731566429
LowerLegTheta=-0.196349546313286

[RightLeg]
ThighAlpha=0.0589048638939857
ThighTheta=-0.0392699092626572
LowerLegAlpha=0.0981747731566429
LowerLegTheta=-0.274889349937439
