[%General]
Highest=169
CenterX=42.1236372278169
CenterY=21.7066957787482
XWidth=48

[LeftLeg]
ThighAlpha=0.13922968506813
ThighTheta=-0.747318267822266
LowerLegAlpha=-0.0285599306225777
LowerLegTheta=0.60451865196228

[RightLeg]
ThighAlpha=0.0142799690365791
ThighTheta=0.391905784606934
LowerLegAlpha=0.0428399071097374
LowerLegTheta=0.31891930103302
