[%General]
Highest=171
CenterX=42.3939697707419
CenterY=87.6063296577402
XWidth=59

[LeftLeg]
ThighAlpha=-0.0606898590922356
ThighTheta=0.60451865196228
LowerLegAlpha=0.00713998824357986
LowerLegTheta=0.395079135894775

[RightLeg]
ThighAlpha=0.13922968506813
ThighTheta=-0.484838873147964
LowerLegAlpha=0.021419957280159
LowerLegTheta=-0.318919241428375
