[%General]
Highest=165
CenterX=34.8791314796324
CenterY=278.807341467955
XWidth=49

[LeftLeg]
ThighAlpha=-0.117809727787971
ThighTheta=0.391905784606934
LowerLegAlpha=-0.0678298398852348
LowerLegTheta=0.106306441128254

[RightLeg]
ThighAlpha=0.13922968506813
ThighTheta=0.391905784606934
LowerLegAlpha=0.103529766201973
LowerLegTheta=0.106306441128254
