[%General]
Highest=161
CenterX=33.0567989038236
CenterY=287.772380268824
XWidth=46

[LeftLeg]
ThighAlpha=-0.117809727787971
ThighTheta=0.106306441128254
LowerLegAlpha=-0.121379718184471
LowerLegTheta=0.176119610667229

[RightLeg]
ThighAlpha=0.121379725635052
ThighTheta=0.245932787656784
LowerLegAlpha=0.0999597758054733
LowerLegTheta=0.0428399443626404
