[%General]
Highest=172
CenterX=41.0226128172213
CenterY=222.739423605919
XWidth=59

[LeftLeg]
ThighAlpha=0.0142799690365791
ThighTheta=0.46489229798317
LowerLegAlpha=0.0606898665428162
LowerLegTheta=-0.2522794008255

[RightLeg]
ThighAlpha=0.121379725635052
ThighTheta=0.0364932715892792
LowerLegAlpha=0.021419957280159
LowerLegTheta=-0.318919241428375
