[%General]
Highest=174
CenterX=43.8722966770699
CenterY=66.0008077841013
XWidth=57

[LeftLeg]
ThighAlpha=0.0392699092626572
ThighTheta=0.471238911151886
LowerLegAlpha=0.0392699092626572
LowerLegTheta=-0.392699092626572

[RightLeg]
ThighAlpha=0.0981747731566429
ThighTheta=-0.157079637050629
LowerLegAlpha=0.0589048638939857
LowerLegTheta=-0.157079637050629
