[%General]
Highest=169
CenterX=38.2030429317986
CenterY=173.246146722233
XWidth=60

[LeftLeg]
ThighAlpha=-0.0999597683548927
ThighTheta=-0.461718916893005
LowerLegAlpha=0.0606898665428162
LowerLegTheta=-0.398252427577972

[RightLeg]
ThighAlpha=0.0321299284696579
ThighTheta=0.534705460071564
LowerLegAlpha=-0.0499798804521561
LowerLegTheta=0.46489229798317
