[%General]
Highest=169
CenterX=40.1686771009869
CenterY=101.614053576769
XWidth=62

[LeftLeg]
ThighAlpha=-0.0392699092626572
ThighTheta=0.657558560371399
LowerLegAlpha=-0.0464098900556564
LowerLegTheta=0.176119640469551

[RightLeg]
ThighAlpha=0.13922968506813
ThighTheta=-0.491638839244843
LowerLegAlpha=0.0428399071097374
LowerLegTheta=-0.507958829402924
