[%General]
Highest=172
CenterX=38.5642677007349
CenterY=164.673821080891
XWidth=61

[LeftLeg]
ThighAlpha=-0.00713998079299927
ThighTheta=-0.461718916893005
LowerLegAlpha=0.00356999784708023
LowerLegTheta=-0.255452752113342

[RightLeg]
ThighAlpha=0.0499798879027367
ThighTheta=0.46489229798317
LowerLegAlpha=-0.082109808921814
LowerLegTheta=0.601345300674438
