[%General]
Highest=176
CenterX=37.5474360057447
CenterY=140.975697671144
XWidth=61

[LeftLeg]
ThighAlpha=-0.0999597683548927
ThighTheta=0.0564399100840092
LowerLegAlpha=-0.157079637050629
LowerLegTheta=-0.199239507317543

[RightLeg]
ThighAlpha=0.0142799690365791
ThighTheta=0.371959179639816
LowerLegAlpha=0.0999597758054733
LowerLegTheta=-0.312119245529175
