[%General]
Highest=169
CenterX=40.862869973464
CenterY=96.8331496223719
XWidth=60

[LeftLeg]
ThighAlpha=-0.0999597683548927
ThighTheta=0.657558560371399
LowerLegAlpha=-0.0142799615859985
LowerLegTheta=0.229159519076347

[RightLeg]
ThighAlpha=0.13922968506813
ThighTheta=-0.514758765697479
LowerLegAlpha=0.0249899476766586
LowerLegTheta=-0.461718916893005
