[%General]
Highest=174
CenterX=43.8722966770699
CenterY=66.0008077841013
XWidth=57

[LeftLeg]
ThighAlpha=0.0499798879027367
ThighTheta=0.534705460071564
LowerLegAlpha=-0.0321299210190773
LowerLegTheta=-0.464892268180847

[RightLeg]
ThighAlpha=0.103529766201973
ThighTheta=-0.106306403875351
LowerLegAlpha=0.046409897506237
LowerLegTheta=-0.179292917251587
