[%General]
Highest=172
CenterX=38.5642677007349
CenterY=164.673821080891
XWidth=61

[LeftLeg]
ThighAlpha=0
ThighTheta=-0.510508835315704
LowerLegAlpha=-0.0392699092626572
LowerLegTheta=-0.0785398185253143

[RightLeg]
ThighAlpha=0.0392699092626572
ThighTheta=0.510508835315704
LowerLegAlpha=-0.0981747731566429
LowerLegTheta=0.589048624038696
