[%General]
Highest=174
CenterX=43.6191669043515
CenterY=70.6109946799936
XWidth=58

[LeftLeg]
ThighAlpha=0.0678298473358154
ThighTheta=0.607692003250122
LowerLegAlpha=-0.0321299210190773
LowerLegTheta=-0.325265914201736

[RightLeg]
ThighAlpha=0.0856798067688942
ThighTheta=-0.249106079339981
LowerLegAlpha=0.0428399071097374
LowerLegTheta=-0.176119565963745
