[%General]
Highest=169
CenterX=42.3646682861935
CenterY=26.079501417086
XWidth=49

[LeftLeg]
ThighAlpha=0.0821098163723946
ThighTheta=-0.820304751396179
LowerLegAlpha=0.046409897506237
LowerLegTheta=0.322092622518539

[RightLeg]
ThighAlpha=0.046409897506237
ThighTheta=0.391905784606934
LowerLegAlpha=0.046409897506237
LowerLegTheta=0.179292947053909
