[%General]
Highest=156
CenterX=33.6563401417257
CenterY=293.304276781992
XWidth=43

[LeftLeg]
ThighAlpha=-0.157079637050629
ThighTheta=-0.00339995324611664
LowerLegAlpha=-0.157079637050629
LowerLegTheta=0.0931598246097565

[RightLeg]
ThighAlpha=0.0678298473358154
ThighTheta=0.454919010400772
LowerLegAlpha=-0.0785398185253143
LowerLegTheta=-0.687478423118591
