[%General]
Highest=169
CenterX=38.3524016010674
CenterY=186.897431621081
XWidth=60

[LeftLeg]
ThighAlpha=-0.0981747731566429
ThighTheta=-0.353429168462753
LowerLegAlpha=0.0392699092626572
LowerLegTheta=-0.667588412761688

[RightLeg]
ThighAlpha=-0.0196349546313286
ThighTheta=0.549778699874878
LowerLegAlpha=0.0981747731566429
LowerLegTheta=0.196349546313286
