[%General]
Highest=171
CenterX=39.7130909462438
CenterY=204.616043670544
XWidth=55

[LeftLeg]
ThighAlpha=-0.024989940226078
ThighTheta=0.458545625209808
LowerLegAlpha=0.021419957280159
LowerLegTheta=-1.09955739974976

[RightLeg]
ThighAlpha=0.13922968506813
ThighTheta=0.46489229798317
LowerLegAlpha=-0.0785398185253143
LowerLegTheta=-0.2522794008255
