[%General]
Highest=165
CenterX=38.2944641531227
CenterY=258.098028215494
XWidth=54

[LeftLeg]
ThighAlpha=-0.0981747731566429
ThighTheta=0.589048624038696
LowerLegAlpha=0
LowerLegTheta=0.353429168462753

[RightLeg]
ThighAlpha=0.0589048638939857
ThighTheta=-0.431968986988068
LowerLegAlpha=0.0785398185253143
LowerLegTheta=-0.510508835315704
