[%General]
Highest=169
CenterX=41.6146568954031
CenterY=92.3468487674883
XWidth=60

[LeftLeg]
ThighAlpha=-0.0785398185253143
ThighTheta=0.589048624038696
LowerLegAlpha=0
LowerLegTheta=0.392699092626572

[RightLeg]
ThighAlpha=0.0981747731566429
ThighTheta=-0.471238911151886
LowerLegAlpha=0.0981747731566429
LowerLegTheta=-0.471238911151886
