[%General]
Highest=169
CenterX=38.9616306240605
CenterY=191.930062956734
XWidth=59

[LeftLeg]
ThighAlpha=-0.0999597683548927
ThighTheta=-0.229159444570541
LowerLegAlpha=0.0606898665428162
LowerLegTheta=-0.890117883682251

[RightLeg]
ThighAlpha=0.0856798067688942
ThighTheta=0.484838932752609
LowerLegAlpha=-0.0285599306225777
LowerLegTheta=0.162519663572311
