[%General]
Highest=165
CenterX=38.2944641531227
CenterY=258.098028215494
XWidth=54

[LeftLeg]
ThighAlpha=-0.0642598494887352
ThighTheta=0.607692003250122
LowerLegAlpha=-0.0642598494887352
LowerLegTheta=0.322092622518539

[RightLeg]
ThighAlpha=0.0678298473358154
ThighTheta=-0.464892268180847
LowerLegAlpha=0.0642598569393158
LowerLegTheta=-0.531532108783722
