[%General]
Highest=170
CenterX=42.836450859811
CenterY=38.757872110238
XWidth=51

[LeftLeg]
ThighAlpha=-0.00356999039649963
ThighTheta=-0.182466238737106
LowerLegAlpha=0.0428399071097374
LowerLegTheta=-0.956757783889771

[RightLeg]
ThighAlpha=0.0499798879027367
ThighTheta=0.391905784606934
LowerLegAlpha=0.0249899476766586
LowerLegTheta=-0.10313306748867
