[%General]
Highest=161
CenterX=33.0567989038236
CenterY=287.772380268824
XWidth=46

[LeftLeg]
ThighAlpha=-0.0785398185253143
ThighTheta=0.157079637050629
LowerLegAlpha=-0.0981747731566429
LowerLegTheta=0.0785398185253143

[RightLeg]
ThighAlpha=0.0981747731566429
ThighTheta=0.235619455575943
LowerLegAlpha=0.0981747731566429
LowerLegTheta=0
