[%General]
Highest=164
CenterX=36.2188897261994
CenterY=274.112869463284
XWidth=51

[LeftLeg]
ThighAlpha=-0.117809727787971
ThighTheta=0.46171897649765
LowerLegAlpha=0.021419957280159
LowerLegTheta=0.18246628344059

[RightLeg]
ThighAlpha=0.0107099786400795
ThighTheta=-0.0396665707230568
LowerLegAlpha=-0.0678298398852348
LowerLegTheta=-1.02974426746368
