[%General]
Highest=166
CenterX=39.4745304068489
CenterY=248.819726868482
XWidth=56

[LeftLeg]
ThighAlpha=-0.00713998079299927
ThighTheta=0.677505135536194
LowerLegAlpha=-0.0678298398852348
LowerLegTheta=0.395079135894775

[RightLeg]
ThighAlpha=0.0499798879027367
ThighTheta=-0.391905754804611
LowerLegAlpha=0.00356999784708023
LowerLegTheta=-0.395079076290131
