[%General]
Highest=156
CenterX=33.3564857260283
CenterY=290.377098416111
XWidth=44

[LeftLeg]
ThighAlpha=-0.157079637050629
ThighTheta=0.106306441128254
LowerLegAlpha=-0.0856797993183136
LowerLegTheta=0.0333199352025986

[RightLeg]
ThighAlpha=0.103529766201973
ThighTheta=0.252279460430145
LowerLegAlpha=0.103529766201973
LowerLegTheta=-0.112653076648712
