[%General]
Highest=165
CenterX=37.4915557524839
CenterY=264.009594573868
XWidth=53

[LeftLeg]
ThighAlpha=-0.0999597683548927
ThighTheta=0.60451865196228
LowerLegAlpha=-0.0107099711894989
LowerLegTheta=0.179292947053909

[RightLeg]
ThighAlpha=0.0678298473358154
ThighTheta=-0.391905754804611
LowerLegAlpha=0.0249899476766586
LowerLegTheta=-0.677505135536194
