[%General]
Highest=169
CenterX=39.5688234879955
CenterY=105.670337252693
XWidth=61

[LeftLeg]
ThighAlpha=-0.117809727787971
ThighTheta=0.59771865606308
LowerLegAlpha=-0.0142799615859985
LowerLegTheta=0.152999684214592

[RightLeg]
ThighAlpha=0.13922968506813
ThighTheta=-0.371959120035172
LowerLegAlpha=0.0107099786400795
LowerLegTheta=-0.657558441162109
