[%General]
Highest=174
CenterX=43.7937304669003
CenterY=75.4099109764182
XWidth=58

[LeftLeg]
ThighAlpha=0.0321299284696579
ThighTheta=0.567798733711243
LowerLegAlpha=0.0249899476766586
LowerLegTheta=-0.0197199191898108

[RightLeg]
ThighAlpha=0.121379725635052
ThighTheta=-0.371959120035172
LowerLegAlpha=0.0285599380731583
LowerLegTheta=-0.139399647712708
