[%General]
Highest=176
CenterX=37.5474360057447
CenterY=140.975697671144
XWidth=61

[LeftLeg]
ThighAlpha=-0.0999597683548927
ThighTheta=0.0364932715892792
LowerLegAlpha=-0.103529758751392
LowerLegTheta=-0.179292917251587

[RightLeg]
ThighAlpha=0.0142799690365791
ThighTheta=0.322092622518539
LowerLegAlpha=0.0642598569393158
LowerLegTheta=-0.182466238737106
