[%General]
Highest=176
CenterX=37.5474360057447
CenterY=140.975697671144
XWidth=61

[LeftLeg]
ThighAlpha=-0.0785398185253143
ThighTheta=0.0785398185253143
LowerLegAlpha=-0.0981747731566429
LowerLegTheta=-0.235619455575943

[RightLeg]
ThighAlpha=0.0589048638939857
ThighTheta=0.314159274101257
LowerLegAlpha=0
LowerLegTheta=-0.235619455575943
