[%General]
Highest=172
CenterX=43.6458327836847
CenterY=45.385774213123
XWidth=53

[LeftLeg]
ThighAlpha=0.0499798879027367
ThighTheta=0.00340002961456776
LowerLegAlpha=0.0606898665428162
LowerLegTheta=-1.09955739974976

[RightLeg]
ThighAlpha=0.0856798067688942
ThighTheta=0.282199382781982
LowerLegAlpha=0.0606898665428162
LowerLegTheta=-0.132599666714668
