[%General]
Highest=171
CenterX=42.3939697707419
CenterY=87.6063296577402
XWidth=59

[LeftLeg]
ThighAlpha=-0.024989940226078
ThighTheta=0.60451865196228
LowerLegAlpha=-0.0107099711894989
LowerLegTheta=0.395079135894775

[RightLeg]
ThighAlpha=0.13922968506813
ThighTheta=-0.464892268180847
LowerLegAlpha=0.021419957280159
LowerLegTheta=-0.388732433319092
