[%General]
Highest=176
CenterX=37.239029847654
CenterY=136.802074556981
XWidth=59

[LeftLeg]
ThighAlpha=-0.13922968506813
ThighTheta=0.176119610667229
LowerLegAlpha=-0.0856797993183136
LowerLegTheta=-0.249106079339981

[RightLeg]
ThighAlpha=0.13922968506813
ThighTheta=0.249106109142303
LowerLegAlpha=0.046409897506237
LowerLegTheta=-0.395079076290131
