[%General]
Highest=169
CenterX=39.7168817742743
CenterY=196.762385513755
XWidth=59

[LeftLeg]
ThighAlpha=-0.0107099711894989
ThighTheta=-0.0364932343363762
LowerLegAlpha=0.00356999784708023
LowerLegTheta=-1.09955739974976

[RightLeg]
ThighAlpha=0.13922968506813
ThighTheta=0.322092622518539
LowerLegAlpha=-0.0606898590922356
LowerLegTheta=0.249106109142303
