[%General]
Highest=176
CenterX=37.239029847654
CenterY=136.802074556981
XWidth=59

[LeftLeg]
ThighAlpha=-0.157079637050629
ThighTheta=0.146199703216553
LowerLegAlpha=-0.0321299210190773
LowerLegTheta=-0.199239507317543

[RightLeg]
ThighAlpha=0.13922968506813
ThighTheta=0.229159519076347
LowerLegAlpha=0.0642598569393158
LowerLegTheta=-0.335239201784134
