[%General]
Highest=169
CenterX=39.5688234879955
CenterY=105.670337252693
XWidth=61

[LeftLeg]
ThighAlpha=-0.0999597683548927
ThighTheta=0.607692003250122
LowerLegAlpha=-0.0321299210190773
LowerLegTheta=0.172946274280548

[RightLeg]
ThighAlpha=0.103529766201973
ThighTheta=-0.391905754804611
LowerLegAlpha=0.046409897506237
LowerLegTheta=-0.677505135536194
