[%General]
Highest=173
CenterX=43.5034689157938
CenterY=79.549374853143
XWidth=58

[LeftLeg]
ThighAlpha=0.0107099786400795
ThighTheta=0.607692003250122
LowerLegAlpha=-0.0107099711894989
LowerLegTheta=0.18246628344059

[RightLeg]
ThighAlpha=0.0856798067688942
ThighTheta=-0.391905754804611
LowerLegAlpha=0.046409897506237
LowerLegTheta=-0.249106079339981
