[%General]
Highest=172
CenterX=41.0226128172213
CenterY=222.739423605919
XWidth=59

[LeftLeg]
ThighAlpha=-0.0196349546313286
ThighTheta=0.510508835315704
LowerLegAlpha=0.0981747731566429
LowerLegTheta=-0.235619455575943

[RightLeg]
ThighAlpha=0.0981747731566429
ThighTheta=0.0392699092626572
LowerLegAlpha=0.0589048638939857
LowerLegTheta=-0.235619455575943
