[%General]
Highest=175
CenterX=37.9891200133394
CenterY=150.456889963455
XWidth=61

[LeftLeg]
ThighAlpha=-0.0589048638939857
ThighTheta=-0.235619455575943
LowerLegAlpha=-0.0785398185253143
LowerLegTheta=-0.0785398185253143

[RightLeg]
ThighAlpha=0.0196349546313286
ThighTheta=0.510508835315704
LowerLegAlpha=-0.0392699092626572
LowerLegTheta=0.117809727787971
