[%General]
Highest=175
CenterX=44.0537990167525
CenterY=61.3809035625248
XWidth=56

[LeftLeg]
ThighAlpha=0.0499798879027367
ThighTheta=0.391905784606934
LowerLegAlpha=0.021419957280159
LowerLegTheta=-0.531532108783722

[RightLeg]
ThighAlpha=0.0856798067688942
ThighTheta=-0.0333198979496956
LowerLegAlpha=0.103529766201973
LowerLegTheta=-0.176119565963745
