[%General]
Highest=172
CenterX=40.0632701986569
CenterY=209.191955586087
XWidth=54

[LeftLeg]
ThighAlpha=-0.024989940226078
ThighTheta=0.388732463121414
LowerLegAlpha=-0.0321299210190773
LowerLegTheta=-1.09955739974976

[RightLeg]
ThighAlpha=0.121379725635052
ThighTheta=0.179292947053909
LowerLegAlpha=-0.024989940226078
LowerLegTheta=0.0333199352025986
