[%General]
Highest=175
CenterX=36.871691407346
CenterY=128.459521932579
XWidth=59

[LeftLeg]
ThighAlpha=-0.0606898590922356
ThighTheta=0.249106109142303
LowerLegAlpha=-0.13922968506813
LowerLegTheta=-0.106306403875351

[RightLeg]
ThighAlpha=0.103529766201973
ThighTheta=0.31891930103302
LowerLegAlpha=-0.082109808921814
LowerLegTheta=-1.02974426746368
