[%General]
Highest=176
CenterX=37.7379281302639
CenterY=145.404898933184
XWidth=62

[LeftLeg]
ThighAlpha=-0.0589048638939857
ThighTheta=-0.0785398185253143
LowerLegAlpha=-0.0981747731566429
LowerLegTheta=-0.157079637050629

[RightLeg]
ThighAlpha=0
ThighTheta=0.431968986988068
LowerLegAlpha=0.0981747731566429
LowerLegTheta=-0.196349546313286
