[%General]
Highest=170
CenterX=42.6286484059273
CenterY=34.6693367324768
XWidth=51

[LeftLeg]
ThighAlpha=-0.0214199498295784
ThighTheta=-0.2522794008255
LowerLegAlpha=0.0606898665428162
LowerLegTheta=-0.890117883682251

[RightLeg]
ThighAlpha=0.0285599380731583
ThighTheta=0.391905784606934
LowerLegAlpha=0.0642598569393158
LowerLegTheta=-0.030146561563015
