[%General]
Highest=161
CenterX=33.7819464762069
CenterY=283.150778762585
XWidth=48

[LeftLeg]
ThighAlpha=-0.157079637050629
ThighTheta=0.288999378681183
LowerLegAlpha=-0.0107099711894989
LowerLegTheta=0.116279773414135

[RightLeg]
ThighAlpha=0.13922968506813
ThighTheta=0.401879131793976
LowerLegAlpha=0.0999597758054733
LowerLegTheta=-0.00339995324611664
