[%General]
Highest=169
CenterX=39.5688234879955
CenterY=105.670337252693
XWidth=61

[LeftLeg]
ThighAlpha=-0.0981747731566429
ThighTheta=0.589048624038696
LowerLegAlpha=-0.0392699092626572
LowerLegTheta=0.196349546313286

[RightLeg]
ThighAlpha=0.0981747731566429
ThighTheta=-0.353429168462753
LowerLegAlpha=0.0589048638939857
LowerLegTheta=-0.706858336925507
