[%General]
Highest=156
CenterX=29.7174776229894
CenterY=213.069839827714
XWidth=51

[LeftLeg]
ThighAlpha=-0.0589048638939857
ThighTheta=0.510508835315704
LowerLegAlpha=0.0589048638939857
LowerLegTheta=0

[RightLeg]
ThighAlpha=0.0392699092626572
ThighTheta=-0.274889349937439
LowerLegAlpha=0.0785398185253143
LowerLegTheta=-0.157079637050629
