[%General]
Highest=152
CenterX=30.7976615994143
CenterY=293.520089574092
XWidth=41

[LeftLeg]
ThighAlpha=-0.0392699092626572
ThighTheta=-0.157079637050629
LowerLegAlpha=-0.0981747731566429
LowerLegTheta=-0.0785398185253143

[RightLeg]
ThighAlpha=0
ThighTheta=0.589048624038696
LowerLegAlpha=0
LowerLegTheta=-0.274889349937439
