[%General]
Highest=157
CenterX=33.6839563513531
CenterY=73.8114980141713
XWidth=51

[LeftLeg]
ThighAlpha=-0.0589048638939857
ThighTheta=0.589048624038696
LowerLegAlpha=0
LowerLegTheta=0.157079637050629

[RightLeg]
ThighAlpha=0.0785398185253143
ThighTheta=-0.353429168462753
LowerLegAlpha=0.0589048638939857
LowerLegTheta=-0.785398185253143
