[%General]
Highest=157
CenterX=30.4120867867335
CenterY=192.945014132201
XWidth=53

[LeftLeg]
ThighAlpha=-0.0392699092626572
ThighTheta=0.235619455575943
LowerLegAlpha=0.0981747731566429
LowerLegTheta=-0.667588412761688

[RightLeg]
ThighAlpha=0.0589048638939857
ThighTheta=0.117809727787971
LowerLegAlpha=0.0981747731566429
LowerLegTheta=-0.117809727787971
