[%General]
Highest=140
CenterX=30.783881068021
CenterY=295.620916644067
XWidth=41

[LeftLeg]
ThighAlpha=-0.0589048638939857
ThighTheta=-0.196349546313286
LowerLegAlpha=-0.0785398185253143
LowerLegTheta=-0.157079637050629

[RightLeg]
ThighAlpha=-0.0589048638939857
ThighTheta=0.785398185253143
LowerLegAlpha=0.0589048638939857
LowerLegTheta=-0.235619455575943
