[%General]
Highest=159
CenterX=30.132211965812
CenterY=99.9002666666667
XWidth=51

[LeftLeg]
ThighAlpha=-0.0589048638939857
ThighTheta=0.235619455575943
LowerLegAlpha=-0.0589048638939857
LowerLegTheta=-0.235619455575943

[RightLeg]
ThighAlpha=0.0981747731566429
ThighTheta=0.0785398185253143
LowerLegAlpha=-0.0981747731566429
LowerLegTheta=-0.667588412761688
