[%General]
Highest=157
CenterX=34.6936146113549
CenterY=304.350224601959
XWidth=47

[LeftLeg]
ThighAlpha=-0.117809727787971
ThighTheta=-0.199239507317543
LowerLegAlpha=-0.103529758751392
LowerLegTheta=0.00340002961456776

[RightLeg]
ThighAlpha=0.0285599380731583
ThighTheta=0.514758884906769
LowerLegAlpha=0.0999597758054733
LowerLegTheta=-0.770438194274902
