[%General]
Highest=176
CenterX=37.0539146004757
CenterY=112.822496651267
XWidth=63

[LeftLeg]
ThighAlpha=-0.0785398185253143
ThighTheta=0.454919010400772
LowerLegAlpha=-0.0856797993183136
LowerLegTheta=-0.0564398318529129

[RightLeg]
ThighAlpha=0.0856798067688942
ThighTheta=-0.0795597806572914
LowerLegAlpha=0.0249899476766586
LowerLegTheta=-1.0097975730896
