[%General]
Highest=175
CenterX=36.5603963931792
CenterY=194.482516441984
XWidth=59

[LeftLeg]
ThighAlpha=-0.024989940226078
ThighTheta=-0.192439526319504
LowerLegAlpha=0.00356999784708023
LowerLegTheta=-0.866998016834259

[RightLeg]
ThighAlpha=0.121379725635052
ThighTheta=0.371959179639816
LowerLegAlpha=0.00713998824357986
LowerLegTheta=0.0564399100840092
