[%General]
Highest=176
CenterX=37.7008923794646
CenterY=213.9606668236
XWidth=61

[LeftLeg]
ThighAlpha=-0.0999597683548927
ThighTheta=0.229159519076347
LowerLegAlpha=-0.13922968506813
LowerLegTheta=-0.448118954896927

[RightLeg]
ThighAlpha=0.0856798067688942
ThighTheta=-0.0265199020504951
LowerLegAlpha=0.0606898665428162
LowerLegTheta=-0.0333198830485344
