[%General]
Highest=179
CenterX=35.7100505635434
CenterY=144.735233467981
XWidth=62

[LeftLeg]
ThighAlpha=-0.0428398996591568
ThighTheta=-0.00339995324611664
LowerLegAlpha=-0.157079637050629
LowerLegTheta=-0.365159124135971

[RightLeg]
ThighAlpha=0.0321299284696579
ThighTheta=0.371959179639816
LowerLegAlpha=0.021419957280159
LowerLegTheta=-0.162519589066505
