[%General]
Highest=173
CenterX=36.2542824373821
CenterY=168.431107329165
XWidth=61

[LeftLeg]
ThighAlpha=-0.0785398185253143
ThighTheta=-0.448118954896927
LowerLegAlpha=-0.0321299210190773
LowerLegTheta=-0.265879362821579

[RightLeg]
ThighAlpha=0.0856798067688942
ThighTheta=0.514758884906769
LowerLegAlpha=0.00356999784708023
LowerLegTheta=0.49163892865181
