[%General]
Highest=176
CenterX=36.5153570443893
CenterY=116.546760408051
XWidth=63

[LeftLeg]
ThighAlpha=-0.0999597683548927
ThighTheta=0.395079135894775
LowerLegAlpha=-0.0856797993183136
LowerLegTheta=-0.0795597806572914

[RightLeg]
ThighAlpha=0.121379725635052
ThighTheta=-0.139399647712708
LowerLegAlpha=-0.0785398185253143
LowerLegTheta=-0.80035811662674
