[%General]
Highest=175
CenterX=37.2416723826644
CenterY=229.227717464147
XWidth=60

[LeftLeg]
ThighAlpha=-0.0392699092626572
ThighTheta=0.49163892865181
LowerLegAlpha=0.0249899476766586
LowerLegTheta=0.109479792416096

[RightLeg]
ThighAlpha=0.121379725635052
ThighTheta=-0.288999319076538
LowerLegAlpha=0.0249899476766586
LowerLegTheta=-0.0496398508548737
