[%General]
Highest=175
CenterX=39.6076575485011
CenterY=82.6776616823229
XWidth=60

[LeftLeg]
ThighAlpha=0.0142799690365791
ThighTheta=0.454919010400772
LowerLegAlpha=-0.103529758751392
LowerLegTheta=0.521558880805969

[RightLeg]
ThighAlpha=0.13922968506813
ThighTheta=-0.401879042387009
LowerLegAlpha=0.0321299284696579
LowerLegTheta=-0.424998998641968
