[%General]
Highest=174
CenterX=37.6812426558013
CenterY=103.825790392224
XWidth=63

[LeftLeg]
ThighAlpha=-0.0999597683548927
ThighTheta=0.567798733711243
LowerLegAlpha=-0.121379718184471
LowerLegTheta=0.070039875805378

[RightLeg]
ThighAlpha=0.121379725635052
ThighTheta=-0.371959120035172
LowerLegAlpha=0.0606898665428162
LowerLegTheta=-0.657558441162109
