[%General]
Highest=167
CenterX=36.0538205919903
CenterY=275.219746289874
XWidth=52

[LeftLeg]
ThighAlpha=-0.0999597683548927
ThighTheta=0.312119334936142
LowerLegAlpha=-0.103529758751392
LowerLegTheta=0.235959500074387

[RightLeg]
ThighAlpha=-0.0392699092626572
ThighTheta=-0.2522794008255
LowerLegAlpha=0.0606898665428162
LowerLegTheta=-0.694278359413147
