[%General]
Highest=161
CenterX=35.4128685213454
CenterY=299.158519995431
XWidth=49

[LeftLeg]
ThighAlpha=-0.117809727787971
ThighTheta=-0.146199628710747
LowerLegAlpha=-0.082109808921814
LowerLegTheta=0.070039875805378

[RightLeg]
ThighAlpha=-0.00713998079299927
ThighTheta=0.484838932752609
LowerLegAlpha=-0.0678298398852348
LowerLegTheta=-0.537878751754761
