[%General]
Highest=166
CenterX=35.912117542014
CenterY=279.751513919216
XWidth=52

[LeftLeg]
ThighAlpha=-0.117809727787971
ThighTheta=0.229159519076347
LowerLegAlpha=-0.0999597683548927
LowerLegTheta=0.229159519076347

[RightLeg]
ThighAlpha=-0.00356999039649963
ThighTheta=-0.259079366922379
LowerLegAlpha=-0.0321299210190773
LowerLegTheta=-0.514758765697479
