[%General]
Highest=178
CenterX=35.7071107762314
CenterY=148.737966492332
XWidth=63

[LeftLeg]
ThighAlpha=-0.0999597683548927
ThighTheta=-0.206039488315582
LowerLegAlpha=-0.0499798804521561
LowerLegTheta=-0.162519589066505

[RightLeg]
ThighAlpha=0.13922968506813
ThighTheta=0.431799054145813
LowerLegAlpha=-0.157079637050629
LowerLegTheta=0.199239581823349
