[%General]
Highest=174
CenterX=39.1665284411016
CenterY=90.5127834815683
XWidth=63

[LeftLeg]
ThighAlpha=-0.0785398185253143
ThighTheta=0.544678807258606
LowerLegAlpha=-0.0499798804521561
LowerLegTheta=0.401879131793976

[RightLeg]
ThighAlpha=0.13922968506813
ThighTheta=-0.448118954896927
LowerLegAlpha=0.021419957280159
LowerLegTheta=-0.38555908203125
