[%General]
Highest=172
CenterX=37.0915602327253
CenterY=240.976704295218
XWidth=57

[LeftLeg]
ThighAlpha=-0.00713998079299927
ThighTheta=0.544678807258606
LowerLegAlpha=-0.117809727787971
LowerLegTheta=0.49163892865181

[RightLeg]
ThighAlpha=0.0856798067688942
ThighTheta=-0.431798994541168
LowerLegAlpha=0.0999597758054733
LowerLegTheta=-0.169319570064545
