[%General]
Highest=175
CenterX=41.8303125406865
CenterY=36.861155461753
XWidth=56

[LeftLeg]
ThighAlpha=0.0606898665428162
ThighTheta=-0.229159444570541
LowerLegAlpha=-0.0642598494887352
LowerLegTheta=-0.740518271923065

[RightLeg]
ThighAlpha=0.103529766201973
ThighTheta=0.229159519076347
LowerLegAlpha=0.0606898665428162
LowerLegTheta=-0.0333198830485344
