[%General]
Highest=174
CenterX=36.6506556888187
CenterY=189.716646422623
XWidth=59

[LeftLeg]
ThighAlpha=-0.00713998079299927
ThighTheta=-0.282199323177338
LowerLegAlpha=-0.0107099711894989
LowerLegTheta=-0.777238190174103

[RightLeg]
ThighAlpha=0.0678298473358154
ThighTheta=0.484838932752609
LowerLegAlpha=0.0821098163723946
LowerLegTheta=-0.0197199191898108
