[%General]
Highest=175
CenterX=35.845863578966
CenterY=160.590522747916
XWidth=61

[LeftLeg]
ThighAlpha=-0.0428398996591568
ThighTheta=-0.424998998641968
LowerLegAlpha=-0.121379718184471
LowerLegTheta=-0.123079679906368

[RightLeg]
ThighAlpha=0.13922968506813
ThighTheta=0.454919010400772
LowerLegAlpha=-0.117809727787971
LowerLegTheta=0.60451865196228
