[%General]
Highest=176
CenterX=39.705812532483
CenterY=78.8578401764268
XWidth=60

[LeftLeg]
ThighAlpha=-0.0606898590922356
ThighTheta=0.484838932752609
LowerLegAlpha=0.021419957280159
LowerLegTheta=0.34883925318718

[RightLeg]
ThighAlpha=0.13922968506813
ThighTheta=-0.342039197683334
LowerLegAlpha=0.0285599380731583
LowerLegTheta=-0.371959120035172
