[%General]
Highest=173
CenterX=41.4701014442057
CenterY=16.9660386787267
XWidth=51

[LeftLeg]
ThighAlpha=-0.157079637050629
ThighTheta=0.312119334936142
LowerLegAlpha=-0.157079637050629
LowerLegTheta=0.288999378681183

[RightLeg]
ThighAlpha=0.0856798067688942
ThighTheta=0.252279460430145
LowerLegAlpha=0.00713998824357986
LowerLegTheta=0.408679097890854
