[%General]
Highest=175
CenterX=37.2350598822911
CenterY=225.661446159234
XWidth=60

[LeftLeg]
ThighAlpha=-0.0392699092626572
ThighTheta=0.454919010400772
LowerLegAlpha=0.021419957280159
LowerLegTheta=-0.192439526319504

[RightLeg]
ThighAlpha=0.103529766201973
ThighTheta=-0.229159444570541
LowerLegAlpha=0.0428399071097374
LowerLegTheta=-0.0265199020504951
