[%General]
Highest=178
CenterX=41.0626933127133
CenterY=47.2384345669795
XWidth=58

[LeftLeg]
ThighAlpha=0.0999597758054733
ThighTheta=-0.0863597691059113
LowerLegAlpha=-0.0678298398852348
LowerLegTheta=-0.597718596458435

[RightLeg]
ThighAlpha=0.13922968506813
ThighTheta=-0.00339995324611664
LowerLegAlpha=0.0321299284696579
LowerLegTheta=0.0333199612796307
