[%General]
Highest=166
CenterX=35.8285280198383
CenterY=283.956464034368
XWidth=52

[LeftLeg]
ThighAlpha=-0.0999597683548927
ThighTheta=0.0863598436117172
LowerLegAlpha=-0.117809727787971
LowerLegTheta=0.31891930103302

[RightLeg]
ThighAlpha=0.0142799690365791
ThighTheta=-0.229159444570541
LowerLegAlpha=-0.0856797993183136
LowerLegTheta=-0.342039197683334
