[%General]
Highest=176
CenterX=35.8115625205768
CenterY=124.475986040693
XWidth=63

[LeftLeg]
ThighAlpha=-0.0785398185253143
ThighTheta=0.199239581823349
LowerLegAlpha=-0.13922968506813
LowerLegTheta=0.00340002961456776

[RightLeg]
ThighAlpha=0.103529766201973
ThighTheta=-0.295799285173416
LowerLegAlpha=-0.0999597683548927
LowerLegTheta=-0.358359158039093
