[%General]
Highest=178
CenterX=41.2841289215848
CenterY=43.3521195526672
XWidth=58

[LeftLeg]
ThighAlpha=0.103529766201973
ThighTheta=-0.288999319076538
LowerLegAlpha=-0.0856797993183136
LowerLegTheta=-0.454918920993805

[RightLeg]
ThighAlpha=0.121379725635052
ThighTheta=0.146199703216553
LowerLegAlpha=0.0642598569393158
LowerLegTheta=-0.0333198830485344
