[%General]
Highest=176
CenterX=36.851650055371
CenterY=198.365684754522
XWidth=62

[LeftLeg]
ThighAlpha=0.046409897506237
ThighTheta=-0.146199628710747
LowerLegAlpha=-0.121379718184471
LowerLegTheta=-0.770438194274902

[RightLeg]
ThighAlpha=0.13922968506813
ThighTheta=0.408679097890854
LowerLegAlpha=0.00356999784708023
LowerLegTheta=-0.070039801299572
