[%General]
Highest=165
CenterX=35.8343112723088
CenterY=287.621855846273
XWidth=51

[LeftLeg]
ThighAlpha=-0.0606898590922356
ThighTheta=-0.00339995324611664
LowerLegAlpha=-0.13922968506813
LowerLegTheta=0.295799374580383

[RightLeg]
ThighAlpha=-0.00356999039649963
ThighTheta=-0.282199323177338
LowerLegAlpha=-0.0107099711894989
LowerLegTheta=0.185639619827271
