[%General]
Highest=173
CenterX=41.6657526976826
CenterY=19.3859720502388
XWidth=52

[LeftLeg]
ThighAlpha=-0.157079637050629
ThighTheta=0.371959179639816
LowerLegAlpha=-0.13922968506813
LowerLegTheta=0.199239581823349

[RightLeg]
ThighAlpha=0.13922968506813
ThighTheta=0.342039257287979
LowerLegAlpha=-0.0428398996591568
LowerLegTheta=0.259079456329346
