[%General]
Highest=176
CenterX=35.8672265160523
CenterY=157.024866230678
XWidth=62

[LeftLeg]
ThighAlpha=-0.0785398185253143
ThighTheta=-0.342039197683334
LowerLegAlpha=-0.0678298398852348
LowerLegTheta=-0.229159444570541

[RightLeg]
ThighAlpha=0.0642598569393158
ThighTheta=0.484838932752609
LowerLegAlpha=-0.082109808921814
LowerLegTheta=0.46171897649765
