[%General]
Highest=169
CenterX=36.5886672377922
CenterY=265.639421647989
XWidth=55

[LeftLeg]
ThighAlpha=-0.117809727787971
ThighTheta=0.514758884906769
LowerLegAlpha=-0.103529758751392
LowerLegTheta=0.222359538078308

[RightLeg]
ThighAlpha=0.103529766201973
ThighTheta=-0.491638839244843
LowerLegAlpha=-0.024989940226078
LowerLegTheta=-0.418199002742767
