[%General]
Highest=179
CenterX=40.775924115001
CenterY=51.5295390833822
XWidth=59

[LeftLeg]
ThighAlpha=0.0999597758054733
ThighTheta=0.00340002961456776
LowerLegAlpha=-0.117809727787971
LowerLegTheta=-0.514758765697479

[RightLeg]
ThighAlpha=0.103529766201973
ThighTheta=0.0333199612796307
LowerLegAlpha=0.0821098163723946
LowerLegTheta=-0.199239507317543
