[%General]
Highest=174
CenterX=35.9710178068247
CenterY=164.477759910302
XWidth=61

[LeftLeg]
ThighAlpha=-0.0785398185253143
ThighTheta=-0.544678747653961
LowerLegAlpha=-0.0499798804521561
LowerLegTheta=-0.0931597501039505

[RightLeg]
ThighAlpha=0.0499798879027367
ThighTheta=0.514758884906769
LowerLegAlpha=-0.0107099711894989
LowerLegTheta=0.521558880805969
