[%General]
Highest=174
CenterX=37.1570521667127
CenterY=233.244367335673
XWidth=59

[LeftLeg]
ThighAlpha=-0.0428398996591568
ThighTheta=0.514758884906769
LowerLegAlpha=-0.0107099711894989
LowerLegTheta=0.288999378681183

[RightLeg]
ThighAlpha=0.121379725635052
ThighTheta=-0.348839163780212
LowerLegAlpha=0.0428399071097374
LowerLegTheta=-0.109479710459709
