[%General]
Highest=177
CenterX=36.0319766067654
CenterY=120.507897917975
XWidth=64

[LeftLeg]
ThighAlpha=-0.0999597683548927
ThighTheta=0.378759175539017
LowerLegAlpha=-0.103529758751392
LowerLegTheta=-0.182919546961784

[RightLeg]
ThighAlpha=0.0821098163723946
ThighTheta=0.070039875805378
LowerLegAlpha=-0.0285599306225777
LowerLegTheta=-0.81395810842514
