[%General]
Highest=168
CenterX=36.7004478958828
CenterY=256.006639787394
XWidth=56

[LeftLeg]
ThighAlpha=-0.117809727787971
ThighTheta=0.574598729610443
LowerLegAlpha=-0.0642598494887352
LowerLegTheta=0.371959179639816

[RightLeg]
ThighAlpha=0.0856798067688942
ThighTheta=-0.401879042387009
LowerLegAlpha=0.0606898665428162
LowerLegTheta=-0.448118954896927
