[%General]
Highest=150
CenterX=32.0860975656766
CenterY=294.878862055008
XWidth=48

[LeftLeg]
ThighAlpha=-0.0214199498295784
ThighTheta=0.807158231735229
LowerLegAlpha=0.021419957280159
LowerLegTheta=0.0496399253606796

[RightLeg]
ThighAlpha=0.103529766201973
ThighTheta=-0.312119245529175
LowerLegAlpha=0.0821098163723946
LowerLegTheta=-0.176119565963745
