[%General]
Highest=157
CenterX=32.510452610803
CenterY=98.5101035191128
XWidth=53

[LeftLeg]
ThighAlpha=0.0142799690365791
ThighTheta=-0.282199323177338
LowerLegAlpha=0.00713998824357986
LowerLegTheta=-0.81395810842514

[RightLeg]
ThighAlpha=0.13922968506813
ThighTheta=0.46171897649765
LowerLegAlpha=-0.0142799615859985
LowerLegTheta=0.0265199784189463
