[%General]
Highest=160
CenterX=31.4888494593845
CenterY=49.8773828666482
XWidth=53

[LeftLeg]
ThighAlpha=-0.0785398185253143
ThighTheta=-0.0632398128509521
LowerLegAlpha=-0.13922968506813
LowerLegTheta=-0.0795597806572914

[RightLeg]
ThighAlpha=0.0678298473358154
ThighTheta=0.34883925318718
LowerLegAlpha=0.0107099786400795
LowerLegTheta=-0.956757783889771
