[%General]
Highest=152
CenterX=30.4284171885122
CenterY=250.318821321197
XWidth=51

[LeftLeg]
ThighAlpha=-0.0392699092626572
ThighTheta=-0.395079076290131
LowerLegAlpha=-0.0142799615859985
LowerLegTheta=-0.717398345470428

[RightLeg]
ThighAlpha=0.0856798067688942
ThighTheta=0.371959179639816
LowerLegAlpha=0.046409897506237
LowerLegTheta=0.34883925318718
