[%General]
Highest=159
CenterX=31.8850367386686
CenterY=59.3617652266289
XWidth=55

[LeftLeg]
ThighAlpha=-0.082109808921814
ThighTheta=-0.206039488315582
LowerLegAlpha=-0.0856797993183136
LowerLegTheta=-0.2454794049263

[RightLeg]
ThighAlpha=0.0856798067688942
ThighTheta=0.34883925318718
LowerLegAlpha=-0.0392699092626572
LowerLegTheta=-0.275399327278137
