[%General]
Highest=159
CenterX=31.5915427302997
CenterY=44.7600887902331
XWidth=51

[LeftLeg]
ThighAlpha=-0.0785398185253143
ThighTheta=0.0564399100840092
LowerLegAlpha=-0.0499798804521561
LowerLegTheta=-0.109479710459709

[RightLeg]
ThighAlpha=0.103529766201973
ThighTheta=-0.288999319076538
LowerLegAlpha=-0.117809727787971
LowerLegTheta=-0.0727597996592522
