[%General]
Highest=152
CenterX=31.4187671920143
CenterY=289.51576907773
XWidth=50

[LeftLeg]
ThighAlpha=-0.0392699092626572
ThighTheta=0.521558880805969
LowerLegAlpha=-0.0142799615859985
LowerLegTheta=0.0564399100840092

[RightLeg]
ThighAlpha=0.121379725635052
ThighTheta=-0.229159444570541
LowerLegAlpha=-0.00713998079299927
LowerLegTheta=-0.0795597806572914
