[%General]
Highest=154
CenterX=32.3211536487735
CenterY=23.6434021006535
XWidth=49

[LeftLeg]
ThighAlpha=-0.13922968506813
ThighTheta=0.418199092149734
LowerLegAlpha=-0.0142799615859985
LowerLegTheta=-0.0727597996592522

[RightLeg]
ThighAlpha=0.13922968506813
ThighTheta=0.252279460430145
LowerLegAlpha=0.13922968506813
LowerLegTheta=0.206039562821388
