[%General]
Highest=158
CenterX=32.7121066622131
CenterY=107.054681084993
XWidth=53

[LeftLeg]
ThighAlpha=-0.00356999039649963
ThighTheta=-0.152999609708786
LowerLegAlpha=0.00356999784708023
LowerLegTheta=-0.80035811662674

[RightLeg]
ThighAlpha=0.103529766201973
ThighTheta=0.288999378681183
LowerLegAlpha=0.046409897506237
LowerLegTheta=-0.00339995324611664
