[%General]
Highest=155
CenterX=32.3356514400913
CenterY=27.6155589241901
XWidth=49

[LeftLeg]
ThighAlpha=-0.117809727787971
ThighTheta=0.31891930103302
LowerLegAlpha=-0.0142799615859985
LowerLegTheta=0.0564399100840092

[RightLeg]
ThighAlpha=0.13922968506813
ThighTheta=0.312119334936142
LowerLegAlpha=0.13922968506813
LowerLegTheta=0.0632398948073387
