[%General]
Highest=156
CenterX=32.5105780730897
CenterY=147.357873754153
XWidth=54

[LeftLeg]
ThighAlpha=-0.117809727787971
ThighTheta=0.454919010400772
LowerLegAlpha=-0.0321299210190773
LowerLegTheta=0.468518972396851

[RightLeg]
ThighAlpha=0.13922968506813
ThighTheta=-0.461718916893005
LowerLegAlpha=0.0428399071097374
LowerLegTheta=-0.275399327278137
