[%General]
Highest=154
CenterX=30.2622806314609
CenterY=269.60339770815
XWidth=49

[LeftLeg]
ThighAlpha=-0.024989940226078
ThighTheta=0.0564399100840092
LowerLegAlpha=-0.0999597683548927
LowerLegTheta=-1.0097975730896

[RightLeg]
ThighAlpha=0.0856798067688942
ThighTheta=0.176119640469551
LowerLegAlpha=-0.0107099711894989
LowerLegTheta=-0.0265199020504951
