[%General]
Highest=155
CenterX=31.6058800823469
CenterY=160.114526505404
XWidth=54

[LeftLeg]
ThighAlpha=-0.117809727787971
ThighTheta=0.544678807258606
LowerLegAlpha=-0.13922968506813
LowerLegTheta=0.34883925318718

[RightLeg]
ThighAlpha=0.103529766201973
ThighTheta=-0.461718916893005
LowerLegAlpha=0.0999597758054733
LowerLegTheta=-0.544678747653961
