[%General]
Highest=148
CenterX=32.1003650359084
CenterY=298.196107606237
XWidth=46

[LeftLeg]
ThighAlpha=-0.157079637050629
ThighTheta=-0.371959120035172
LowerLegAlpha=-0.160649627447128
LowerLegTheta=-0.282199323177338

[RightLeg]
ThighAlpha=0.0856798067688942
ThighTheta=-0.348839163780212
LowerLegAlpha=0.121379725635052
LowerLegTheta=-0.2454794049263
