[%General]
Highest=152
CenterX=30.3833527982071
CenterY=255.129494018497
XWidth=51

[LeftLeg]
ThighAlpha=-0.0428398996591568
ThighTheta=-0.229159444570541
LowerLegAlpha=-0.0142799615859985
LowerLegTheta=-0.920037806034088

[RightLeg]
ThighAlpha=0.0856798067688942
ThighTheta=0.371959179639816
LowerLegAlpha=0.0428399071097374
LowerLegTheta=0.229159519076347
