[%General]
Highest=155
CenterX=31.2914835581149
CenterY=164.493648027479
XWidth=55

[LeftLeg]
ThighAlpha=-0.157079637050629
ThighTheta=0.60451865196228
LowerLegAlpha=-0.103529758751392
LowerLegTheta=0.169319659471512

[RightLeg]
ThighAlpha=0.121379725635052
ThighTheta=-0.431798994541168
LowerLegAlpha=0.021419957280159
LowerLegTheta=-0.627638518810272
