[%General]
Highest=157
CenterX=32.2894775827935
CenterY=143.699007420775
XWidth=56

[LeftLeg]
ThighAlpha=-0.0785398185253143
ThighTheta=0.454919010400772
LowerLegAlpha=-0.0142799615859985
LowerLegTheta=0.31891930103302

[RightLeg]
ThighAlpha=0.13922968506813
ThighTheta=-0.438598960638046
LowerLegAlpha=0.046409897506237
LowerLegTheta=-0.215559482574463
