[%General]
Highest=154
CenterX=30.7567715496674
CenterY=274.966570297808
XWidth=49

[LeftLeg]
ThighAlpha=-0.0392699092626572
ThighTheta=-0.206039488315582
LowerLegAlpha=0.021419957280159
LowerLegTheta=-0.0863597691059113

[RightLeg]
ThighAlpha=0.0499798879027367
ThighTheta=0.0265199784189463
LowerLegAlpha=0.0606898665428162
LowerLegTheta=-0.0265199020504951
