[%General]
Highest=159
CenterX=31.9731901264565
CenterY=193.257482467281
XWidth=53

[LeftLeg]
ThighAlpha=-0.0392699092626572
ThighTheta=0.109479792416096
LowerLegAlpha=-0.121379718184471
LowerLegTheta=0.00340002961456776

[RightLeg]
ThighAlpha=0.121379725635052
ThighTheta=0.116279773414135
LowerLegAlpha=-0.082109808921814
LowerLegTheta=-0.717398345470428
