[%General]
Highest=157
CenterX=31.8990355250636
CenterY=184.65158165367
XWidth=54

[LeftLeg]
ThighAlpha=-0.0464098900556564
ThighTheta=0.259079456329346
LowerLegAlpha=-0.121379718184471
LowerLegTheta=0.0564399100840092

[RightLeg]
ThighAlpha=0.0499798879027367
ThighTheta=-0.0863597691059113
LowerLegAlpha=0.0606898665428162
LowerLegTheta=-0.94995778799057
