[%General]
Highest=157
CenterX=32.744690616264
CenterY=102.916802269788
XWidth=53

[LeftLeg]
ThighAlpha=0.0107099786400795
ThighTheta=-0.199239507317543
LowerLegAlpha=0.0249899476766586
LowerLegTheta=-0.860197961330414

[RightLeg]
ThighAlpha=0.121379725635052
ThighTheta=0.371959179639816
LowerLegAlpha=0.021419957280159
LowerLegTheta=0.0265199784189463
