[%General]
Highest=156
CenterX=31.2607234603902
CenterY=179.225189196695
XWidth=54

[LeftLeg]
ThighAlpha=-0.00356999039649963
ThighTheta=0.401879131793976
LowerLegAlpha=-0.157079637050629
LowerLegTheta=0.0496399253606796

[RightLeg]
ThighAlpha=0.0321299284696579
ThighTheta=-0.222359463572502
LowerLegAlpha=0.0606898665428162
LowerLegTheta=-0.81395810842514
