[%General]
Highest=154
CenterX=30.5884394647506
CenterY=282.750810638006
XWidth=49

[LeftLeg]
ThighAlpha=-0.0642598494887352
ThighTheta=0.245479479432106
LowerLegAlpha=0.00356999784708023
LowerLegTheta=-0.10267972946167

[RightLeg]
ThighAlpha=0.13922968506813
ThighTheta=-0.0863597691059113
LowerLegAlpha=0.0107099786400795
LowerLegTheta=-0.0795597806572914
