[%General]
Highest=153
CenterX=32.1487788564094
CenterY=19.8941916589837
XWidth=48

[LeftLeg]
ThighAlpha=-0.117809727787971
ThighTheta=0.342039257287979
LowerLegAlpha=-0.0142799615859985
LowerLegTheta=0.169319659471512

[RightLeg]
ThighAlpha=0.13922968506813
ThighTheta=0.252279460430145
LowerLegAlpha=0.13922968506813
LowerLegTheta=0.265879422426224
