[%General]
Highest=157
CenterX=31.9718449574429
CenterY=134.9718082175
XWidth=55

[LeftLeg]
ThighAlpha=-0.0428398996591568
ThighTheta=0.454919010400772
LowerLegAlpha=0.021419957280159
LowerLegTheta=-0.2454794049263

[RightLeg]
ThighAlpha=0.13922968506813
ThighTheta=-0.282199323177338
LowerLegAlpha=-0.00713998079299927
LowerLegTheta=-0.0999597311019897
