[%General]
Highest=156
CenterX=33.1042443875045
CenterY=79.1139094300546
XWidth=55

[LeftLeg]
ThighAlpha=-0.00356999039649963
ThighTheta=-0.431798994541168
LowerLegAlpha=-0.0678298398852348
LowerLegTheta=-0.424998998641968

[RightLeg]
ThighAlpha=0.13922968506813
ThighTheta=0.46171897649765
LowerLegAlpha=-0.0464098900556564
LowerLegTheta=0.454919010400772
