[%General]
Highest=155
CenterX=29.6666718647662
CenterY=221.255263075819
XWidth=55

[LeftLeg]
ThighAlpha=-0.117809727787971
ThighTheta=-0.401879042387009
LowerLegAlpha=-0.082109808921814
LowerLegTheta=-0.176119565963745

[RightLeg]
ThighAlpha=0.0285599380731583
ThighTheta=0.431799054145813
LowerLegAlpha=-0.0678298398852348
LowerLegTheta=0.49163892865181
