[%General]
Highest=153
CenterX=32.0491958372753
CenterY=17.2599767781887
XWidth=49

[LeftLeg]
ThighAlpha=-0.0785398185253143
ThighTheta=0.282199382781982
LowerLegAlpha=-0.0678298398852348
LowerLegTheta=0.295799374580383

[RightLeg]
ThighAlpha=0.13922968506813
ThighTheta=0.222359538078308
LowerLegAlpha=0.13922968506813
LowerLegTheta=0.355639219284058
