[%General]
Highest=165
CenterX=35.8343112723088
CenterY=287.621855846273
XWidth=51

[LeftLeg]
ThighAlpha=-0.0589048638939857
ThighTheta=0
LowerLegAlpha=-0.0981747731566429
LowerLegTheta=0.235619455575943

[RightLeg]
ThighAlpha=0
ThighTheta=-0.314159274101257
LowerLegAlpha=-0.0981747731566429
LowerLegTheta=0
