[%General]
Highest=175
CenterX=35.845863578966
CenterY=160.590522747916
XWidth=61

[LeftLeg]
ThighAlpha=-0.0785398185253143
ThighTheta=-0.471238911151886
LowerLegAlpha=-0.0589048638939857
LowerLegTheta=-0.0785398185253143

[RightLeg]
ThighAlpha=0.0589048638939857
ThighTheta=0.471238911151886
LowerLegAlpha=-0.0589048638939857
LowerLegTheta=0.549778699874878
