[%General]
Highest=180
CenterX=35.7294344430141
CenterY=137.082342269031
XWidth=62

[LeftLeg]
ThighAlpha=-0.0392699092626572
ThighTheta=-0.0785398185253143
LowerLegAlpha=-0.0785398185253143
LowerLegTheta=-0.0785398185253143

[RightLeg]
ThighAlpha=0.0785398185253143
ThighTheta=0.157079637050629
LowerLegAlpha=0.0785398185253143
LowerLegTheta=-0.235619455575943
