[%General]
Highest=166
CenterX=35.912117542014
CenterY=279.751513919216
XWidth=52

[LeftLeg]
ThighAlpha=-0.0589048638939857
ThighTheta=0.235619455575943
LowerLegAlpha=-0.0981747731566429
LowerLegTheta=0.157079637050629

[RightLeg]
ThighAlpha=-0.0589048638939857
ThighTheta=-0.235619455575943
LowerLegAlpha=0
LowerLegTheta=-0.549778699874878
