[%General]
Highest=167
CenterX=36.0538205919903
CenterY=275.219746289874
XWidth=52

[LeftLeg]
ThighAlpha=-0.0785398185253143
ThighTheta=0.314159274101257
LowerLegAlpha=-0.0785398185253143
LowerLegTheta=0.235619455575943

[RightLeg]
ThighAlpha=-0.0589048638939857
ThighTheta=-0.314159274101257
LowerLegAlpha=0.0589048638939857
LowerLegTheta=-0.628318548202515
