[%General]
Highest=176
CenterX=37.4325068271871
CenterY=221.987526348958
XWidth=60

[LeftLeg]
ThighAlpha=-0.0392699092626572
ThighTheta=0.157079637050629
LowerLegAlpha=0.0196349546313286
LowerLegTheta=0.0785398185253143

[RightLeg]
ThighAlpha=0.0785398185253143
ThighTheta=-0.157079637050629
LowerLegAlpha=0.0785398185253143
LowerLegTheta=0
