[%General]
Highest=179
CenterX=40.2142889894735
CenterY=64.2559952313265
XWidth=59

[LeftLeg]
ThighAlpha=0.0589048638939857
ThighTheta=0.235619455575943
LowerLegAlpha=-0.0392699092626572
LowerLegTheta=-0.235619455575943

[RightLeg]
ThighAlpha=0.0981747731566429
ThighTheta=-0.235619455575943
LowerLegAlpha=0.0785398185253143
LowerLegTheta=-0.0785398185253143
