[%General]
Highest=158
CenterX=27.3827623422626
CenterY=189.216584569404
XWidth=52

[LeftLeg]
ThighAlpha=-0.0214199498295784
ThighTheta=0.534705460071564
LowerLegAlpha=0.00356999784708023
LowerLegTheta=0.322092622518539

[RightLeg]
ThighAlpha=0.0499798879027367
ThighTheta=-0.391905754804611
LowerLegAlpha=0.0107099786400795
LowerLegTheta=-0.112653076648712
