[%General]
Highest=159
CenterX=32.1535967490922
CenterY=107.106893769093
XWidth=52

[LeftLeg]
ThighAlpha=-0.024989940226078
ThighTheta=-0.312119245529175
LowerLegAlpha=-0.0856797993183136
LowerLegTheta=-0.325719207525253

[RightLeg]
ThighAlpha=-0.00713998079299927
ThighTheta=0.454919010400772
LowerLegAlpha=0.00713998824357986
LowerLegTheta=0.18291962146759
