[%General]
Highest=134
CenterX=19.8661112997154
CenterY=302.938918340167
XWidth=39

[LeftLeg]
ThighAlpha=0.0821098163723946
ThighTheta=-0.222359463572502
LowerLegAlpha=-0.117809727787971
LowerLegTheta=-0.80715811252594

[RightLeg]
ThighAlpha=0.103529766201973
ThighTheta=0.866998076438904
LowerLegAlpha=0.0142799690365791
LowerLegTheta=-0.288999319076538
