[%General]
Highest=156
CenterX=31.3898738057528
CenterY=134.976996372554
XWidth=49

[LeftLeg]
ThighAlpha=-0.0196349546313286
ThighTheta=-0.392699092626572
LowerLegAlpha=-0.0589048638939857
LowerLegTheta=-0.785398185253143

[RightLeg]
ThighAlpha=0
ThighTheta=0.549778699874878
LowerLegAlpha=0.0785398185253143
LowerLegTheta=0.235619455575943
