[%General]
Highest=156
CenterX=20.7979295321462
CenterY=255.840418090613
XWidth=44

[LeftLeg]
ThighAlpha=-0.00713998079299927
ThighTheta=-0.176119565963745
LowerLegAlpha=-0.121379718184471
LowerLegTheta=-0.109479740262032

[RightLeg]
ThighAlpha=-0.00356999039649963
ThighTheta=0.46489229798317
LowerLegAlpha=0.0821098163723946
LowerLegTheta=-0.2522794008255
