[%General]
Highest=161
CenterX=34.2310598561341
CenterY=10.4636870586683
XWidth=44

[LeftLeg]
ThighAlpha=-0.0214199498295784
ThighTheta=-0.106306403875351
LowerLegAlpha=-0.13922968506813
LowerLegTheta=0.030146598815918

[RightLeg]
ThighAlpha=0.0678298473358154
ThighTheta=-0.0364932343363762
LowerLegAlpha=0.0999597758054733
LowerLegTheta=-0.0333198979496956
