[%General]
Highest=157
CenterX=30.4029818865345
CenterY=149.406499202552
XWidth=53

[LeftLeg]
ThighAlpha=-0.0999597683548927
ThighTheta=-0.249106079339981
LowerLegAlpha=0.00713998824357986
LowerLegTheta=-0.750491619110107

[RightLeg]
ThighAlpha=0.0499798879027367
ThighTheta=0.391905784606934
LowerLegAlpha=0.00356999784708023
LowerLegTheta=0.0364932715892792
