[%General]
Highest=155
CenterX=31.0847117536594
CenterY=123.955676176266
XWidth=51

[LeftLeg]
ThighAlpha=-0.0642598494887352
ThighTheta=-0.431798994541168
LowerLegAlpha=-0.0642598494887352
LowerLegTheta=-0.597718596458435

[RightLeg]
ThighAlpha=-0.00356999039649963
ThighTheta=0.544678807258606
LowerLegAlpha=0.00713998824357986
LowerLegTheta=0.484838932752609
