[%General]
Highest=157
CenterX=30.4029818865345
CenterY=149.406499202552
XWidth=53

[LeftLeg]
ThighAlpha=-0.0999597683548927
ThighTheta=-0.259079366922379
LowerLegAlpha=-0.0107099711894989
LowerLegTheta=-0.740518271923065

[RightLeg]
ThighAlpha=0.0321299284696579
ThighTheta=0.431799054145813
LowerLegAlpha=0.021419957280159
LowerLegTheta=0.0265199784189463
