[%General]
Highest=131
CenterX=20.2862355343771
CenterY=307.449040163376
XWidth=36

[LeftLeg]
ThighAlpha=0.121379725635052
ThighTheta=-0.182466238737106
LowerLegAlpha=-0.0999597683548927
LowerLegTheta=-0.886944591999054

[RightLeg]
ThighAlpha=0.121379725635052
ThighTheta=0.886944651603699
LowerLegAlpha=-0.00356999039649963
LowerLegTheta=-0.391905754804611
