[%General]
Highest=155
CenterX=20.1643803368502
CenterY=260.498662443555
XWidth=44

[LeftLeg]
ThighAlpha=0.0107099786400795
ThighTheta=-0.259079366922379
LowerLegAlpha=-0.157079637050629
LowerLegTheta=-0.162519589066505

[RightLeg]
ThighAlpha=-0.0428398996591568
ThighTheta=0.424999058246613
LowerLegAlpha=0.0249899476766586
LowerLegTheta=0.070039875805378
