[%General]
Highest=161
CenterX=33.6286222896664
CenterY=16.5923045495666
XWidth=45

[LeftLeg]
ThighAlpha=-0.024989940226078
ThighTheta=0.249106109142303
LowerLegAlpha=-0.0142799615859985
LowerLegTheta=-0.255452752113342

[RightLeg]
ThighAlpha=0.0678298473358154
ThighTheta=-0.106306403875351
LowerLegAlpha=0.0999597758054733
LowerLegTheta=-0.106306403875351
