[%General]
Highest=156
CenterX=31.2443168190177
CenterY=115.447378940916
XWidth=53

[LeftLeg]
ThighAlpha=-0.0606898590922356
ThighTheta=-0.391905754804611
LowerLegAlpha=-0.0678298398852348
LowerLegTheta=-0.464892268180847

[RightLeg]
ThighAlpha=-0.00713998079299927
ThighTheta=0.534705460071564
LowerLegAlpha=-0.0285599306225777
LowerLegTheta=0.388732463121414
