[%General]
Highest=159
CenterX=27.7921798115148
CenterY=180.47874676823
XWidth=52

[LeftLeg]
ThighAlpha=-0.024989940226078
ThighTheta=0.544678807258606
LowerLegAlpha=0.00356999784708023
LowerLegTheta=-0.0401198677718639

[RightLeg]
ThighAlpha=0.0678298473358154
ThighTheta=-0.229159444570541
LowerLegAlpha=-0.0107099711894989
LowerLegTheta=-0.139399647712708
