[%General]
Highest=160
CenterX=31.7150616130351
CenterY=97.7727471821527
XWidth=50

[LeftLeg]
ThighAlpha=-0.0428398996591568
ThighTheta=-0.123079679906368
LowerLegAlpha=-0.117809727787971
LowerLegTheta=-0.358359158039093

[RightLeg]
ThighAlpha=-0.00356999039649963
ThighTheta=0.401879131793976
LowerLegAlpha=0.0107099786400795
LowerLegTheta=-0.139399647712708
