[%General]
Highest=159
CenterX=33.1887328221092
CenterY=29.3472021866221
XWidth=46

[LeftLeg]
ThighAlpha=-0.0785398185253143
ThighTheta=0.471238911151886
LowerLegAlpha=0.0196349546313286
LowerLegTheta=0.157079637050629

[RightLeg]
ThighAlpha=0.0785398185253143
ThighTheta=-0.353429168462753
LowerLegAlpha=0
LowerLegTheta=-0.235619455575943
