[%General]
Highest=160
CenterX=32.1793018457747
CenterY=78.6925047425193
XWidth=50

[LeftLeg]
ThighAlpha=-0.0392699092626572
ThighTheta=0.199239581823349
LowerLegAlpha=-0.103529758751392
LowerLegTheta=-0.0795597806572914

[RightLeg]
ThighAlpha=0.121379725635052
ThighTheta=0.0564399100840092
LowerLegAlpha=-0.117809727787971
LowerLegTheta=-0.717398345470428
