[%General]
Highest=155
CenterX=24.5634600123446
CenterY=207.947817652764
XWidth=49

[LeftLeg]
ThighAlpha=-0.0785398185253143
ThighTheta=0.534705460071564
LowerLegAlpha=0.00356999784708023
LowerLegTheta=0.31891930103302

[RightLeg]
ThighAlpha=-0.0214199498295784
ThighTheta=-0.391905754804611
LowerLegAlpha=0.00356999784708023
LowerLegTheta=-0.604518592357635
