[%General]
Highest=156
CenterX=21.0780486892087
CenterY=226.875844389139
XWidth=46

[LeftLeg]
ThighAlpha=-0.0642598494887352
ThighTheta=0.395079135894775
LowerLegAlpha=0.00356999784708023
LowerLegTheta=0.103133104741573

[RightLeg]
ThighAlpha=-0.0464098900556564
ThighTheta=-0.176119565963745
LowerLegAlpha=-0.0678298398852348
LowerLegTheta=-0.750491619110107
