[%General]
Highest=131
CenterX=20.2862355343771
CenterY=307.449040163376
XWidth=36

[LeftLeg]
ThighAlpha=0.13922968506813
ThighTheta=-0.222359463572502
LowerLegAlpha=-0.117809727787971
LowerLegTheta=-0.866998016834259

[RightLeg]
ThighAlpha=0.13922968506813
ThighTheta=0.896917998790741
LowerLegAlpha=-0.0392699092626572
LowerLegTheta=-0.371959120035172
