[%General]
Highest=158
CenterX=33.1673213206614
CenterY=54.3971735428226
XWidth=47

[LeftLeg]
ThighAlpha=-0.0214199498295784
ThighTheta=0.607692003250122
LowerLegAlpha=-0.13922968506813
LowerLegTheta=0.103133104741573

[RightLeg]
ThighAlpha=0.0856798067688942
ThighTheta=-0.391905754804611
LowerLegAlpha=0.0821098163723946
LowerLegTheta=-0.674331784248352
