[%General]
Highest=153
CenterX=19.8162099631263
CenterY=270.015882196997
XWidth=43

[LeftLeg]
ThighAlpha=-0.024989940226078
ThighTheta=-0.458545595407486
LowerLegAlpha=-0.0856797993183136
LowerLegTheta=-0.255452752113342

[RightLeg]
ThighAlpha=-0.0428398996591568
ThighTheta=0.391905784606934
LowerLegAlpha=-0.00713998079299927
LowerLegTheta=0.60451865196228
