[%General]
Highest=156
CenterX=22.6765627076175
CenterY=217.707332814487
XWidth=48

[LeftLeg]
ThighAlpha=-0.0785398185253143
ThighTheta=0.510508835315704
LowerLegAlpha=0.0196349546313286
LowerLegTheta=0.157079637050629

[RightLeg]
ThighAlpha=-0.0392699092626572
ThighTheta=-0.314159274101257
LowerLegAlpha=0
LowerLegTheta=-0.746128261089325
