[%General]
Highest=155
CenterX=23.6814398364486
CenterY=212.612368574766
XWidth=49

[LeftLeg]
ThighAlpha=-0.0606898590922356
ThighTheta=0.534705460071564
LowerLegAlpha=-0.0142799615859985
LowerLegTheta=0.245932787656784

[RightLeg]
ThighAlpha=0.0107099786400795
ThighTheta=-0.461718916893005
LowerLegAlpha=-0.0464098900556564
LowerLegTheta=-0.537878751754761
