[%General]
Highest=160
CenterX=28.5553087972888
CenterY=171.283572318002
XWidth=52

[LeftLeg]
ThighAlpha=-0.117809727787971
ThighTheta=0.179292947053909
LowerLegAlpha=0.00356999784708023
LowerLegTheta=-0.106306403875351

[RightLeg]
ThighAlpha=0.0321299284696579
ThighTheta=0.0364932715892792
LowerLegAlpha=0.0606898665428162
LowerLegTheta=-0.249106079339981
