[%General]
Highest=156
CenterX=20.7979295321462
CenterY=255.840418090613
XWidth=44

[LeftLeg]
ThighAlpha=-0.00713998079299927
ThighTheta=-0.206039488315582
LowerLegAlpha=-0.13922968506813
LowerLegTheta=-0.0496398508548737

[RightLeg]
ThighAlpha=-0.00356999039649963
ThighTheta=0.454919010400772
LowerLegAlpha=0.046409897506237
LowerLegTheta=-0.222359463572502
