[%General]
Highest=157
CenterX=20.6597810833567
CenterY=231.500926185798
XWidth=46

[LeftLeg]
ThighAlpha=-0.0606898590922356
ThighTheta=0.322092622518539
LowerLegAlpha=-0.0107099711894989
LowerLegTheta=0.0364932715892792

[RightLeg]
ThighAlpha=-0.024989940226078
ThighTheta=-0.106306403875351
LowerLegAlpha=-0.0678298398852348
LowerLegTheta=-0.680678427219391
