[%General]
Highest=155
CenterX=31.1996906707911
CenterY=119.716363781816
XWidth=51

[LeftLeg]
ThighAlpha=-0.082109808921814
ThighTheta=-0.461718916893005
LowerLegAlpha=-0.0107099711894989
LowerLegTheta=-0.468065589666367

[RightLeg]
ThighAlpha=-0.024989940226078
ThighTheta=0.534705460071564
LowerLegAlpha=0.0249899476766586
LowerLegTheta=0.46171897649765
