[%General]
Highest=159
CenterX=28.6216544687216
CenterY=175.696805384903
XWidth=53

[LeftLeg]
ThighAlpha=-0.0428398996591568
ThighTheta=0.388732463121414
LowerLegAlpha=-0.0321299210190773
LowerLegTheta=-0.176119565963745

[RightLeg]
ThighAlpha=0.0499798879027367
ThighTheta=-0.109479740262032
LowerLegAlpha=0.046409897506237
LowerLegTheta=-0.176119565963745
