[%General]
Highest=155
CenterX=31.4538355172187
CenterY=129.555988674524
XWidth=50

[LeftLeg]
ThighAlpha=-0.0428398996591568
ThighTheta=-0.461718916893005
LowerLegAlpha=-0.0642598494887352
LowerLegTheta=-0.607691943645477

[RightLeg]
ThighAlpha=0.0285599380731583
ThighTheta=0.534705460071564
LowerLegAlpha=0.0428399071097374
LowerLegTheta=0.391905784606934
