[%General]
Highest=157
CenterX=30.4040006368597
CenterY=153.026444151746
XWidth=52

[LeftLeg]
ThighAlpha=-0.082109808921814
ThighTheta=-0.176119565963745
LowerLegAlpha=0.00356999784708023
LowerLegTheta=-0.680678427219391

[RightLeg]
ThighAlpha=0.0499798879027367
ThighTheta=0.391905784606934
LowerLegAlpha=0.0285599380731583
LowerLegTheta=-0.112653076648712
