[%General]
Highest=159
CenterX=29.2604034870626
CenterY=161.563658356854
XWidth=53

[LeftLeg]
ThighAlpha=-0.0785398185253143
ThighTheta=0.0496399253606796
LowerLegAlpha=-0.0856797993183136
LowerLegTheta=-0.305319279432297

[RightLeg]
ThighAlpha=0.0499798879027367
ThighTheta=0.146199703216553
LowerLegAlpha=0.0606898665428162
LowerLegTheta=-0.0931597501039505
