[%General]
Highest=158
CenterX=33.5221674876847
CenterY=36.6248730579765
XWidth=46

[LeftLeg]
ThighAlpha=-0.0606898590922356
ThighTheta=0.534705460071564
LowerLegAlpha=-0.0142799615859985
LowerLegTheta=0.388732463121414

[RightLeg]
ThighAlpha=0.103529766201973
ThighTheta=-0.391905754804611
LowerLegAlpha=0.046409897506237
LowerLegTheta=-0.461718916893005
