[%General]
Highest=138
CenterX=19.1739547832765
CenterY=297.261460183363
XWidth=41

[LeftLeg]
ThighAlpha=0.046409897506237
ThighTheta=-0.2522794008255
LowerLegAlpha=-0.157079637050629
LowerLegTheta=-0.817131459712982

[RightLeg]
ThighAlpha=0.0856798067688942
ThighTheta=0.817131459712982
LowerLegAlpha=0.0285599380731583
LowerLegTheta=-0.106306403875351
