[%General]
Highest=134
CenterX=19.8661112997154
CenterY=302.938918340167
XWidth=39

[LeftLeg]
ThighAlpha=0.0785398185253143
ThighTheta=-0.235619455575943
LowerLegAlpha=-0.0981747731566429
LowerLegTheta=-0.785398185253143

[RightLeg]
ThighAlpha=0.0981747731566429
ThighTheta=0.785398185253143
LowerLegAlpha=0.0785398185253143
LowerLegTheta=-0.235619455575943
