[%General]
Highest=156
CenterX=20.7979295321462
CenterY=255.840418090613
XWidth=44

[LeftLeg]
ThighAlpha=-0.0196349546313286
ThighTheta=-0.235619455575943
LowerLegAlpha=-0.0981747731566429
LowerLegTheta=0

[RightLeg]
ThighAlpha=0
ThighTheta=0.471238911151886
LowerLegAlpha=0.0392699092626572
LowerLegTheta=-0.235619455575943
