[%General]
Highest=158
CenterX=29.8383825398866
CenterY=157.007270286098
XWidth=53

[LeftLeg]
ThighAlpha=-0.0606898590922356
ThighTheta=0.169319659471512
LowerLegAlpha=-0.0321299210190773
LowerLegTheta=-0.80715811252594

[RightLeg]
ThighAlpha=0.0142799690365791
ThighTheta=0.252279460430145
LowerLegAlpha=0.103529766201973
LowerLegTheta=-0.0727597996592522
