[%General]
Highest=160
CenterX=32.1793018457747
CenterY=78.6925047425193
XWidth=50

[LeftLeg]
ThighAlpha=-0.0214199498295784
ThighTheta=0.179292947053909
LowerLegAlpha=-0.13922968506813
LowerLegTheta=-0.0396665707230568

[RightLeg]
ThighAlpha=0.121379725635052
ThighTheta=0.0364932715892792
LowerLegAlpha=-0.117809727787971
LowerLegTheta=-0.677505135536194
