[%General]
Highest=156
CenterX=21.0780486892087
CenterY=226.875844389139
XWidth=46

[LeftLeg]
ThighAlpha=-0.082109808921814
ThighTheta=0.395079135894775
LowerLegAlpha=0.021419957280159
LowerLegTheta=0.0931598246097565

[RightLeg]
ThighAlpha=-0.0642598494887352
ThighTheta=-0.176119565963745
LowerLegAlpha=-0.0499798804521561
LowerLegTheta=-0.710598349571228
