[%General]
Highest=155
CenterX=24.8932209998135
CenterY=202.957976640504
XWidth=49

[LeftLeg]
ThighAlpha=-0.0785398185253143
ThighTheta=0.544678807258606
LowerLegAlpha=0.00356999784708023
LowerLegTheta=0.395079135894775

[RightLeg]
ThighAlpha=-0.00356999039649963
ThighTheta=-0.491638839244843
LowerLegAlpha=0.0107099786400795
LowerLegTheta=-0.305319279432297
