[%General]
Highest=156
CenterX=31.3112806028816
CenterY=140.28763129466
XWidth=50

[LeftLeg]
ThighAlpha=-0.0196349546313286
ThighTheta=-0.353429168462753
LowerLegAlpha=-0.0785398185253143
LowerLegTheta=-0.785398185253143

[RightLeg]
ThighAlpha=0.0196349546313286
ThighTheta=0.589048624038696
LowerLegAlpha=0.0589048638939857
LowerLegTheta=0.0392699092626572
