[%General]
Highest=159
CenterX=28.8781989210126
CenterY=166.457836491908
XWidth=55

[LeftLeg]
ThighAlpha=-0.13922968506813
ThighTheta=0.179292947053909
LowerLegAlpha=-0.103529758751392
LowerLegTheta=-0.607691943645477

[RightLeg]
ThighAlpha=0.0499798879027367
ThighTheta=0.106306441128254
LowerLegAlpha=0.0321299284696579
LowerLegTheta=0.103133104741573
