[%General]
Highest=157
CenterX=20.8425069745407
CenterY=250.894267717088
XWidth=46

[LeftLeg]
ThighAlpha=-0.0285599306225777
ThighTheta=-0.106306403875351
LowerLegAlpha=-0.0856797993183136
LowerLegTheta=-0.0364932343363762

[RightLeg]
ThighAlpha=0.0142799690365791
ThighTheta=0.391905784606934
LowerLegAlpha=-0.0142799615859985
LowerLegTheta=-0.112653076648712
