[%General]
Highest=158
CenterX=33.1607106803957
CenterY=44.9271869862421
XWidth=46

[LeftLeg]
ThighAlpha=-0.0214199498295784
ThighTheta=0.534705460071564
LowerLegAlpha=-0.117809727787971
LowerLegTheta=0.322092622518539

[RightLeg]
ThighAlpha=0.0856798067688942
ThighTheta=-0.461718916893005
LowerLegAlpha=0.0821098163723946
LowerLegTheta=-0.534705400466919
