[%General]
Highest=158
CenterX=33.1607106803957
CenterY=44.9271869862421
XWidth=46

[LeftLeg]
ThighAlpha=-0.0392699092626572
ThighTheta=0.60451865196228
LowerLegAlpha=-0.082109808921814
LowerLegTheta=0.222359538078308

[RightLeg]
ThighAlpha=0.0856798067688942
ThighTheta=-0.461718916893005
LowerLegAlpha=0.0999597758054733
LowerLegTheta=-0.544678747653961
