[%General]
Highest=161
CenterX=33.8919505410483
CenterY=12.9900237391317
XWidth=45

[LeftLeg]
ThighAlpha=-0.0428398996591568
ThighTheta=0.109479777514935
LowerLegAlpha=0.0249899476766586
LowerLegTheta=-0.255452752113342

[RightLeg]
ThighAlpha=0.0856798067688942
ThighTheta=-0.0364932343363762
LowerLegAlpha=0.0285599380731583
LowerLegTheta=-0.0364932343363762
