[%General]
Highest=158
CenterX=33.5221674876847
CenterY=36.6248730579765
XWidth=46

[LeftLeg]
ThighAlpha=-0.0589048638939857
ThighTheta=0.510508835315704
LowerLegAlpha=-0.0196349546313286
LowerLegTheta=0.431968986988068

[RightLeg]
ThighAlpha=0.0981747731566429
ThighTheta=-0.431968986988068
LowerLegAlpha=0.0589048638939857
LowerLegTheta=-0.392699092626572
