[%General]
Highest=156
CenterX=21.8165137614679
CenterY=222.391739419947
XWidth=48

[LeftLeg]
ThighAlpha=-0.0606898590922356
ThighTheta=0.46489229798317
LowerLegAlpha=-0.0142799615859985
LowerLegTheta=0.179292947053909

[RightLeg]
ThighAlpha=-0.024989940226078
ThighTheta=-0.249106079339981
LowerLegAlpha=-0.0642598494887352
LowerLegTheta=-0.750491619110107
