[%General]
Highest=151
CenterX=19.044778908034
CenterY=278.712414365788
XWidth=43

[LeftLeg]
ThighAlpha=-0.0428398996591568
ThighTheta=-0.461718916893005
LowerLegAlpha=-0.0678298398852348
LowerLegTheta=-0.358359158039093

[RightLeg]
ThighAlpha=-0.0214199498295784
ThighTheta=0.59771865606308
LowerLegAlpha=0.0606898665428162
LowerLegTheta=0.581398725509644
