[%General]
Highest=155
CenterX=24.5634600123446
CenterY=207.947817652764
XWidth=49

[LeftLeg]
ThighAlpha=-0.0785398185253143
ThighTheta=0.544678807258606
LowerLegAlpha=0.00356999784708023
LowerLegTheta=0.34883925318718

[RightLeg]
ThighAlpha=-0.0214199498295784
ThighTheta=-0.431798994541168
LowerLegAlpha=0.00356999784708023
LowerLegTheta=-0.514758765697479
