[%General]
Highest=155
CenterX=20.1643803368502
CenterY=260.498662443555
XWidth=44

[LeftLeg]
ThighAlpha=-0.0196349546313286
ThighTheta=-0.274889349937439
LowerLegAlpha=-0.0981747731566429
LowerLegTheta=-0.157079637050629

[RightLeg]
ThighAlpha=0
ThighTheta=0.431968986988068
LowerLegAlpha=0
LowerLegTheta=0
