[%General]
Highest=156
CenterX=20.7759587190249
CenterY=240.919507847985
XWidth=46

[LeftLeg]
ThighAlpha=-0.0785398185253143
ThighTheta=-0.2459327429533
LowerLegAlpha=-0.0856797993183136
LowerLegTheta=0.534705460071564

[RightLeg]
ThighAlpha=0.0321299284696579
ThighTheta=-0.249106079339981
LowerLegAlpha=-0.00713998079299927
LowerLegTheta=0.103133104741573
