[%General]
Highest=160
CenterX=31.8992574113825
CenterY=88.5147212391948
XWidth=48

[LeftLeg]
ThighAlpha=-0.0196349546313286
ThighTheta=0.0785398185253143
LowerLegAlpha=-0.0981747731566429
LowerLegTheta=-0.314159274101257

[RightLeg]
ThighAlpha=0.0589048638939857
ThighTheta=0.235619455575943
LowerLegAlpha=0
LowerLegTheta=-0.392699092626572
