[%General]
Highest=160
CenterX=32.1458055184691
CenterY=83.5753087449933
XWidth=50

[LeftLeg]
ThighAlpha=-0.0606898590922356
ThighTheta=0.109479777514935
LowerLegAlpha=-0.13922968506813
LowerLegTheta=-0.176119565963745

[RightLeg]
ThighAlpha=0.121379725635052
ThighTheta=0.0333199352025986
LowerLegAlpha=-0.117809727787971
LowerLegTheta=-0.458545595407486
