[%General]
Highest=162
CenterX=33.4405301398155
CenterY=20.785893645157
XWidth=45

[LeftLeg]
ThighAlpha=-0.0392699092626572
ThighTheta=0.314159274101257
LowerLegAlpha=0.0785398185253143
LowerLegTheta=-0.0785398185253143

[RightLeg]
ThighAlpha=0.0589048638939857
ThighTheta=-0.157079637050629
LowerLegAlpha=0.0785398185253143
LowerLegTheta=-0.235619455575943
