[%General]
Highest=158
CenterX=33.6718798620036
CenterY=59.6913211120882
XWidth=48

[LeftLeg]
ThighAlpha=-0.0214199498295784
ThighTheta=0.537878811359406
LowerLegAlpha=-0.0856797993183136
LowerLegTheta=0.030146598815918

[RightLeg]
ThighAlpha=0.0856798067688942
ThighTheta=-0.249106079339981
LowerLegAlpha=0.0999597758054733
LowerLegTheta=-0.890117883682251
