[%General]
Highest=157
CenterX=31.6652317365015
CenterY=145.040994633172
XWidth=53

[LeftLeg]
ThighAlpha=-0.0606898590922356
ThighTheta=-0.2522794008255
LowerLegAlpha=0.00356999784708023
LowerLegTheta=-0.886944591999054

[RightLeg]
ThighAlpha=0.0499798879027367
ThighTheta=0.531532108783722
LowerLegAlpha=0.021419957280159
LowerLegTheta=0.0396666079759598
