[%General]
Highest=148
CenterX=19.1710119131895
CenterY=282.20100726118
XWidth=43

[LeftLeg]
ThighAlpha=-0.0392699092626572
ThighTheta=-0.471238911151886
LowerLegAlpha=-0.0785398185253143
LowerLegTheta=-0.392699092626572

[RightLeg]
ThighAlpha=0
ThighTheta=0.667588412761688
LowerLegAlpha=0.0981747731566429
LowerLegTheta=0.510508835315704
