[%General]
Highest=157
CenterX=20.8425069745407
CenterY=250.894267717088
XWidth=46

[LeftLeg]
ThighAlpha=-0.0285599306225777
ThighTheta=-0.116279698908329
LowerLegAlpha=-0.0856797993183136
LowerLegTheta=0.00340002961456776

[RightLeg]
ThighAlpha=0.0142799690365791
ThighTheta=0.371959179639816
LowerLegAlpha=-0.0142799615859985
LowerLegTheta=-0.132599666714668
