[%General]
Highest=157
CenterX=26.8225424309705
CenterY=193.674112265121
XWidth=52

[LeftLeg]
ThighAlpha=-0.0392699092626572
ThighTheta=0.544678807258606
LowerLegAlpha=0.00713998824357986
LowerLegTheta=0.424999058246613

[RightLeg]
ThighAlpha=0.0499798879027367
ThighTheta=-0.431798994541168
LowerLegAlpha=-0.00713998079299927
LowerLegTheta=-0.139399647712708
