[%General]
Highest=156
CenterX=21.8165137614679
CenterY=222.391739419947
XWidth=48

[LeftLeg]
ThighAlpha=-0.0606898590922356
ThighTheta=0.484838932752609
LowerLegAlpha=0.00356999784708023
LowerLegTheta=0.109479792416096

[RightLeg]
ThighAlpha=-0.024989940226078
ThighTheta=-0.229159444570541
LowerLegAlpha=-0.082109808921814
LowerLegTheta=-0.770438194274902
