[%General]
Highest=157
CenterX=30.4040006368597
CenterY=153.026444151746
XWidth=52

[LeftLeg]
ThighAlpha=-0.0785398185253143
ThighTheta=-0.157079637050629
LowerLegAlpha=-0.0196349546313286
LowerLegTheta=-0.628318548202515

[RightLeg]
ThighAlpha=0.0196349546313286
ThighTheta=0.392699092626572
LowerLegAlpha=0.0785398185253143
LowerLegTheta=-0.0785398185253143
