[%General]
Highest=156
CenterX=21.8165137614679
CenterY=222.391739419947
XWidth=48

[LeftLeg]
ThighAlpha=-0.0589048638939857
ThighTheta=0.471238911151886
LowerLegAlpha=0
LowerLegTheta=0.117809727787971

[RightLeg]
ThighAlpha=-0.0392699092626572
ThighTheta=-0.235619455575943
LowerLegAlpha=-0.0392699092626572
LowerLegTheta=-0.785398185253143
