[%General]
Highest=156
CenterX=22.6765627076175
CenterY=217.707332814487
XWidth=48

[LeftLeg]
ThighAlpha=-0.0642598494887352
ThighTheta=0.534705460071564
LowerLegAlpha=0.00356999784708023
LowerLegTheta=0.109479777514935

[RightLeg]
ThighAlpha=-0.0428398996591568
ThighTheta=-0.322092592716217
LowerLegAlpha=0.00356999784708023
LowerLegTheta=-0.747318267822266
