[%General]
Highest=157
CenterX=26.8225424309705
CenterY=193.674112265121
XWidth=52

[LeftLeg]
ThighAlpha=-0.0214199498295784
ThighTheta=0.534705460071564
LowerLegAlpha=-0.0107099711894989
LowerLegTheta=0.395079135894775

[RightLeg]
ThighAlpha=0.0499798879027367
ThighTheta=-0.391905754804611
LowerLegAlpha=-0.00713998079299927
LowerLegTheta=-0.249106079339981
