[%General]
Highest=159
CenterX=33.4385938174706
CenterY=69.8503390992913
XWidth=50

[LeftLeg]
ThighAlpha=-0.0464098900556564
ThighTheta=0.391905784606934
LowerLegAlpha=0.00356999784708023
LowerLegTheta=-0.0396665707230568

[RightLeg]
ThighAlpha=0.103529766201973
ThighTheta=-0.176119565963745
LowerLegAlpha=0.00356999784708023
LowerLegTheta=-0.820304751396179
