[%General]
Highest=158
CenterX=31.6705479071833
CenterY=111.557302653492
XWidth=52

[LeftLeg]
ThighAlpha=-0.024989940226078
ThighTheta=-0.388732433319092
LowerLegAlpha=-0.121379718184471
LowerLegTheta=-0.398252427577972

[RightLeg]
ThighAlpha=-0.0214199498295784
ThighTheta=0.46489229798317
LowerLegAlpha=0.00713998824357986
LowerLegTheta=0.31891930103302
