[%General]
Highest=148
CenterX=19.1710119131895
CenterY=282.20100726118
XWidth=43

[LeftLeg]
ThighAlpha=-0.024989940226078
ThighTheta=-0.461718916893005
LowerLegAlpha=-0.103529758751392
LowerLegTheta=-0.398252427577972

[RightLeg]
ThighAlpha=0.0321299284696579
ThighTheta=0.677505135536194
LowerLegAlpha=0.0428399071097374
LowerLegTheta=0.46489229798317
