[%General]
Highest=160
CenterX=32.9958326257071
CenterY=74.2152011182672
XWidth=50

[LeftLeg]
ThighAlpha=-0.0107099711894989
ThighTheta=0.31891930103302
LowerLegAlpha=-0.0856797993183136
LowerLegTheta=-0.106306403875351

[RightLeg]
ThighAlpha=0.13922968506813
ThighTheta=-0.2459327429533
LowerLegAlpha=-0.0642598494887352
LowerLegTheta=-0.541052103042603
