[%General]
Highest=158
CenterX=31.6705479071833
CenterY=111.557302653492
XWidth=52

[LeftLeg]
ThighAlpha=-0.024989940226078
ThighTheta=-0.348839163780212
LowerLegAlpha=-0.103529758751392
LowerLegTheta=-0.418199002742767

[RightLeg]
ThighAlpha=-0.0214199498295784
ThighTheta=0.484838932752609
LowerLegAlpha=0.00713998824357986
LowerLegTheta=0.288999378681183
