[%General]
Highest=148
CenterX=19.2904175912851
CenterY=286.85878555578
XWidth=42

[LeftLeg]
ThighAlpha=-0.0196349546313286
ThighTheta=-0.392699092626572
LowerLegAlpha=-0.0981747731566429
LowerLegTheta=-0.510508835315704

[RightLeg]
ThighAlpha=0.0589048638939857
ThighTheta=0.746128261089325
LowerLegAlpha=0.0785398185253143
LowerLegTheta=0.274889349937439
