[%General]
Highest=156
CenterX=31.3898738057528
CenterY=134.976996372554
XWidth=49

[LeftLeg]
ThighAlpha=-0.0214199498295784
ThighTheta=-0.391905754804611
LowerLegAlpha=-0.0678298398852348
LowerLegTheta=-0.747318267822266

[RightLeg]
ThighAlpha=0.0499798879027367
ThighTheta=0.60451865196228
LowerLegAlpha=0.00356999784708023
LowerLegTheta=0.179292947053909
