[%General]
Highest=159
CenterX=29.2604034870626
CenterY=161.563658356854
XWidth=53

[LeftLeg]
ThighAlpha=-0.0981747731566429
ThighTheta=0.0785398185253143
LowerLegAlpha=-0.0392699092626572
LowerLegTheta=-0.353429168462753

[RightLeg]
ThighAlpha=0.0392699092626572
ThighTheta=0.157079637050629
LowerLegAlpha=0.0589048638939857
LowerLegTheta=-0.0785398185253143
