[%General]
Highest=159
CenterX=33.4385938174706
CenterY=69.8503390992913
XWidth=50

[LeftLeg]
ThighAlpha=-0.0589048638939857
ThighTheta=0.392699092626572
LowerLegAlpha=0.0196349546313286
LowerLegTheta=-0.0785398185253143

[RightLeg]
ThighAlpha=0.0981747731566429
ThighTheta=-0.196349546313286
LowerLegAlpha=0.0196349546313286
LowerLegTheta=-0.785398185253143
