[%General]
Highest=156
CenterX=31.3112806028816
CenterY=140.28763129466
XWidth=50

[LeftLeg]
ThighAlpha=-0.024989940226078
ThighTheta=-0.322092592716217
LowerLegAlpha=-0.0678298398852348
LowerLegTheta=-0.820304751396179

[RightLeg]
ThighAlpha=0.0499798879027367
ThighTheta=0.60451865196228
LowerLegAlpha=0.00356999784708023
LowerLegTheta=0.0333199352025986
