[%General]
Highest=160
CenterX=31.7150616130351
CenterY=97.7727471821527
XWidth=50

[LeftLeg]
ThighAlpha=-0.0428398996591568
ThighTheta=-0.10313306748867
LowerLegAlpha=-0.117809727787971
LowerLegTheta=-0.398252427577972

[RightLeg]
ThighAlpha=-0.00356999039649963
ThighTheta=0.391905784606934
LowerLegAlpha=0.0107099786400795
LowerLegTheta=-0.109479740262032
