[%General]
Highest=156
CenterX=20.7979295321462
CenterY=255.840418090613
XWidth=44

[LeftLeg]
ThighAlpha=-0.0196349546313286
ThighTheta=-0.196349546313286
LowerLegAlpha=-0.0981747731566429
LowerLegTheta=-0.117809727787971

[RightLeg]
ThighAlpha=-0.0196349546313286
ThighTheta=0.431968986988068
LowerLegAlpha=0.0981747731566429
LowerLegTheta=-0.235619455575943
