[%General]
Highest=134
CenterX=19.8661112997154
CenterY=302.938918340167
XWidth=39

[LeftLeg]
ThighAlpha=0.0821098163723946
ThighTheta=-0.2522794008255
LowerLegAlpha=-0.0999597683548927
LowerLegTheta=-0.817131459712982

[RightLeg]
ThighAlpha=0.103529766201973
ThighTheta=0.886944651603699
LowerLegAlpha=-0.00356999039649963
LowerLegTheta=-0.318919241428375
