[%General]
Highest=161
CenterX=34.2310598561341
CenterY=10.4636870586683
XWidth=44

[LeftLeg]
ThighAlpha=-0.0785398185253143
ThighTheta=-0.117809727787971
LowerLegAlpha=-0.0981747731566429
LowerLegTheta=0.0392699092626572

[RightLeg]
ThighAlpha=0.0785398185253143
ThighTheta=-0.0785398185253143
LowerLegAlpha=0.0785398185253143
LowerLegTheta=0.0392699092626572
