[%General]
Highest=159
CenterX=32.1535967490922
CenterY=107.106893769093
XWidth=52

[LeftLeg]
ThighAlpha=-0.0392699092626572
ThighTheta=-0.314159274101257
LowerLegAlpha=-0.0589048638939857
LowerLegTheta=-0.314159274101257

[RightLeg]
ThighAlpha=0
ThighTheta=0.471238911151886
LowerLegAlpha=0
LowerLegTheta=0.157079637050629
