[%General]
Highest=158
CenterX=27.7662832219894
CenterY=184.695602904165
XWidth=53

[LeftLeg]
ThighAlpha=-0.0428398996591568
ThighTheta=0.574598729610443
LowerLegAlpha=0.021419957280159
LowerLegTheta=0.152999684214592

[RightLeg]
ThighAlpha=0.0678298473358154
ThighTheta=-0.318919241428375
LowerLegAlpha=-0.00713998079299927
LowerLegTheta=-0.0863597691059113
