[%General]
Highest=155
CenterX=24.8932209998135
CenterY=202.957976640504
XWidth=49

[LeftLeg]
ThighAlpha=-0.0785398185253143
ThighTheta=0.534705460071564
LowerLegAlpha=-0.0321299210190773
LowerLegTheta=0.46489229798317

[RightLeg]
ThighAlpha=0.0142799690365791
ThighTheta=-0.461718916893005
LowerLegAlpha=-0.024989940226078
LowerLegTheta=-0.395079076290131
