[%General]
Highest=148
CenterX=19.1710119131895
CenterY=282.20100726118
XWidth=43

[LeftLeg]
ThighAlpha=-0.0428398996591568
ThighTheta=-0.461718916893005
LowerLegAlpha=-0.0856797993183136
LowerLegTheta=-0.418199002742767

[RightLeg]
ThighAlpha=0.0321299284696579
ThighTheta=0.687478482723236
LowerLegAlpha=0.0249899476766586
LowerLegTheta=0.454919010400772
