[%General]
Highest=159
CenterX=33.1887328221092
CenterY=29.3472021866221
XWidth=46

[LeftLeg]
ThighAlpha=-0.0642598494887352
ThighTheta=0.46489229798317
LowerLegAlpha=-0.0107099711894989
LowerLegTheta=0.176119610667229

[RightLeg]
ThighAlpha=0.0678298473358154
ThighTheta=-0.322092592716217
LowerLegAlpha=0.00713998824357986
LowerLegTheta=-0.318919241428375
