[%General]
Highest=158
CenterX=32.9250791881746
CenterY=49.3511702252464
XWidth=46

[LeftLeg]
ThighAlpha=-0.0785398185253143
ThighTheta=0.574598729610443
LowerLegAlpha=-0.0321299210190773
LowerLegTheta=0.199239581823349

[RightLeg]
ThighAlpha=0.0856798067688942
ThighTheta=-0.431798994541168
LowerLegAlpha=0.0999597758054733
LowerLegTheta=-0.634438514709473
