[%General]
Highest=160
CenterX=31.8992574113825
CenterY=88.5147212391948
XWidth=48

[LeftLeg]
ThighAlpha=-0.0107099711894989
ThighTheta=0.0364932715892792
LowerLegAlpha=-0.13922968506813
LowerLegTheta=-0.2522794008255

[RightLeg]
ThighAlpha=0.0999597758054733
ThighTheta=0.179292947053909
LowerLegAlpha=0.00713998824357986
LowerLegTheta=-0.395079076290131
