[%General]
Highest=159
CenterX=28.6216544687216
CenterY=175.696805384903
XWidth=53

[LeftLeg]
ThighAlpha=-0.0589048638939857
ThighTheta=0.353429168462753
LowerLegAlpha=-0.0196349546313286
LowerLegTheta=-0.0392699092626572

[RightLeg]
ThighAlpha=0.0589048638939857
ThighTheta=-0.157079637050629
LowerLegAlpha=0
LowerLegTheta=-0.117809727787971
