[%General]
Highest=154
CenterX=20.0898663358225
CenterY=265.84891968445
XWidth=43

[LeftLeg]
ThighAlpha=-0.00713998079299927
ThighTheta=-0.318919241428375
LowerLegAlpha=-0.0856797993183136
LowerLegTheta=-0.255452752113342

[RightLeg]
ThighAlpha=-0.0606898590922356
ThighTheta=0.391905784606934
LowerLegAlpha=0.0249899476766586
LowerLegTheta=0.388732463121414
