[%General]
Highest=148
CenterX=19.2904175912851
CenterY=286.85878555578
XWidth=42

[LeftLeg]
ThighAlpha=-0.0107099711894989
ThighTheta=-0.391905754804611
LowerLegAlpha=-0.117809727787971
LowerLegTheta=-0.537878751754761

[RightLeg]
ThighAlpha=0.0856798067688942
ThighTheta=0.74731832742691
LowerLegAlpha=-0.0142799615859985
LowerLegTheta=0.252279460430145
