[%General]
Highest=155
CenterX=20.1643803368502
CenterY=260.498662443555
XWidth=44

[LeftLeg]
ThighAlpha=0.0107099786400795
ThighTheta=-0.249106079339981
LowerLegAlpha=-0.157079637050629
LowerLegTheta=-0.182466238737106

[RightLeg]
ThighAlpha=-0.024989940226078
ThighTheta=0.46489229798317
LowerLegAlpha=0.00713998824357986
LowerLegTheta=-0.0396665707230568
