[%General]
Highest=156
CenterX=20.889847917564
CenterY=236.109704781154
XWidth=46

[LeftLeg]
ThighAlpha=-0.0428398996591568
ThighTheta=0.179292947053909
LowerLegAlpha=-0.0999597683548927
LowerLegTheta=0.172946274280548

[RightLeg]
ThighAlpha=0.0499798879027367
ThighTheta=0.176119610667229
LowerLegAlpha=-0.0642598494887352
LowerLegTheta=-0.886944591999054
