[%General]
Highest=158
CenterX=33.6340026347409
CenterY=40.5735483590775
XWidth=47

[LeftLeg]
ThighAlpha=-0.0606898590922356
ThighTheta=0.544678807258606
LowerLegAlpha=-0.0499798804521561
LowerLegTheta=0.371959179639816

[RightLeg]
ThighAlpha=0.121379725635052
ThighTheta=-0.431798994541168
LowerLegAlpha=0.0642598569393158
LowerLegTheta=-0.484838873147964
