[%General]
Highest=151
CenterX=19.3306301705648
CenterY=275.426534572567
XWidth=42

[LeftLeg]
ThighAlpha=-0.0606898590922356
ThighTheta=-0.484838873147964
LowerLegAlpha=-0.0142799615859985
LowerLegTheta=-0.282199323177338

[RightLeg]
ThighAlpha=-0.0392699092626572
ThighTheta=0.544678807258606
LowerLegAlpha=-0.00713998079299927
LowerLegTheta=0.687478482723236
