[%General]
Highest=155
CenterX=31.1996906707911
CenterY=119.716363781816
XWidth=51

[LeftLeg]
ThighAlpha=-0.0589048638939857
ThighTheta=-0.431968986988068
LowerLegAlpha=-0.0589048638939857
LowerLegTheta=-0.510508835315704

[RightLeg]
ThighAlpha=-0.0196349546313286
ThighTheta=0.510508835315704
LowerLegAlpha=0
LowerLegTheta=0.510508835315704
