[%General]
Highest=159
CenterX=29.2604034870626
CenterY=161.563658356854
XWidth=53

[LeftLeg]
ThighAlpha=-0.0606898590922356
ThighTheta=0.109479777514935
LowerLegAlpha=-0.0856797993183136
LowerLegTheta=-0.395079076290131

[RightLeg]
ThighAlpha=0.0499798879027367
ThighTheta=0.176119610667229
LowerLegAlpha=0.0606898665428162
LowerLegTheta=-0.106306403875351
