[%General]
Highest=156
CenterX=20.7795970158381
CenterY=245.473827432275
XWidth=46

[LeftLeg]
ThighAlpha=-0.0999597683548927
ThighTheta=-0.106306403875351
LowerLegAlpha=-0.13922968506813
LowerLegTheta=0.245932787656784

[RightLeg]
ThighAlpha=0.0321299284696579
ThighTheta=0.388732463121414
LowerLegAlpha=0.00356999784708023
LowerLegTheta=-0.747318267822266
