[%General]
Highest=154
CenterX=19.4808608728417
CenterY=272.649622093668
XWidth=43

[LeftLeg]
ThighAlpha=-0.024989940226078
ThighTheta=-0.461718916893005
LowerLegAlpha=-0.0678298398852348
LowerLegTheta=-0.255452752113342

[RightLeg]
ThighAlpha=-0.0214199498295784
ThighTheta=0.46489229798317
LowerLegAlpha=-0.0285599306225777
LowerLegTheta=0.60451865196228
