[%General]
Highest=155
CenterX=31.4538355172187
CenterY=129.555988674524
XWidth=50

[LeftLeg]
ThighAlpha=-0.0428398996591568
ThighTheta=-0.461718916893005
LowerLegAlpha=-0.0642598494887352
LowerLegTheta=-0.627638518810272

[RightLeg]
ThighAlpha=0.0107099786400795
ThighTheta=0.574598729610443
LowerLegAlpha=0.0428399071097374
LowerLegTheta=0.312119334936142
