[%General]
Highest=162
CenterX=33.4405301398155
CenterY=20.785893645157
XWidth=45

[LeftLeg]
ThighAlpha=-0.00356999039649963
ThighTheta=0.31891930103302
LowerLegAlpha=0.00356999784708023
LowerLegTheta=-0.109479740262032

[RightLeg]
ThighAlpha=0.0499798879027367
ThighTheta=-0.179292917251587
LowerLegAlpha=0.0821098163723946
LowerLegTheta=-0.179292917251587
