[%General]
Highest=157
CenterX=20.6597810833567
CenterY=231.500926185798
XWidth=46

[LeftLeg]
ThighAlpha=-0.0785398185253143
ThighTheta=0.312119334936142
LowerLegAlpha=0.00713998824357986
LowerLegTheta=0.0863598436117172

[RightLeg]
ThighAlpha=-0.00713998079299927
ThighTheta=-0.116279698908329
LowerLegAlpha=-0.121379718184471
LowerLegTheta=-0.680678427219391
