[%General]
Highest=159
CenterX=27.7921798115148
CenterY=180.47874676823
XWidth=52

[LeftLeg]
ThighAlpha=-0.024989940226078
ThighTheta=0.534705460071564
LowerLegAlpha=0.00356999784708023
LowerLegTheta=0.0396666079759598

[RightLeg]
ThighAlpha=0.0678298473358154
ThighTheta=-0.249106079339981
LowerLegAlpha=-0.0107099711894989
LowerLegTheta=-0.109479740262032
