[%General]
Highest=159
CenterX=33.1887328221092
CenterY=29.3472021866221
XWidth=46

[LeftLeg]
ThighAlpha=-0.0642598494887352
ThighTheta=0.454919010400772
LowerLegAlpha=-0.0107099711894989
LowerLegTheta=0.176119640469551

[RightLeg]
ThighAlpha=0.0856798067688942
ThighTheta=-0.342039197683334
LowerLegAlpha=-0.0107099711894989
LowerLegTheta=-0.229159444570541
