[%General]
Highest=156
CenterX=20.7795970158381
CenterY=245.473827432275
XWidth=46

[LeftLeg]
ThighAlpha=-0.0785398185253143
ThighTheta=-0.117809727787971
LowerLegAlpha=-0.0981747731566429
LowerLegTheta=0.235619455575943

[RightLeg]
ThighAlpha=0.0392699092626572
ThighTheta=0.431968986988068
LowerLegAlpha=-0.0196349546313286
LowerLegTheta=-0.746128261089325
