[%General]
Highest=161
CenterX=33.2991516529648
CenterY=25.1778613491925
XWidth=45

[LeftLeg]
ThighAlpha=-0.00713998079299927
ThighTheta=0.365159213542938
LowerLegAlpha=0.00356999784708023
LowerLegTheta=0.070039875805378

[RightLeg]
ThighAlpha=0.0678298473358154
ThighTheta=-0.288999319076538
LowerLegAlpha=0.00713998824357986
LowerLegTheta=-0.169319570064545
