[%General]
Highest=158
CenterX=33.1673213206614
CenterY=54.3971735428226
XWidth=47

[LeftLeg]
ThighAlpha=-0.0392699092626572
ThighTheta=0.59771865606308
LowerLegAlpha=-0.0856797993183136
LowerLegTheta=0.0632398948073387

[RightLeg]
ThighAlpha=0.0856798067688942
ThighTheta=-0.342039197683334
LowerLegAlpha=0.0999597758054733
LowerLegTheta=-0.81395810842514
