[%General]
Highest=158
CenterX=27.7662832219894
CenterY=184.695602904165
XWidth=53

[LeftLeg]
ThighAlpha=-0.0428398996591568
ThighTheta=0.534705460071564
LowerLegAlpha=0.00356999784708023
LowerLegTheta=0.172946274280548

[RightLeg]
ThighAlpha=0.0678298473358154
ThighTheta=-0.318919241428375
LowerLegAlpha=-0.00713998079299927
LowerLegTheta=-0.106306403875351
