[%General]
Highest=160
CenterX=28.5553087972888
CenterY=171.283572318002
XWidth=52

[LeftLeg]
ThighAlpha=-0.117809727787971
ThighTheta=0.169319659471512
LowerLegAlpha=-0.0321299210190773
LowerLegTheta=-0.0564398318529129

[RightLeg]
ThighAlpha=0.0321299284696579
ThighTheta=0.0265199784189463
LowerLegAlpha=0.0606898665428162
LowerLegTheta=-0.259079366922379
