[%General]
Highest=158
CenterX=33.5221674876847
CenterY=36.6248730579765
XWidth=46

[LeftLeg]
ThighAlpha=-0.0606898590922356
ThighTheta=0.544678807258606
LowerLegAlpha=-0.0321299210190773
LowerLegTheta=0.34883925318718

[RightLeg]
ThighAlpha=0.103529766201973
ThighTheta=-0.431798994541168
LowerLegAlpha=0.046409897506237
LowerLegTheta=-0.401879042387009
