[%General]
Highest=159
CenterX=33.285718804365
CenterY=33.0434603827297
XWidth=47

[LeftLeg]
ThighAlpha=-0.0428398996591568
ThighTheta=0.46171897649765
LowerLegAlpha=-0.0499798804521561
LowerLegTheta=0.31891930103302

[RightLeg]
ThighAlpha=0.0856798067688942
ThighTheta=-0.395079076290131
LowerLegAlpha=0.00356999784708023
LowerLegTheta=-0.24275940656662
