[%General]
Highest=149
CenterX=19.3135417566284
CenterY=291.920956041109
XWidth=42

[LeftLeg]
ThighAlpha=0.0285599380731583
ThighTheta=-0.322092592716217
LowerLegAlpha=-0.13922968506813
LowerLegTheta=-0.607691943645477

[RightLeg]
ThighAlpha=0.0856798067688942
ThighTheta=0.74731832742691
LowerLegAlpha=-0.024989940226078
LowerLegTheta=0.0364932715892792
