[%General]
Highest=151
CenterX=19.3306301705648
CenterY=275.426534572567
XWidth=42

[LeftLeg]
ThighAlpha=-0.0606898590922356
ThighTheta=-0.534705400466919
LowerLegAlpha=-0.0142799615859985
LowerLegTheta=-0.182466238737106

[RightLeg]
ThighAlpha=-0.00356999039649963
ThighTheta=0.534705460071564
LowerLegAlpha=-0.024989940226078
LowerLegTheta=0.677505135536194
