[%General]
Highest=159
CenterX=31.9594098617498
CenterY=102.13943974584
XWidth=50

[LeftLeg]
ThighAlpha=-0.0428398996591568
ThighTheta=-0.2522794008255
LowerLegAlpha=-0.0678298398852348
LowerLegTheta=-0.2459327429533

[RightLeg]
ThighAlpha=0.0142799690365791
ThighTheta=0.46171897649765
LowerLegAlpha=-0.0107099711894989
LowerLegTheta=0.0396666079759598
