[%General]
Highest=156
CenterX=31.2443168190177
CenterY=115.447378940916
XWidth=53

[LeftLeg]
ThighAlpha=-0.0785398185253143
ThighTheta=-0.401879042387009
LowerLegAlpha=-0.0499798804521561
LowerLegTheta=-0.454918920993805

[RightLeg]
ThighAlpha=-0.00713998079299927
ThighTheta=0.514758884906769
LowerLegAlpha=-0.0285599306225777
LowerLegTheta=0.438599050045013
