[%General]
Highest=162
CenterX=33.4405301398155
CenterY=20.785893645157
XWidth=45

[LeftLeg]
ThighAlpha=-0.00356999039649963
ThighTheta=0.31891930103302
LowerLegAlpha=0.00356999784708023
LowerLegTheta=-0.0795597806572914

[RightLeg]
ThighAlpha=0.0499798879027367
ThighTheta=-0.169319570064545
LowerLegAlpha=0.0999597758054733
LowerLegTheta=-0.199239507317543
