[%General]
Highest=162
CenterX=37.8081398811296
CenterY=35.7746703669736
XWidth=54

[LeftLeg]
ThighAlpha=0.0392699092626572
ThighTheta=-0.471238911151886
LowerLegAlpha=-0.0589048638939857
LowerLegTheta=-0.471238911151886

[RightLeg]
ThighAlpha=0.0981747731566429
ThighTheta=0.314159274101257
LowerLegAlpha=0.0785398185253143
LowerLegTheta=0.235619455575943
