[%General]
Highest=154
CenterX=34.4519304188474
CenterY=290.66199275312
XWidth=45

[LeftLeg]
ThighAlpha=-0.0981747731566429
ThighTheta=-0.157079637050629
LowerLegAlpha=-0.0392699092626572
LowerLegTheta=0.392699092626572

[RightLeg]
ThighAlpha=0.0589048638939857
ThighTheta=0.235619455575943
LowerLegAlpha=0.0981747731566429
LowerLegTheta=-0.157079637050629
