[%General]
Highest=163
CenterX=36.5475450081833
CenterY=11.6327823240589
XWidth=50

[LeftLeg]
ThighAlpha=-0.0785398185253143
ThighTheta=-0.314159274101257
LowerLegAlpha=-0.0785398185253143
LowerLegTheta=0.549778699874878

[RightLeg]
ThighAlpha=0
ThighTheta=0.157079637050629
LowerLegAlpha=0
LowerLegTheta=0
