[%General]
Highest=162
CenterX=38.2268054026393
CenterY=190.356692046459
XWidth=61

[LeftLeg]
ThighAlpha=-0.0392699092626572
ThighTheta=-0.314159274101257
LowerLegAlpha=0.0392699092626572
LowerLegTheta=-0.785398185253143

[RightLeg]
ThighAlpha=0.0981747731566429
ThighTheta=0.392699092626572
LowerLegAlpha=0.0589048638939857
LowerLegTheta=0.235619455575943
