[%General]
Highest=163
CenterX=36.0820843868744
CenterY=162.080601189383
XWidth=62

[LeftLeg]
ThighAlpha=-0.0785398185253143
ThighTheta=-0.392699092626572
LowerLegAlpha=-0.0785398185253143
LowerLegTheta=-0.157079637050629

[RightLeg]
ThighAlpha=0.0196349546313286
ThighTheta=0.471238911151886
LowerLegAlpha=-0.0589048638939857
LowerLegTheta=0.392699092626572
