[%General]
Highest=160
CenterX=38.2572563314382
CenterY=27.6603329615625
XWidth=53

[LeftLeg]
ThighAlpha=0.0196349546313286
ThighTheta=-0.628318548202515
LowerLegAlpha=-0.0785398185253143
LowerLegTheta=-0.0785398185253143

[RightLeg]
ThighAlpha=0.0785398185253143
ThighTheta=0.314159274101257
LowerLegAlpha=0.0785398185253143
LowerLegTheta=0.392699092626572
