[%General]
Highest=165
CenterX=34.820394922426
CenterY=117.521664315938
XWidth=55

[LeftLeg]
ThighAlpha=-0.0589048638939857
ThighTheta=-0.431968986988068
LowerLegAlpha=0
LowerLegTheta=-0.589048624038696

[RightLeg]
ThighAlpha=0
ThighTheta=0.431968986988068
LowerLegAlpha=0.0589048638939857
LowerLegTheta=0.196349546313286
