[%General]
Highest=158
CenterX=33.6004709810117
CenterY=284.904760485289
XWidth=44

[LeftLeg]
ThighAlpha=0.0392699092626572
ThighTheta=-0.196349546313286
LowerLegAlpha=-0.0589048638939857
LowerLegTheta=-0.785398185253143

[RightLeg]
ThighAlpha=0.0981747731566429
ThighTheta=0.235619455575943
LowerLegAlpha=-0.0392699092626572
LowerLegTheta=-0.0785398185253143
