[%General]
Highest=168
CenterX=38.2034530021401
CenterY=13.794731526679
XWidth=47

[LeftLeg]
ThighAlpha=0.0392699092626572
ThighTheta=0.0785398185253143
LowerLegAlpha=-0.0785398185253143
LowerLegTheta=-0.353429168462753

[RightLeg]
ThighAlpha=0.0981747731566429
ThighTheta=-0.157079637050629
LowerLegAlpha=0.0785398185253143
LowerLegTheta=-0.0392699092626572
