[%General]
Highest=163
CenterX=33.3703984511447
CenterY=198.33556274624
XWidth=52

[LeftLeg]
ThighAlpha=-0.0981747731566429
ThighTheta=0.431968986988068
LowerLegAlpha=-0.0196349546313286
LowerLegTheta=0.0392699092626572

[RightLeg]
ThighAlpha=0
ThighTheta=-0.353429168462753
LowerLegAlpha=0.0589048638939857
LowerLegTheta=-0.746128261089325
