[%General]
Highest=169
CenterX=36.1744463663605
CenterY=73.4318220576412
XWidth=53

[LeftLeg]
ThighAlpha=-0.0589048638939857
ThighTheta=0.0392699092626572
LowerLegAlpha=-0.0392699092626572
LowerLegTheta=-0.117809727787971

[RightLeg]
ThighAlpha=0.0785398185253143
ThighTheta=0.117809727787971
LowerLegAlpha=0
LowerLegTheta=-0.746128261089325
