[%General]
Highest=160
CenterX=32.6219148717497
CenterY=267.112452098842
XWidth=49

[LeftLeg]
ThighAlpha=-0.0392699092626572
ThighTheta=-0.392699092626572
LowerLegAlpha=-0.0392699092626572
LowerLegTheta=-0.589048624038696

[RightLeg]
ThighAlpha=0.0196349546313286
ThighTheta=0.353429168462753
LowerLegAlpha=0.0589048638939857
LowerLegTheta=0.274889349937439
