[%General]
Highest=166
CenterX=36.5329548547653
CenterY=135.043810190406
XWidth=57

[LeftLeg]
ThighAlpha=0
ThighTheta=-0.196349546313286
LowerLegAlpha=0.0589048638939857
LowerLegTheta=-0.785398185253143

[RightLeg]
ThighAlpha=0.0785398185253143
ThighTheta=0.235619455575943
LowerLegAlpha=0.0392699092626572
LowerLegTheta=-0.0392699092626572
