[%General]
Highest=151
CenterX=33.4679163662581
CenterY=302.843066570536
XWidth=43

[LeftLeg]
ThighAlpha=-0.0392699092626572
ThighTheta=0.549778699874878
LowerLegAlpha=0.0981747731566429
LowerLegTheta=-0.235619455575943

[RightLeg]
ThighAlpha=0.0589048638939857
ThighTheta=-0.157079637050629
LowerLegAlpha=0
LowerLegTheta=-0.157079637050629
