[%General]
Highest=167
CenterX=38.4050370186797
CenterY=9.94202472042378
XWidth=47

[LeftLeg]
ThighAlpha=-0.0981747731566429
ThighTheta=-0.0392699092626572
LowerLegAlpha=-0.0981747731566429
LowerLegTheta=-0.157079637050629

[RightLeg]
ThighAlpha=0.0981747731566429
ThighTheta=-0.0785398185253143
LowerLegAlpha=0.0196349546313286
LowerLegTheta=-0.117809727787971
