[%General]
Highest=165
CenterX=35.8343112723088
CenterY=287.621855846273
XWidth=51

[LeftLeg]
ThighAlpha=-0.0606898590922356
ThighTheta=-0.0333198979496956
LowerLegAlpha=-0.121379718184471
LowerLegTheta=0.315745949745178

[RightLeg]
ThighAlpha=0.0321299284696579
ThighTheta=-0.322092592716217
LowerLegAlpha=-0.0999597683548927
LowerLegTheta=0.185639619827271
