[%General]
Highest=175
CenterX=41.8303125406865
CenterY=36.861155461753
XWidth=56

[LeftLeg]
ThighAlpha=0.0606898665428162
ThighTheta=-0.179292917251587
LowerLegAlpha=-0.0642598494887352
LowerLegTheta=-0.820304751396179

[RightLeg]
ThighAlpha=0.103529766201973
ThighTheta=0.249106109142303
LowerLegAlpha=0.0249899476766586
LowerLegTheta=-0.0333198979496956
