[%General]
Highest=173
CenterX=36.4930347698886
CenterY=172.552357375942
XWidth=61

[LeftLeg]
ThighAlpha=-0.0428398996591568
ThighTheta=-0.507958829402924
LowerLegAlpha=-0.0678298398852348
LowerLegTheta=-0.265879362821579

[RightLeg]
ThighAlpha=0.103529766201973
ThighTheta=0.514758884906769
LowerLegAlpha=-0.0142799615859985
LowerLegTheta=0.401879131793976
