[%General]
Highest=173
CenterX=36.4495390799074
CenterY=185.481614166922
XWidth=60

[LeftLeg]
ThighAlpha=-0.0464098900556564
ThighTheta=-0.391905754804611
LowerLegAlpha=-0.0107099711894989
LowerLegTheta=-0.607691943645477

[RightLeg]
ThighAlpha=0.13922968506813
ThighTheta=0.531532108783722
LowerLegAlpha=-0.0142799615859985
LowerLegTheta=0.109479777514935
