[%General]
Highest=176
CenterX=36.851650055371
CenterY=198.365684754522
XWidth=62

[LeftLeg]
ThighAlpha=0.046409897506237
ThighTheta=-0.176119565963745
LowerLegAlpha=-0.103529758751392
LowerLegTheta=-0.750491619110107

[RightLeg]
ThighAlpha=0.121379725635052
ThighTheta=0.388732463121414
LowerLegAlpha=-0.0142799615859985
LowerLegTheta=-0.0999597311019897
