[%General]
Highest=170
CenterX=36.9077753019819
CenterY=248.062624604198
XWidth=56

[LeftLeg]
ThighAlpha=-0.0785398185253143
ThighTheta=0.59771865606308
LowerLegAlpha=-0.13922968506813
LowerLegTheta=0.431799054145813

[RightLeg]
ThighAlpha=0.103529766201973
ThighTheta=-0.431798994541168
LowerLegAlpha=0.021419957280159
LowerLegTheta=-0.312119245529175
