[%General]
Highest=174
CenterX=37.1570521667127
CenterY=233.244367335673
XWidth=59

[LeftLeg]
ThighAlpha=-0.0392699092626572
ThighTheta=0.510508835315704
LowerLegAlpha=-0.0392699092626572
LowerLegTheta=0.274889349937439

[RightLeg]
ThighAlpha=0.0981747731566429
ThighTheta=-0.353429168462753
LowerLegAlpha=0.0785398185253143
LowerLegTheta=-0.0785398185253143
