[%General]
Highest=174
CenterX=42.0177797507976
CenterY=25.6622750255824
XWidth=55

[LeftLeg]
ThighAlpha=-0.157079637050629
ThighTheta=0.371959179639816
LowerLegAlpha=-0.13922968506813
LowerLegTheta=0.0863598436117172

[RightLeg]
ThighAlpha=0.13922968506813
ThighTheta=0.401879131793976
LowerLegAlpha=0.0678298473358154
LowerLegTheta=0.0265199784189463
