[%General]
Highest=179
CenterX=35.8418272385212
CenterY=140.845944751677
XWidth=62

[LeftLeg]
ThighAlpha=-0.0606898590922356
ThighTheta=-0.106306403875351
LowerLegAlpha=-0.157079637050629
LowerLegTheta=-0.0364932343363762

[RightLeg]
ThighAlpha=-0.00356999039649963
ThighTheta=0.249106109142303
LowerLegAlpha=0.0428399071097374
LowerLegTheta=-0.0333198979496956
