[%General]
Highest=174
CenterX=38.5933344929553
CenterY=94.8869368585841
XWidth=62

[LeftLeg]
ThighAlpha=-0.117809727787971
ThighTheta=0.574598729610443
LowerLegAlpha=-0.0856797993183136
LowerLegTheta=0.229159519076347

[RightLeg]
ThighAlpha=0.13922968506813
ThighTheta=-0.484838873147964
LowerLegAlpha=0.0428399071097374
LowerLegTheta=-0.491638839244843
