[%General]
Highest=174
CenterX=36.6506556888187
CenterY=189.716646422623
XWidth=59

[LeftLeg]
ThighAlpha=-0.024989940226078
ThighTheta=-0.322092592716217
LowerLegAlpha=0.00713998824357986
LowerLegTheta=-0.747318267822266

[RightLeg]
ThighAlpha=0.0856798067688942
ThighTheta=0.46489229798317
LowerLegAlpha=0.0642598569393158
LowerLegTheta=0.030146598815918
