[%General]
Highest=179
CenterX=35.7970005926893
CenterY=132.815567083769
XWidth=63

[LeftLeg]
ThighAlpha=-0.0785398185253143
ThighTheta=0.0265199784189463
LowerLegAlpha=-0.121379718184471
LowerLegTheta=0.0632398948073387

[RightLeg]
ThighAlpha=0.103529766201973
ThighTheta=0.288999378681183
LowerLegAlpha=-0.103529758751392
LowerLegTheta=-0.784038186073303
