[%General]
Highest=174
CenterX=41.3843215071789
CenterY=14.7561097996282
XWidth=52

[LeftLeg]
ThighAlpha=-0.157079637050629
ThighTheta=0.249106109142303
LowerLegAlpha=-0.13922968506813
LowerLegTheta=0.325265944004059

[RightLeg]
ThighAlpha=0.0678298473358154
ThighTheta=0.18246628344059
LowerLegAlpha=-0.00713998079299927
LowerLegTheta=0.531532108783722
