[%General]
Highest=162
CenterX=35.9575229309528
CenterY=291.684859432821
XWidth=50

[LeftLeg]
ThighAlpha=-0.117809727787971
ThighTheta=-0.0931597501039505
LowerLegAlpha=-0.13922968506813
LowerLegTheta=0.295799374580383

[RightLeg]
ThighAlpha=0.0678298473358154
ThighTheta=-0.282199323177338
LowerLegAlpha=-0.157079637050629
LowerLegTheta=0.259079456329346
