[%General]
Highest=166
CenterX=35.8285280198383
CenterY=283.956464034368
XWidth=52

[LeftLeg]
ThighAlpha=-0.0999597683548927
ThighTheta=0.0364932715892792
LowerLegAlpha=-0.0999597683548927
LowerLegTheta=0.388732463121414

[RightLeg]
ThighAlpha=-0.0392699092626572
ThighTheta=-0.318919241428375
LowerLegAlpha=-0.0321299210190773
LowerLegTheta=-0.2522794008255
