[%General]
Highest=178
CenterX=39.922273224627
CenterY=68.3555549625043
XWidth=59

[LeftLeg]
ThighAlpha=0
ThighTheta=0.314159274101257
LowerLegAlpha=0.0392699092626572
LowerLegTheta=-0.0785398185253143

[RightLeg]
ThighAlpha=0.0981747731566429
ThighTheta=-0.235619455575943
LowerLegAlpha=0.0785398185253143
LowerLegTheta=-0.235619455575943
