[%General]
Highest=175
CenterX=37.2350598822911
CenterY=225.661446159234
XWidth=60

[LeftLeg]
ThighAlpha=-0.0214199498295784
ThighTheta=0.46489229798317
LowerLegAlpha=-0.0321299210190773
LowerLegTheta=-0.182466238737106

[RightLeg]
ThighAlpha=0.103529766201973
ThighTheta=-0.249106079339981
LowerLegAlpha=0.0249899476766586
LowerLegTheta=0.0333199352025986
