[%General]
Highest=172
CenterX=37.1141109022704
CenterY=244.362213641404
XWidth=56

[LeftLeg]
ThighAlpha=-0.0606898590922356
ThighTheta=0.537878811359406
LowerLegAlpha=-0.117809727787971
LowerLegTheta=0.551478803157806

[RightLeg]
ThighAlpha=0.103529766201973
ThighTheta=-0.431798994541168
LowerLegAlpha=0.021419957280159
LowerLegTheta=-0.222359463572502
