[%General]
Highest=167
CenterX=36.0538205919903
CenterY=275.219746289874
XWidth=52

[LeftLeg]
ThighAlpha=-0.082109808921814
ThighTheta=0.322092622518539
LowerLegAlpha=-0.157079637050629
LowerLegTheta=0.245932787656784

[RightLeg]
ThighAlpha=-0.0392699092626572
ThighTheta=-0.2522794008255
LowerLegAlpha=0.0428399071097374
LowerLegTheta=-0.604518592357635
