[%General]
Highest=178
CenterX=41.2841289215848
CenterY=43.3521195526672
XWidth=58

[LeftLeg]
ThighAlpha=0.0856798067688942
ThighTheta=-0.318919241428375
LowerLegAlpha=-0.0678298398852348
LowerLegTheta=-0.395079076290131

[RightLeg]
ThighAlpha=0.13922968506813
ThighTheta=0.106306441128254
LowerLegAlpha=0.046409897506237
LowerLegTheta=0.0364932715892792
