[%General]
Highest=174
CenterX=42.438863456985
CenterY=11.0982320441989
XWidth=51

[LeftLeg]
ThighAlpha=-0.157079637050629
ThighTheta=0.0931598246097565
LowerLegAlpha=-0.157079637050629
LowerLegTheta=0.388279169797897

[RightLeg]
ThighAlpha=0.0678298473358154
ThighTheta=0.0632398948073387
LowerLegAlpha=-0.103529758751392
LowerLegTheta=0.478038966655731
