[%General]
Highest=174
CenterX=42.0177797507976
CenterY=25.6622750255824
XWidth=55

[LeftLeg]
ThighAlpha=-0.13922968506813
ThighTheta=0.391905784606934
LowerLegAlpha=-0.121379718184471
LowerLegTheta=0.0364932715892792

[RightLeg]
ThighAlpha=0.13922968506813
ThighTheta=0.391905784606934
LowerLegAlpha=0.0678298473358154
LowerLegTheta=0.0364932715892792
