[%General]
Highest=160
CenterX=34.9762951611953
CenterY=302.023810927094
XWidth=48

[LeftLeg]
ThighAlpha=-0.117809727787971
ThighTheta=-0.179292917251587
LowerLegAlpha=-0.0856797993183136
LowerLegTheta=0.0364932715892792

[RightLeg]
ThighAlpha=0.121379725635052
ThighTheta=0.185639619827271
LowerLegAlpha=0.0606898665428162
LowerLegTheta=-0.398252427577972
