[%General]
Highest=161
CenterX=35.4128685213454
CenterY=299.158519995431
XWidth=49

[LeftLeg]
ThighAlpha=-0.0981747731566429
ThighTheta=-0.117809727787971
LowerLegAlpha=-0.0981747731566429
LowerLegTheta=0

[RightLeg]
ThighAlpha=0
ThighTheta=0.471238911151886
LowerLegAlpha=-0.0785398185253143
LowerLegTheta=-0.510508835315704
