[%General]
Highest=179
CenterX=35.7970005926893
CenterY=132.815567083769
XWidth=63

[LeftLeg]
ThighAlpha=-0.0428398996591568
ThighTheta=0.0364932715892792
LowerLegAlpha=-0.157079637050629
LowerLegTheta=0.103133104741573

[RightLeg]
ThighAlpha=0.121379725635052
ThighTheta=0.249106109142303
LowerLegAlpha=-0.13922968506813
LowerLegTheta=-0.744144916534424
