[%General]
Highest=177
CenterX=37.7416219342211
CenterY=209.654497464338
XWidth=61

[LeftLeg]
ThighAlpha=-0.0214199498295784
ThighTheta=0.229159519076347
LowerLegAlpha=-0.121379718184471
LowerLegTheta=-0.956757783889771

[RightLeg]
ThighAlpha=0.13922968506813
ThighTheta=0.146199703216553
LowerLegAlpha=0.0499798879027367
LowerLegTheta=-0.146199628710747
