[%General]
Highest=179
CenterX=35.7100505635434
CenterY=144.735233467981
XWidth=62

[LeftLeg]
ThighAlpha=-0.0606898590922356
ThighTheta=-0.10313306748867
LowerLegAlpha=-0.13922968506813
LowerLegTheta=-0.255452752113342

[RightLeg]
ThighAlpha=0.0321299284696579
ThighTheta=0.391905784606934
LowerLegAlpha=-0.0321299210190773
LowerLegTheta=-0.182466238737106
