[%General]
Highest=173
CenterX=37.1052721537673
CenterY=237.165778392405
XWidth=58

[LeftLeg]
ThighAlpha=-0.0214199498295784
ThighTheta=0.46489229798317
LowerLegAlpha=-0.0856797993183136
LowerLegTheta=0.531532108783722

[RightLeg]
ThighAlpha=0.103529766201973
ThighTheta=-0.391905754804611
LowerLegAlpha=0.0642598569393158
LowerLegTheta=-0.109479740262032
