[%General]
Highest=174
CenterX=36.4628108315389
CenterY=181.079584673019
XWidth=60

[LeftLeg]
ThighAlpha=-0.0606898590922356
ThighTheta=-0.461718916893005
LowerLegAlpha=-0.0285599306225777
LowerLegTheta=-0.464892268180847

[RightLeg]
ThighAlpha=0.103529766201973
ThighTheta=0.46489229798317
LowerLegAlpha=0.0285599380731583
LowerLegTheta=0.252279460430145
