[%General]
Highest=157
CenterX=34.6936146113549
CenterY=304.350224601959
XWidth=47

[LeftLeg]
ThighAlpha=-0.117809727787971
ThighTheta=-0.179292917251587
LowerLegAlpha=-0.103529758751392
LowerLegTheta=-0.106306403875351

[RightLeg]
ThighAlpha=-0.0606898590922356
ThighTheta=0.744144976139069
LowerLegAlpha=-0.0428398996591568
LowerLegTheta=-0.541052103042603
