[%General]
Highest=177
CenterX=35.7499207957267
CenterY=152.936039786333
XWidth=62

[LeftLeg]
ThighAlpha=-0.0999597683548927
ThighTheta=-0.318919241428375
LowerLegAlpha=-0.0285599306225777
LowerLegTheta=-0.112653076648712

[RightLeg]
ThighAlpha=0.0499798879027367
ThighTheta=0.46489229798317
LowerLegAlpha=-0.0678298398852348
LowerLegTheta=0.315745949745178
