[%General]
Highest=176
CenterX=37.2396246708452
CenterY=201.751229462597
XWidth=61

[LeftLeg]
ThighAlpha=-0.00356999039649963
ThighTheta=0.0632398948073387
LowerLegAlpha=-0.0678298398852348
LowerLegTheta=-1.09955739974976

[RightLeg]
ThighAlpha=0.103529766201973
ThighTheta=0.169319659471512
LowerLegAlpha=0.0428399071097374
LowerLegTheta=0.152999684214592
