[%General]
Highest=180
CenterX=35.7294344430141
CenterY=137.082342269031
XWidth=62

[LeftLeg]
ThighAlpha=0.0642598569393158
ThighTheta=0.109479777514935
LowerLegAlpha=-0.13922968506813
LowerLegTheta=-0.395079076290131

[RightLeg]
ThighAlpha=0.121379725635052
ThighTheta=0.179292947053909
LowerLegAlpha=-0.0107099711894989
LowerLegTheta=-0.395079076290131
