[%General]
Highest=176
CenterX=37.2396246708452
CenterY=201.751229462597
XWidth=61

[LeftLeg]
ThighAlpha=-0.00356999039649963
ThighTheta=0.0333199352025986
LowerLegAlpha=-0.0321299210190773
LowerLegTheta=-1.02974426746368

[RightLeg]
ThighAlpha=0.103529766201973
ThighTheta=0.179292947053909
LowerLegAlpha=0.0606898665428162
LowerLegTheta=0.103133104741573
