[%General]
Highest=177
CenterX=41.5090286675208
CenterY=39.938080557335
XWidth=56

[LeftLeg]
ThighAlpha=0.13922968506813
ThighTheta=-0.222359463572502
LowerLegAlpha=-0.0999597683548927
LowerLegTheta=-0.67115843296051

[RightLeg]
ThighAlpha=0.121379725635052
ThighTheta=0.229159519076347
LowerLegAlpha=0.0642598569393158
LowerLegTheta=-0.0931597501039505
