[%General]
Highest=175
CenterX=41.8303125406865
CenterY=36.861155461753
XWidth=56

[LeftLeg]
ThighAlpha=0.0981747731566429
ThighTheta=-0.431968986988068
LowerLegAlpha=-0.0981747731566429
LowerLegTheta=-0.471238911151886

[RightLeg]
ThighAlpha=0.0981747731566429
ThighTheta=0.235619455575943
LowerLegAlpha=0.0981747731566429
LowerLegTheta=-0.0392699092626572
