[%General]
Highest=173
CenterX=41.6657526976826
CenterY=19.3859720502388
XWidth=52

[LeftLeg]
ThighAlpha=-0.157079637050629
ThighTheta=0.322092622518539
LowerLegAlpha=-0.13922968506813
LowerLegTheta=0.179292947053909

[RightLeg]
ThighAlpha=0.13922968506813
ThighTheta=0.322092622518539
LowerLegAlpha=-0.0285599306225777
LowerLegTheta=0.245932787656784
