[%General]
Highest=173
CenterX=41.4701014442057
CenterY=16.9660386787267
XWidth=51

[LeftLeg]
ThighAlpha=-0.157079637050629
ThighTheta=0.322092622518539
LowerLegAlpha=-0.121379718184471
LowerLegTheta=0.249106109142303

[RightLeg]
ThighAlpha=0.0856798067688942
ThighTheta=0.322092622518539
LowerLegAlpha=0.00713998824357986
LowerLegTheta=0.31891930103302
