[%General]
Highest=176
CenterX=39.705812532483
CenterY=78.8578401764268
XWidth=60

[LeftLeg]
ThighAlpha=-0.0606898590922356
ThighTheta=0.46489229798317
LowerLegAlpha=-0.0142799615859985
LowerLegTheta=0.388732463121414

[RightLeg]
ThighAlpha=0.13922968506813
ThighTheta=-0.322092592716217
LowerLegAlpha=0.0285599380731583
LowerLegTheta=-0.391905754804611
