[%General]
Highest=176
CenterX=35.8115625205768
CenterY=124.475986040693
XWidth=63

[LeftLeg]
ThighAlpha=-0.0606898590922356
ThighTheta=0.179292947053909
LowerLegAlpha=-0.13922968506813
LowerLegTheta=-0.0396665707230568

[RightLeg]
ThighAlpha=0.0499798879027367
ThighTheta=0.0333199352025986
LowerLegAlpha=-0.0107099711894989
LowerLegTheta=-0.747318267822266
