[%General]
Highest=179
CenterX=40.2142889894735
CenterY=64.2559952313265
XWidth=59

[LeftLeg]
ThighAlpha=0.0499798879027367
ThighTheta=0.222359538078308
LowerLegAlpha=0.00356999784708023
LowerLegTheta=-0.222359463572502

[RightLeg]
ThighAlpha=0.121379725635052
ThighTheta=-0.176119565963745
LowerLegAlpha=0.0642598569393158
LowerLegTheta=-0.199239507317543
