[%General]
Highest=179
CenterX=35.8418272385212
CenterY=140.845944751677
XWidth=62

[LeftLeg]
ThighAlpha=-0.0785398185253143
ThighTheta=-0.0863597691059113
LowerLegAlpha=-0.121379718184471
LowerLegTheta=-0.0564398318529129

[RightLeg]
ThighAlpha=-0.00356999039649963
ThighTheta=0.259079456329346
LowerLegAlpha=-0.00356999039649963
LowerLegTheta=-0.215559482574463
