[%General]
Highest=174
CenterX=38.1446681995318
CenterY=99.3185673499726
XWidth=63

[LeftLeg]
ThighAlpha=-0.0606898590922356
ThighTheta=0.534705460071564
LowerLegAlpha=-0.0642598494887352
LowerLegTheta=0.252279460430145

[RightLeg]
ThighAlpha=0.13922968506813
ThighTheta=-0.464892268180847
LowerLegAlpha=0.046409897506237
LowerLegTheta=-0.537878751754761
