[%General]
Highest=179
CenterX=40.672624156764
CenterY=55.8578149935466
XWidth=58

[LeftLeg]
ThighAlpha=0.0785398185253143
ThighTheta=-0.0392699092626572
LowerLegAlpha=-0.0981747731566429
LowerLegTheta=-0.274889349937439

[RightLeg]
ThighAlpha=0.0785398185253143
ThighTheta=0.0785398185253143
LowerLegAlpha=0.0981747731566429
LowerLegTheta=-0.314159274101257
