[%General]
Highest=179
CenterX=40.672624156764
CenterY=55.8578149935466
XWidth=58

[LeftLeg]
ThighAlpha=0.13922968506813
ThighTheta=0.0333199352025986
LowerLegAlpha=-0.13922968506813
LowerLegTheta=-0.388732433319092

[RightLeg]
ThighAlpha=0.13922968506813
ThighTheta=0.0333199352025986
LowerLegAlpha=0.0107099786400795
LowerLegTheta=-0.249106079339981
