[%General]
Highest=178
CenterX=35.7071107762314
CenterY=148.737966492332
XWidth=63

[LeftLeg]
ThighAlpha=-0.0785398185253143
ThighTheta=-0.235619455575943
LowerLegAlpha=-0.0785398185253143
LowerLegTheta=-0.117809727787971

[RightLeg]
ThighAlpha=0.0785398185253143
ThighTheta=0.431968986988068
LowerLegAlpha=-0.0981747731566429
LowerLegTheta=0.196349546313286
