[%General]
Highest=174
CenterX=41.3843215071789
CenterY=14.7561097996282
XWidth=52

[LeftLeg]
ThighAlpha=-0.0981747731566429
ThighTheta=0.235619455575943
LowerLegAlpha=-0.0981747731566429
LowerLegTheta=0.353429168462753

[RightLeg]
ThighAlpha=0.0589048638939857
ThighTheta=0.196349546313286
LowerLegAlpha=0
LowerLegTheta=0.510508835315704
