[%General]
Highest=175
CenterX=41.7192126110266
CenterY=12.7463124483209
XWidth=51

[LeftLeg]
ThighAlpha=-0.157079637050629
ThighTheta=0.146199703216553
LowerLegAlpha=-0.157079637050629
LowerLegTheta=0.395079135894775

[RightLeg]
ThighAlpha=0.0499798879027367
ThighTheta=0.139399722218513
LowerLegAlpha=-0.0464098900556564
LowerLegTheta=0.498438894748688
