[%General]
Highest=179
CenterX=40.2142889894735
CenterY=64.2559952313265
XWidth=59

[LeftLeg]
ThighAlpha=0.0321299284696579
ThighTheta=0.18246628344059
LowerLegAlpha=-0.0321299210190773
LowerLegTheta=-0.112653076648712

[RightLeg]
ThighAlpha=0.121379725635052
ThighTheta=-0.179292917251587
LowerLegAlpha=0.0642598569393158
LowerLegTheta=-0.182466238737106
