[%General]
Highest=174
CenterX=41.3843215071789
CenterY=14.7561097996282
XWidth=52

[LeftLeg]
ThighAlpha=-0.157079637050629
ThighTheta=0.229159519076347
LowerLegAlpha=-0.157079637050629
LowerLegTheta=0.275399416685104

[RightLeg]
ThighAlpha=0.0678298473358154
ThighTheta=0.19243960082531
LowerLegAlpha=-0.0285599306225777
LowerLegTheta=0.498438894748688
