[%General]
Highest=177
CenterX=35.6109266046549
CenterY=128.565463037697
XWidth=62

[LeftLeg]
ThighAlpha=-0.0606898590922356
ThighTheta=0.0496399253606796
LowerLegAlpha=-0.13922968506813
LowerLegTheta=0.00340002961456776

[RightLeg]
ThighAlpha=0.0856798067688942
ThighTheta=-0.229159444570541
LowerLegAlpha=-0.0606898590922356
LowerLegTheta=-0.0496398508548737
