[%General]
Highest=176
CenterX=37.2396246708452
CenterY=201.751229462597
XWidth=61

[LeftLeg]
ThighAlpha=-0.0196349546313286
ThighTheta=-0.0785398185253143
LowerLegAlpha=-0.0196349546313286
LowerLegTheta=-0.785398185253143

[RightLeg]
ThighAlpha=0.0981747731566429
ThighTheta=0.196349546313286
LowerLegAlpha=0.0589048638939857
LowerLegTheta=0.117809727787971
