[%General]
Highest=173
CenterX=36.2542824373821
CenterY=168.431107329165
XWidth=61

[LeftLeg]
ThighAlpha=-0.0785398185253143
ThighTheta=-0.468065589666367
LowerLegAlpha=-0.0678298398852348
LowerLegTheta=-0.2459327429533

[RightLeg]
ThighAlpha=0.0856798067688942
ThighTheta=0.534705460071564
LowerLegAlpha=0.00356999784708023
LowerLegTheta=0.46171897649765
