[%General]
Highest=177
CenterX=39.6956475867599
CenterY=75.4911094855599
XWidth=59

[LeftLeg]
ThighAlpha=-0.0392699092626572
ThighTheta=0.431799054145813
LowerLegAlpha=0.0428399071097374
LowerLegTheta=0.229159519076347

[RightLeg]
ThighAlpha=0.13922968506813
ThighTheta=-0.371959120035172
LowerLegAlpha=0.0249899476766586
LowerLegTheta=-0.229159444570541
