[%General]
Highest=173
CenterX=36.3861188236833
CenterY=176.771641639168
XWidth=60

[LeftLeg]
ThighAlpha=-0.082109808921814
ThighTheta=-0.491638839244843
LowerLegAlpha=-0.0107099711894989
LowerLegTheta=-0.38827908039093

[RightLeg]
ThighAlpha=0.103529766201973
ThighTheta=0.514758884906769
LowerLegAlpha=0.0107099786400795
LowerLegTheta=0.312119334936142
