[%General]
Highest=180
CenterX=35.7294344430141
CenterY=137.082342269031
XWidth=62

[LeftLeg]
ThighAlpha=-0.00713998079299927
ThighTheta=-0.070039801299572
LowerLegAlpha=-0.157079637050629
LowerLegTheta=-0.215559482574463

[RightLeg]
ThighAlpha=0.121379725635052
ThighTheta=0.222359538078308
LowerLegAlpha=0.13922968506813
LowerLegTheta=-0.312119245529175
