[%General]
Highest=176
CenterX=37.0539146004757
CenterY=112.822496651267
XWidth=63

[LeftLeg]
ThighAlpha=-0.0606898590922356
ThighTheta=0.46489229798317
LowerLegAlpha=-0.121379718184471
LowerLegTheta=-0.0364932343363762

[RightLeg]
ThighAlpha=0.0678298473358154
ThighTheta=-0.109479740262032
LowerLegAlpha=0.0249899476766586
LowerLegTheta=-0.959931075572968
