[%General]
Highest=161
CenterX=35.9427798236804
CenterY=295.620633857828
XWidth=49

[LeftLeg]
ThighAlpha=-0.0999597683548927
ThighTheta=-0.106306403875351
LowerLegAlpha=-0.0107099711894989
LowerLegTheta=0.106306441128254

[RightLeg]
ThighAlpha=0.0321299284696579
ThighTheta=0.46489229798317
LowerLegAlpha=-0.0142799615859985
LowerLegTheta=-0.817131459712982
