[%General]
Highest=156
CenterX=34.4285536470002
CenterY=306.737919398114
XWidth=47

[LeftLeg]
ThighAlpha=-0.157079637050629
ThighTheta=-0.206039488315582
LowerLegAlpha=-0.0678298398852348
LowerLegTheta=-0.0795597806572914

[RightLeg]
ThighAlpha=0.13922968506813
ThighTheta=-0.199239507317543
LowerLegAlpha=0.0999597758054733
LowerLegTheta=-0.0863597691059113
