[%General]
Highest=176
CenterX=36.5153570443893
CenterY=116.546760408051
XWidth=63

[LeftLeg]
ThighAlpha=-0.0999597683548927
ThighTheta=0.395079135894775
LowerLegAlpha=-0.0856797993183136
LowerLegTheta=-0.109479740262032

[RightLeg]
ThighAlpha=0.0499798879027367
ThighTheta=0.030146598815918
LowerLegAlpha=0.0107099786400795
LowerLegTheta=-1.02974426746368
