[%General]
Highest=177
CenterX=41.5090286675208
CenterY=39.938080557335
XWidth=56

[LeftLeg]
ThighAlpha=0.103529766201973
ThighTheta=-0.322092592716217
LowerLegAlpha=-0.082109808921814
LowerLegTheta=-0.531532108783722

[RightLeg]
ThighAlpha=0.121379725635052
ThighTheta=0.249106109142303
LowerLegAlpha=0.046409897506237
LowerLegTheta=-0.10313306748867
