[%General]
Highest=178
CenterX=41.0626933127133
CenterY=47.2384345669795
XWidth=58

[LeftLeg]
ThighAlpha=0.0999597758054733
ThighTheta=-0.106306403875351
LowerLegAlpha=-0.0678298398852348
LowerLegTheta=-0.537878751754761

[RightLeg]
ThighAlpha=0.0678298473358154
ThighTheta=-0.0333198979496956
LowerLegAlpha=0.103529766201973
LowerLegTheta=0.103133104741573
