[%General]
Highest=174
CenterX=41.8182429367548
CenterY=22.1782740409539
XWidth=53

[LeftLeg]
ThighAlpha=-0.157079637050629
ThighTheta=0.431799054145813
LowerLegAlpha=-0.13922968506813
LowerLegTheta=0.0863598436117172

[RightLeg]
ThighAlpha=0.13922968506813
ThighTheta=0.371959179639816
LowerLegAlpha=0.0285599380731583
LowerLegTheta=0.139399722218513
