[%General]
Highest=172
CenterX=37.1141109022704
CenterY=244.362213641404
XWidth=56

[LeftLeg]
ThighAlpha=-0.0606898590922356
ThighTheta=0.537878811359406
LowerLegAlpha=-0.0999597683548927
LowerLegTheta=0.531532108783722

[RightLeg]
ThighAlpha=0.121379725635052
ThighTheta=-0.391905754804611
LowerLegAlpha=0.021419957280159
LowerLegTheta=-0.391905754804611
