[%General]
Highest=174
CenterX=41.8182429367548
CenterY=22.1782740409539
XWidth=53

[LeftLeg]
ThighAlpha=-0.157079637050629
ThighTheta=0.322092622518539
LowerLegAlpha=-0.13922968506813
LowerLegTheta=0.176119610667229

[RightLeg]
ThighAlpha=0.13922968506813
ThighTheta=0.391905784606934
LowerLegAlpha=0.0107099786400795
LowerLegTheta=0.109479777514935
