[%General]
Highest=177
CenterX=35.6109266046549
CenterY=128.565463037697
XWidth=62

[LeftLeg]
ThighAlpha=-0.0606898590922356
ThighTheta=0.0396666079759598
LowerLegAlpha=-0.157079637050629
LowerLegTheta=0.103133104741573

[RightLeg]
ThighAlpha=0.0999597758054733
ThighTheta=-0.249106079339981
LowerLegAlpha=-0.103529758751392
LowerLegTheta=-0.112653076648712
