[%General]
Highest=174
CenterX=42.438863456985
CenterY=11.0982320441989
XWidth=51

[LeftLeg]
ThighAlpha=-0.157079637050629
ThighTheta=0.103133104741573
LowerLegAlpha=-0.13922968506813
LowerLegTheta=0.328439295291901

[RightLeg]
ThighAlpha=0.0678298473358154
ThighTheta=0.0333199352025986
LowerLegAlpha=-0.103529758751392
LowerLegTheta=0.468065619468689
