[%General]
Highest=176
CenterX=37.4325068271871
CenterY=221.987526348958
XWidth=60

[LeftLeg]
ThighAlpha=-0.00356999039649963
ThighTheta=0.31891930103302
LowerLegAlpha=-0.0142799615859985
LowerLegTheta=-0.106306403875351

[RightLeg]
ThighAlpha=0.0678298473358154
ThighTheta=-0.176119565963745
LowerLegAlpha=0.0999597758054733
LowerLegTheta=0.0364932715892792
