[%General]
Highest=156
CenterX=34.4285536470002
CenterY=306.737919398114
XWidth=47

[LeftLeg]
ThighAlpha=-0.13922968506813
ThighTheta=-0.2459327429533
LowerLegAlpha=-0.0856797993183136
LowerLegTheta=-0.0396665707230568

[RightLeg]
ThighAlpha=0.13922968506813
ThighTheta=-0.179292917251587
LowerLegAlpha=0.0999597758054733
LowerLegTheta=-0.106306403875351
