[%General]
Highest=166
CenterX=35.912117542014
CenterY=279.751513919216
XWidth=52

[LeftLeg]
ThighAlpha=-0.117809727787971
ThighTheta=0.249106109142303
LowerLegAlpha=-0.0642598494887352
LowerLegTheta=0.179292947053909

[RightLeg]
ThighAlpha=-0.0214199498295784
ThighTheta=-0.249106079339981
LowerLegAlpha=-0.0321299210190773
LowerLegTheta=-0.534705400466919
