[%General]
Highest=175
CenterX=42.0549248964088
CenterY=29.8079031422652
XWidth=55

[LeftLeg]
ThighAlpha=-0.13922968506813
ThighTheta=0.252279460430145
LowerLegAlpha=-0.103529758751392
LowerLegTheta=0.172946274280548

[RightLeg]
ThighAlpha=0.13922968506813
ThighTheta=0.325265944004059
LowerLegAlpha=0.0678298473358154
LowerLegTheta=0.030146598815918
