[%General]
Highest=161
CenterX=35.4128685213454
CenterY=299.158519995431
XWidth=49

[LeftLeg]
ThighAlpha=-0.0785398185253143
ThighTheta=-0.157079637050629
LowerLegAlpha=-0.0981747731566429
LowerLegTheta=0

[RightLeg]
ThighAlpha=0
ThighTheta=0.471238911151886
LowerLegAlpha=-0.0785398185253143
LowerLegTheta=-0.549778699874878
