[%General]
Highest=168
CenterX=36.3013292479611
CenterY=270.611490109494
XWidth=54

[LeftLeg]
ThighAlpha=-0.0999597683548927
ThighTheta=0.521558880805969
LowerLegAlpha=-0.117809727787971
LowerLegTheta=0.0727598741650581

[RightLeg]
ThighAlpha=0.0321299284696579
ThighTheta=-0.342039197683334
LowerLegAlpha=-0.0142799615859985
LowerLegTheta=-0.627638518810272
