[%General]
Highest=176
CenterX=37.0539146004757
CenterY=112.822496651267
XWidth=63

[LeftLeg]
ThighAlpha=-0.0981747731566429
ThighTheta=0.510508835315704
LowerLegAlpha=-0.0589048638939857
LowerLegTheta=-0.157079637050629

[RightLeg]
ThighAlpha=0.0785398185253143
ThighTheta=-0.235619455575943
LowerLegAlpha=0.0392699092626572
LowerLegTheta=-0.785398185253143
