[%General]
Highest=176
CenterX=36.5153570443893
CenterY=116.546760408051
XWidth=63

[LeftLeg]
ThighAlpha=-0.0785398185253143
ThighTheta=0.392699092626572
LowerLegAlpha=-0.0981747731566429
LowerLegTheta=-0.0785398185253143

[RightLeg]
ThighAlpha=0.0392699092626572
ThighTheta=-0.0785398185253143
LowerLegAlpha=0.0589048638939857
LowerLegTheta=-0.785398185253143
