[%General]
Highest=177
CenterX=37.7416219342211
CenterY=209.654497464338
XWidth=61

[LeftLeg]
ThighAlpha=-0.0214199498295784
ThighTheta=0.249106109142303
LowerLegAlpha=-0.0321299210190773
LowerLegTheta=-0.956757783889771

[RightLeg]
ThighAlpha=0.13922968506813
ThighTheta=0.176119610667229
LowerLegAlpha=0.0321299284696579
LowerLegTheta=-0.176119565963745
