[%General]
Highest=175
CenterX=37.4601131279253
CenterY=108.455611378772
XWidth=63

[LeftLeg]
ThighAlpha=-0.082109808921814
ThighTheta=0.534705460071564
LowerLegAlpha=-0.103529758751392
LowerLegTheta=-0.0333198979496956

[RightLeg]
ThighAlpha=0.103529766201973
ThighTheta=-0.249106079339981
LowerLegAlpha=0.0428399071097374
LowerLegTheta=-0.820304751396179
