[%General]
Highest=173
CenterX=36.4930347698886
CenterY=172.552357375942
XWidth=61

[LeftLeg]
ThighAlpha=-0.0428398996591568
ThighTheta=-0.468065589666367
LowerLegAlpha=-0.0856797993183136
LowerLegTheta=-0.315745919942856

[RightLeg]
ThighAlpha=0.13922968506813
ThighTheta=0.534705460071564
LowerLegAlpha=-0.0321299210190773
LowerLegTheta=0.322092622518539
