[%General]
Highest=175
CenterX=39.3475131030824
CenterY=86.4701837658008
XWidth=61

[LeftLeg]
ThighAlpha=-0.0214199498295784
ThighTheta=0.534705460071564
LowerLegAlpha=-0.103529758751392
LowerLegTheta=0.391905784606934

[RightLeg]
ThighAlpha=0.13922968506813
ThighTheta=-0.461718916893005
LowerLegAlpha=0.0285599380731583
LowerLegTheta=-0.391905754804611
