[%General]
Highest=161
CenterX=35.4128685213454
CenterY=299.158519995431
XWidth=49

[LeftLeg]
ThighAlpha=-0.117809727787971
ThighTheta=-0.106306403875351
LowerLegAlpha=-0.0999597683548927
LowerLegTheta=-0.0396665707230568

[RightLeg]
ThighAlpha=0.0107099786400795
ThighTheta=0.46489229798317
LowerLegAlpha=-0.121379718184471
LowerLegTheta=-0.537878751754761
