[%General]
Highest=170
CenterX=36.8099781963296
CenterY=251.80185210514
XWidth=56

[LeftLeg]
ThighAlpha=-0.0606898590922356
ThighTheta=0.60451865196228
LowerLegAlpha=-0.121379718184471
LowerLegTheta=0.395079135894775

[RightLeg]
ThighAlpha=0.0999597758054733
ThighTheta=-0.461718916893005
LowerLegAlpha=0.0642598569393158
LowerLegTheta=-0.325265914201736
