[%General]
Highest=174
CenterX=37.1570521667127
CenterY=233.244367335673
XWidth=59

[LeftLeg]
ThighAlpha=-0.0428398996591568
ThighTheta=0.534705460071564
LowerLegAlpha=-0.0107099711894989
LowerLegTheta=0.249106109142303

[RightLeg]
ThighAlpha=0.121379725635052
ThighTheta=-0.388732433319092
LowerLegAlpha=0.0249899476766586
LowerLegTheta=-0.0396665707230568
