[%General]
Highest=174
CenterX=38.1446681995318
CenterY=99.3185673499726
XWidth=63

[LeftLeg]
ThighAlpha=-0.0606898590922356
ThighTheta=0.544678807258606
LowerLegAlpha=-0.117809727787971
LowerLegTheta=0.222359538078308

[RightLeg]
ThighAlpha=0.13922968506813
ThighTheta=-0.424998998641968
LowerLegAlpha=0.046409897506237
LowerLegTheta=-0.597718596458435
