[%General]
Highest=178
CenterX=39.922273224627
CenterY=68.3555549625043
XWidth=59

[LeftLeg]
ThighAlpha=0.0107099786400795
ThighTheta=0.371959179639816
LowerLegAlpha=0.021419957280159
LowerLegTheta=-0.222359463572502

[RightLeg]
ThighAlpha=0.121379725635052
ThighTheta=-0.169319570064545
LowerLegAlpha=0.0428399071097374
LowerLegTheta=-0.342039197683334
