[%General]
Highest=174
CenterX=36.4628108315389
CenterY=181.079584673019
XWidth=60

[LeftLeg]
ThighAlpha=-0.0606898590922356
ThighTheta=-0.431798994541168
LowerLegAlpha=-0.0285599306225777
LowerLegTheta=-0.544678747653961

[RightLeg]
ThighAlpha=0.121379725635052
ThighTheta=0.484838932752609
LowerLegAlpha=0.0107099786400795
LowerLegTheta=0.222359538078308
