[%General]
Highest=176
CenterX=37.6498561130581
CenterY=218.147562469727
XWidth=61

[LeftLeg]
ThighAlpha=-0.024989940226078
ThighTheta=0.0364932715892792
LowerLegAlpha=-0.0499798804521561
LowerLegTheta=0.103133104741573

[RightLeg]
ThighAlpha=0.121379725635052
ThighTheta=-0.0364932343363762
LowerLegAlpha=0.0678298473358154
LowerLegTheta=-0.0999597311019897
