[%General]
Highest=178
CenterX=39.922273224627
CenterY=68.3555549625043
XWidth=59

[LeftLeg]
ThighAlpha=-0.0196349546313286
ThighTheta=0.353429168462753
LowerLegAlpha=0.0785398185253143
LowerLegTheta=-0.157079637050629

[RightLeg]
ThighAlpha=0.0981747731566429
ThighTheta=-0.235619455575943
LowerLegAlpha=0.0785398185253143
LowerLegTheta=-0.274889349937439
