[%General]
Highest=168
CenterX=36.7004478958828
CenterY=256.006639787394
XWidth=56

[LeftLeg]
ThighAlpha=-0.0999597683548927
ThighTheta=0.60451865196228
LowerLegAlpha=-0.117809727787971
LowerLegTheta=0.322092622518539

[RightLeg]
ThighAlpha=0.103529766201973
ThighTheta=-0.391905754804611
LowerLegAlpha=0.0428399071097374
LowerLegTheta=-0.468065589666367
