[%General]
Highest=175
CenterX=42.0549248964088
CenterY=29.8079031422652
XWidth=55

[LeftLeg]
ThighAlpha=-0.13922968506813
ThighTheta=0.252279460430145
LowerLegAlpha=-0.157079637050629
LowerLegTheta=0.18291962146759

[RightLeg]
ThighAlpha=0.13922968506813
ThighTheta=0.365159213542938
LowerLegAlpha=0.0678298473358154
LowerLegTheta=0.0102000124752522
