[%General]
Highest=175
CenterX=35.845863578966
CenterY=160.590522747916
XWidth=61

[LeftLeg]
ThighAlpha=-0.0428398996591568
ThighTheta=-0.395079076290131
LowerLegAlpha=-0.103529758751392
LowerLegTheta=-0.24275940656662

[RightLeg]
ThighAlpha=0.0499798879027367
ThighTheta=0.46489229798317
LowerLegAlpha=-0.0464098900556564
LowerLegTheta=0.60451865196228
