[%General]
Highest=169
CenterX=36.5886672377922
CenterY=265.639421647989
XWidth=55

[LeftLeg]
ThighAlpha=-0.0785398185253143
ThighTheta=0.549778699874878
LowerLegAlpha=-0.0785398185253143
LowerLegTheta=0.157079637050629

[RightLeg]
ThighAlpha=0.0981747731566429
ThighTheta=-0.471238911151886
LowerLegAlpha=-0.0196349546313286
LowerLegTheta=-0.471238911151886
