[%General]
Highest=175
CenterX=41.7192126110266
CenterY=12.7463124483209
XWidth=51

[LeftLeg]
ThighAlpha=-0.157079637050629
ThighTheta=0.176119610667229
LowerLegAlpha=-0.157079637050629
LowerLegTheta=0.255452781915665

[RightLeg]
ThighAlpha=0.0678298473358154
ThighTheta=0.179292947053909
LowerLegAlpha=-0.0464098900556564
LowerLegTheta=0.458545625209808
