[%General]
Highest=177
CenterX=37.6315314705816
CenterY=205.521487795894
XWidth=61

[LeftLeg]
ThighAlpha=0.0142799690365791
ThighTheta=0.116279773414135
LowerLegAlpha=-0.157079637050629
LowerLegTheta=-1.0097975730896

[RightLeg]
ThighAlpha=0.13922968506813
ThighTheta=0.176119640469551
LowerLegAlpha=0.0249899476766586
LowerLegTheta=-0.010199936106801
