[%General]
Highest=168
CenterX=36.3013292479611
CenterY=270.611490109494
XWidth=54

[LeftLeg]
ThighAlpha=-0.082109808921814
ThighTheta=0.46171897649765
LowerLegAlpha=-0.0999597683548927
LowerLegTheta=0.18246628344059

[RightLeg]
ThighAlpha=0.0321299284696579
ThighTheta=-0.322092592716217
LowerLegAlpha=-0.0142799615859985
LowerLegTheta=-0.607691943645477
