[%General]
Highest=179
CenterX=40.4644982379109
CenterY=60.1172158350505
XWidth=59

[LeftLeg]
ThighAlpha=0
ThighTheta=0.157079637050629
LowerLegAlpha=0.0589048638939857
LowerLegTheta=-0.157079637050629

[RightLeg]
ThighAlpha=0.0785398185253143
ThighTheta=-0.117809727787971
LowerLegAlpha=0.0392699092626572
LowerLegTheta=-0.235619455575943
