[%General]
Highest=174
CenterX=35.9710178068247
CenterY=164.477759910302
XWidth=61

[LeftLeg]
ThighAlpha=-0.0785398185253143
ThighTheta=-0.534705400466919
LowerLegAlpha=-0.0321299210190773
LowerLegTheta=-0.172946244478226

[RightLeg]
ThighAlpha=0.0678298473358154
ThighTheta=0.534705460071564
LowerLegAlpha=-0.0464098900556564
LowerLegTheta=0.46171897649765
