[%General]
Highest=179
CenterX=40.775924115001
CenterY=51.5295390833822
XWidth=59

[LeftLeg]
ThighAlpha=0.0589048638939857
ThighTheta=0
LowerLegAlpha=-0.0589048638939857
LowerLegTheta=-0.471238911151886

[RightLeg]
ThighAlpha=0.0981747731566429
ThighTheta=0.0785398185253143
LowerLegAlpha=0.0785398185253143
LowerLegTheta=-0.314159274101257
