[%General]
Highest=176
CenterX=37.4325068271871
CenterY=221.987526348958
XWidth=60

[LeftLeg]
ThighAlpha=-0.0392699092626572
ThighTheta=0.169319659471512
LowerLegAlpha=0.021419957280159
LowerLegTheta=0.0632398948073387

[RightLeg]
ThighAlpha=0.0678298473358154
ThighTheta=-0.146199628710747
LowerLegAlpha=0.0999597758054733
LowerLegTheta=-0.00339995324611664
