[%General]
Highest=177
CenterX=37.6315314705816
CenterY=205.521487795894
XWidth=61

[LeftLeg]
ThighAlpha=0.0142799690365791
ThighTheta=0.106306441128254
LowerLegAlpha=-0.157079637050629
LowerLegTheta=-0.959931075572968

[RightLeg]
ThighAlpha=0.13922968506813
ThighTheta=0.176119610667229
LowerLegAlpha=0.0249899476766586
LowerLegTheta=0.0396666079759598
