[%General]
Highest=156
CenterX=34.4285536470002
CenterY=306.737919398114
XWidth=47

[LeftLeg]
ThighAlpha=-0.0981747731566429
ThighTheta=-0.157079637050629
LowerLegAlpha=-0.0981747731566429
LowerLegTheta=-0.196349546313286

[RightLeg]
ThighAlpha=0.0981747731566429
ThighTheta=-0.196349546313286
LowerLegAlpha=0.0981747731566429
LowerLegTheta=-0.0785398185253143
