[%General]
Highest=177
CenterX=37.7416219342211
CenterY=209.654497464338
XWidth=61

[LeftLeg]
ThighAlpha=-0.0196349546313286
ThighTheta=0.235619455575943
LowerLegAlpha=0.0392699092626572
LowerLegTheta=-0.785398185253143

[RightLeg]
ThighAlpha=0.0589048638939857
ThighTheta=0.157079637050629
LowerLegAlpha=0.0981747731566429
LowerLegTheta=-0.157079637050629
