[%General]
Highest=176
CenterX=37.6498561130581
CenterY=218.147562469727
XWidth=61

[LeftLeg]
ThighAlpha=-0.0428398996591568
ThighTheta=0.0265199784189463
LowerLegAlpha=0.021419957280159
LowerLegTheta=0.0931598246097565

[RightLeg]
ThighAlpha=0.0856798067688942
ThighTheta=-0.0265199020504951
LowerLegAlpha=0.0606898665428162
LowerLegTheta=-0.123079679906368
