[%General]
Highest=174
CenterX=41.8932929626571
CenterY=33.4796417455377
XWidth=57

[LeftLeg]
ThighAlpha=-0.13922968506813
ThighTheta=0.322092622518539
LowerLegAlpha=-0.103529758751392
LowerLegTheta=-0.0333198979496956

[RightLeg]
ThighAlpha=0.13922968506813
ThighTheta=0.388732463121414
LowerLegAlpha=0.0678298473358154
LowerLegTheta=-0.106306403875351
