[%General]
Highest=177
CenterX=35.7499207957267
CenterY=152.936039786333
XWidth=62

[LeftLeg]
ThighAlpha=-0.0785398185253143
ThighTheta=-0.353429168462753
LowerLegAlpha=-0.0785398185253143
LowerLegTheta=-0.0392699092626572

[RightLeg]
ThighAlpha=0.0392699092626572
ThighTheta=0.431968986988068
LowerLegAlpha=-0.0589048638939857
LowerLegTheta=0.392699092626572
