[%General]
Highest=153
CenterX=34.34299286725
CenterY=309.88477865373
XWidth=46

[LeftLeg]
ThighAlpha=-0.157079637050629
ThighTheta=-0.2459327429533
LowerLegAlpha=-0.0142799615859985
LowerLegTheta=-0.182466238737106

[RightLeg]
ThighAlpha=0.13922968506813
ThighTheta=-0.2522794008255
LowerLegAlpha=0.121379725635052
LowerLegTheta=-0.0999597311019897
