[%General]
Highest=179
CenterX=35.7970005926893
CenterY=132.815567083769
XWidth=63

[LeftLeg]
ThighAlpha=-0.0981747731566429
ThighTheta=0
LowerLegAlpha=-0.0981747731566429
LowerLegTheta=0.0785398185253143

[RightLeg]
ThighAlpha=0.0196349546313286
ThighTheta=-0.117809727787971
LowerLegAlpha=0
LowerLegTheta=0.0392699092626572
