[%General]
Highest=162
CenterX=35.9575229309528
CenterY=291.684859432821
XWidth=50

[LeftLeg]
ThighAlpha=-0.117809727787971
ThighTheta=-0.10313306748867
LowerLegAlpha=-0.0321299210190773
LowerLegTheta=0.245932787656784

[RightLeg]
ThighAlpha=0.0678298473358154
ThighTheta=-0.322092592716217
LowerLegAlpha=-0.13922968506813
LowerLegTheta=0.249106109142303
