[%General]
Highest=175
CenterX=36.5603963931792
CenterY=194.482516441984
XWidth=59

[LeftLeg]
ThighAlpha=-0.0196349546313286
ThighTheta=-0.235619455575943
LowerLegAlpha=0
LowerLegTheta=-0.785398185253143

[RightLeg]
ThighAlpha=0.0981747731566429
ThighTheta=0.353429168462753
LowerLegAlpha=0.0196349546313286
LowerLegTheta=0.0785398185253143
