[%General]
Highest=174
CenterX=37.6812426558013
CenterY=103.825790392224
XWidth=63

[LeftLeg]
ThighAlpha=-0.0999597683548927
ThighTheta=0.607692003250122
LowerLegAlpha=-0.0678298398852348
LowerLegTheta=-0.0396665707230568

[RightLeg]
ThighAlpha=0.121379725635052
ThighTheta=-0.391905754804611
LowerLegAlpha=0.0428399071097374
LowerLegTheta=-0.607691943645477
