[%General]
Highest=172
CenterX=37.0915602327253
CenterY=240.976704295218
XWidth=57

[LeftLeg]
ThighAlpha=-0.00713998079299927
ThighTheta=0.534705460071564
LowerLegAlpha=-0.0999597683548927
LowerLegTheta=0.46171897649765

[RightLeg]
ThighAlpha=0.0856798067688942
ThighTheta=-0.461718916893005
LowerLegAlpha=0.0642598569393158
LowerLegTheta=-0.109479740262032
