[%General]
Highest=179
CenterX=40.672624156764
CenterY=55.8578149935466
XWidth=58

[LeftLeg]
ThighAlpha=0.0856798067688942
ThighTheta=-0.0265199020504951
LowerLegAlpha=-0.103529758751392
LowerLegTheta=-0.288999319076538

[RightLeg]
ThighAlpha=0.13922968506813
ThighTheta=0.0333199612796307
LowerLegAlpha=0.0107099786400795
LowerLegTheta=-0.259079366922379
