[%General]
Highest=177
CenterX=39.6956475867599
CenterY=75.4911094855599
XWidth=59

[LeftLeg]
ThighAlpha=-0.0214199498295784
ThighTheta=0.391905784606934
LowerLegAlpha=0.00713998824357986
LowerLegTheta=0.31891930103302

[RightLeg]
ThighAlpha=0.103529766201973
ThighTheta=-0.391905754804611
LowerLegAlpha=0.0428399071097374
LowerLegTheta=-0.249106079339981
