[%General]
Highest=173
CenterX=37.1052721537673
CenterY=237.165778392405
XWidth=58

[LeftLeg]
ThighAlpha=-0.0392699092626572
ThighTheta=0.514758884906769
LowerLegAlpha=-0.0678298398852348
LowerLegTheta=0.431799054145813

[RightLeg]
ThighAlpha=0.103529766201973
ThighTheta=-0.401879042387009
LowerLegAlpha=0.0821098163723946
LowerLegTheta=-0.109479710459709
