[%General]
Highest=175
CenterX=37.2416723826644
CenterY=229.227717464147
XWidth=60

[LeftLeg]
ThighAlpha=-0.0214199498295784
ThighTheta=0.46171897649765
LowerLegAlpha=0.00713998824357986
LowerLegTheta=0.179292947053909

[RightLeg]
ThighAlpha=0.13922968506813
ThighTheta=-0.318919241428375
LowerLegAlpha=-0.0107099711894989
LowerLegTheta=0.030146598815918
