[%General]
Highest=178
CenterX=39.8534200833075
CenterY=71.9873248648835
XWidth=60

[LeftLeg]
ThighAlpha=0.0142799690365791
ThighTheta=0.391905784606934
LowerLegAlpha=-0.0142799615859985
LowerLegTheta=0.0396666079759598

[RightLeg]
ThighAlpha=0.0856798067688942
ThighTheta=-0.249106079339981
LowerLegAlpha=0.0999597758054733
LowerLegTheta=-0.322092592716217
