[%General]
Highest=169
CenterX=36.5886672377922
CenterY=265.639421647989
XWidth=55

[LeftLeg]
ThighAlpha=-0.0999597683548927
ThighTheta=0.534705460071564
LowerLegAlpha=-0.121379718184471
LowerLegTheta=0.18246628344059

[RightLeg]
ThighAlpha=0.0499798879027367
ThighTheta=-0.322092592716217
LowerLegAlpha=0.0285599380731583
LowerLegTheta=-0.677505135536194
