[%General]
Highest=179
CenterX=40.4644982379109
CenterY=60.1172158350505
XWidth=59

[LeftLeg]
ThighAlpha=0.0321299284696579
ThighTheta=0.34883925318718
LowerLegAlpha=0.021419957280159
LowerLegTheta=-0.80715811252594

[RightLeg]
ThighAlpha=0.13922968506813
ThighTheta=-0.0265199020504951
LowerLegAlpha=0.0821098163723946
LowerLegTheta=-0.288999319076538
