[%General]
Highest=174
CenterX=41.8932929626571
CenterY=33.4796417455377
XWidth=57

[LeftLeg]
ThighAlpha=-0.13922968506813
ThighTheta=0.342039257287979
LowerLegAlpha=-0.157079637050629
LowerLegTheta=-0.0333198830485344

[RightLeg]
ThighAlpha=0.13922968506813
ThighTheta=0.282199382781982
LowerLegAlpha=0.0678298473358154
LowerLegTheta=-0.00339995324611664
