[%General]
Highest=179
CenterX=40.4644982379109
CenterY=60.1172158350505
XWidth=59

[LeftLeg]
ThighAlpha=0.0321299284696579
ThighTheta=0.179292947053909
LowerLegAlpha=-0.121379718184471
LowerLegTheta=-0.398252427577972

[RightLeg]
ThighAlpha=0.13922968506813
ThighTheta=-0.0364932343363762
LowerLegAlpha=0.0821098163723946
LowerLegTheta=-0.249106079339981
