[%General]
Highest=178
CenterX=39.922273224627
CenterY=68.3555549625043
XWidth=59

[LeftLeg]
ThighAlpha=0.0285599380731583
ThighTheta=0.322092622518539
LowerLegAlpha=-0.0142799615859985
LowerLegTheta=-0.112653076648712

[RightLeg]
ThighAlpha=0.121379725635052
ThighTheta=-0.179292917251587
LowerLegAlpha=0.0499798879027367
LowerLegTheta=-0.322092592716217
