[%General]
Highest=174
CenterX=39.1665284411016
CenterY=90.5127834815683
XWidth=63

[LeftLeg]
ThighAlpha=-0.0606898590922356
ThighTheta=0.534705460071564
LowerLegAlpha=-0.121379718184471
LowerLegTheta=0.391905784606934

[RightLeg]
ThighAlpha=0.13922968506813
ThighTheta=-0.537878751754761
LowerLegAlpha=0.00356999784708023
LowerLegTheta=-0.315745919942856
