[%General]
Highest=175
CenterX=37.4601131279253
CenterY=108.455611378772
XWidth=63

[LeftLeg]
ThighAlpha=-0.117809727787971
ThighTheta=0.484838932752609
LowerLegAlpha=-0.0678298398852348
LowerLegTheta=0.0265199784189463

[RightLeg]
ThighAlpha=0.103529766201973
ThighTheta=-0.259079366922379
LowerLegAlpha=0.0249899476766586
LowerLegTheta=-0.80035811662674
