[%General]
Highest=177
CenterX=36.0319766067654
CenterY=120.507897917975
XWidth=64

[LeftLeg]
ThighAlpha=-0.0606898590922356
ThighTheta=0.249106109142303
LowerLegAlpha=-0.13922968506813
LowerLegTheta=0.103133104741573

[RightLeg]
ThighAlpha=0.0642598569393158
ThighTheta=0.030146598815918
LowerLegAlpha=0.0249899476766586
LowerLegTheta=-0.81395810842514
