[%General]
Highest=178
CenterX=35.7071107762314
CenterY=148.737966492332
XWidth=63

[LeftLeg]
ThighAlpha=-0.082109808921814
ThighTheta=-0.2459327429533
LowerLegAlpha=-0.0856797993183136
LowerLegTheta=-0.112653076648712

[RightLeg]
ThighAlpha=0.0856798067688942
ThighTheta=0.391905784606934
LowerLegAlpha=-0.103529758751392
LowerLegTheta=0.249106109142303
