[%General]
Highest=161
CenterX=35.9427798236804
CenterY=295.620633857828
XWidth=49

[LeftLeg]
ThighAlpha=-0.117809727787971
ThighTheta=-0.146199628710747
LowerLegAlpha=-0.0285599306225777
LowerLegTheta=0.176119640469551

[RightLeg]
ThighAlpha=0.0142799690365791
ThighTheta=0.424999058246613
LowerLegAlpha=-0.0321299210190773
LowerLegTheta=-0.747318267822266
