[%General]
Highest=173
CenterX=36.3861188236833
CenterY=176.771641639168
XWidth=60

[LeftLeg]
ThighAlpha=-0.0999597683548927
ThighTheta=-0.461718916893005
LowerLegAlpha=0.00713998824357986
LowerLegTheta=-0.398252427577972

[RightLeg]
ThighAlpha=0.103529766201973
ThighTheta=0.534705460071564
LowerLegAlpha=0.0107099786400795
LowerLegTheta=0.252279460430145
