[%General]
Highest=153
CenterX=34.34299286725
CenterY=309.88477865373
XWidth=46

[LeftLeg]
ThighAlpha=-0.157079637050629
ThighTheta=-0.295799285173416
LowerLegAlpha=-0.0321299210190773
LowerLegTheta=-0.132599666714668

[RightLeg]
ThighAlpha=0.13922968506813
ThighTheta=-0.229159444570541
LowerLegAlpha=0.0999597758054733
LowerLegTheta=-0.146199628710747
