[%General]
Highest=179
CenterX=40.775924115001
CenterY=51.5295390833822
XWidth=59

[LeftLeg]
ThighAlpha=0.0642598569393158
ThighTheta=-0.0364932343363762
LowerLegAlpha=-0.0642598494887352
LowerLegTheta=-0.395079076290131

[RightLeg]
ThighAlpha=0.103529766201973
ThighTheta=0.0333199352025986
LowerLegAlpha=0.0999597758054733
LowerLegTheta=-0.179292917251587
