[%General]
Highest=176
CenterX=37.7008923794646
CenterY=213.9606668236
XWidth=61

[LeftLeg]
ThighAlpha=-0.082109808921814
ThighTheta=0.249106109142303
LowerLegAlpha=-0.121379718184471
LowerLegTheta=-0.398252427577972

[RightLeg]
ThighAlpha=0.0678298473358154
ThighTheta=-0.0333198979496956
LowerLegAlpha=0.103529766201973
LowerLegTheta=-0.0364932343363762
