[%General]
Highest=170
CenterX=36.9077753019819
CenterY=248.062624604198
XWidth=56

[LeftLeg]
ThighAlpha=-0.0606898590922356
ThighTheta=0.607692003250122
LowerLegAlpha=-0.13922968506813
LowerLegTheta=0.391905784606934

[RightLeg]
ThighAlpha=0.103529766201973
ThighTheta=-0.391905754804611
LowerLegAlpha=0.021419957280159
LowerLegTheta=-0.461718916893005
