[%General]
Highest=174
CenterX=36.6506556888187
CenterY=189.716646422623
XWidth=59

[LeftLeg]
ThighAlpha=-0.0196349546313286
ThighTheta=-0.314159274101257
LowerLegAlpha=0
LowerLegTheta=-0.746128261089325

[RightLeg]
ThighAlpha=0.0785398185253143
ThighTheta=0.471238911151886
LowerLegAlpha=0.0981747731566429
LowerLegTheta=0.0785398185253143
