[%General]
Highest=157
CenterX=33.0796623216021
CenterY=77.5126124648252
XWidth=54

[LeftLeg]
ThighAlpha=-0.0392699092626572
ThighTheta=-0.353429168462753
LowerLegAlpha=-0.0981747731566429
LowerLegTheta=-0.314159274101257

[RightLeg]
ThighAlpha=0.0981747731566429
ThighTheta=0.392699092626572
LowerLegAlpha=-0.0785398185253143
LowerLegTheta=0.353429168462753
