[%General]
Highest=155
CenterX=33.6653993570722
CenterY=27.927840628091
XWidth=48

[LeftLeg]
ThighAlpha=-0.0981747731566429
ThighTheta=0.431968986988068
LowerLegAlpha=-0.0785398185253143
LowerLegTheta=0.0392699092626572

[RightLeg]
ThighAlpha=0.0981747731566429
ThighTheta=0.274889349937439
LowerLegAlpha=0.0981747731566429
LowerLegTheta=0.274889349937439
