[%General]
Highest=151
CenterX=25.5306297431407
CenterY=262.995840630473
XWidth=49

[LeftLeg]
ThighAlpha=0
ThighTheta=-0.314159274101257
LowerLegAlpha=0
LowerLegTheta=-0.785398185253143

[RightLeg]
ThighAlpha=0.0785398185253143
ThighTheta=0.431968986988068
LowerLegAlpha=0.0392699092626572
LowerLegTheta=0.157079637050629
