[%General]
Highest=157
CenterX=25.2221810821485
CenterY=205.805131812796
XWidth=53

[LeftLeg]
ThighAlpha=0
ThighTheta=-0.157079637050629
LowerLegAlpha=-0.0981747731566429
LowerLegTheta=0.274889349937439

[RightLeg]
ThighAlpha=0.0785398185253143
ThighTheta=-0.274889349937439
LowerLegAlpha=-0.0589048638939857
LowerLegTheta=0.117809727787971
