[%General]
Highest=159
CenterX=32.901337121664
CenterY=55.6275687809745
XWidth=53

[LeftLeg]
ThighAlpha=-0.0981747731566429
ThighTheta=-0.0785398185253143
LowerLegAlpha=-0.0589048638939857
LowerLegTheta=0

[RightLeg]
ThighAlpha=0.0785398185253143
ThighTheta=0.235619455575943
LowerLegAlpha=0
LowerLegTheta=-0.510508835315704
