[%General]
Highest=155
CenterX=31.9432897668782
CenterY=94.4601712252903
XWidth=53

[LeftLeg]
ThighAlpha=-0.0392699092626572
ThighTheta=-0.431968986988068
LowerLegAlpha=-0.0785398185253143
LowerLegTheta=-0.589048624038696

[RightLeg]
ThighAlpha=0.0981747731566429
ThighTheta=0.510508835315704
LowerLegAlpha=0.0589048638939857
LowerLegTheta=0.274889349937439
