[%General]
Highest=165
CenterX=33.9720924702325
CenterY=181.364904115639
XWidth=60

[LeftLeg]
ThighAlpha=-0.0785398185253143
ThighTheta=0.157079637050629
LowerLegAlpha=-0.0589048638939857
LowerLegTheta=0.0785398185253143

[RightLeg]
ThighAlpha=0.0392699092626572
ThighTheta=0
LowerLegAlpha=-0.0785398185253143
LowerLegTheta=-0.785398185253143
