[%General]
Highest=147
CenterX=33.0904461780869
CenterY=228.160658698743
XWidth=49

[LeftLeg]
ThighAlpha=-0.0981747731566429
ThighTheta=-0.157079637050629
LowerLegAlpha=-0.0785398185253143
LowerLegTheta=0

[RightLeg]
ThighAlpha=0.0196349546313286
ThighTheta=0.471238911151886
LowerLegAlpha=0.0785398185253143
LowerLegTheta=-0.392699092626572
