[%General]
Highest=141
CenterX=33.0779106356199
CenterY=267.847472204741
XWidth=41

[LeftLeg]
ThighAlpha=-0.0589048638939857
ThighTheta=-0.353429168462753
LowerLegAlpha=0
LowerLegTheta=-0.667588412761688

[RightLeg]
ThighAlpha=0
ThighTheta=0.510508835315704
LowerLegAlpha=0.0785398185253143
LowerLegTheta=0.196349546313286
