[%General]
Highest=150
CenterX=37.9592712943494
CenterY=157.96524091691
XWidth=50

[LeftLeg]
ThighAlpha=0
ThighTheta=0.431968986988068
LowerLegAlpha=0
LowerLegTheta=-0.274889349937439

[RightLeg]
ThighAlpha=0.0981747731566429
ThighTheta=-0.196349546313286
LowerLegAlpha=0.0392699092626572
LowerLegTheta=0
