[%General]
Highest=145
CenterX=33.960614059461
CenterY=203.537718810781
XWidth=52

[LeftLeg]
ThighAlpha=-0.0981747731566429
ThighTheta=0.431968986988068
LowerLegAlpha=-0.0785398185253143
LowerLegTheta=0.0785398185253143

[RightLeg]
ThighAlpha=0.0589048638939857
ThighTheta=-0.274889349937439
LowerLegAlpha=0.0196349546313286
LowerLegTheta=-0.785398185253143
