[%General]
Highest=146
CenterX=40.4650736486925
CenterY=118.29193433262
XWidth=50

[LeftLeg]
ThighAlpha=-0.0589048638939857
ThighTheta=-0.510508835315704
LowerLegAlpha=-0.0785398185253143
LowerLegTheta=-0.431968986988068

[RightLeg]
ThighAlpha=0.0981747731566429
ThighTheta=0.589048624038696
LowerLegAlpha=0.0981747731566429
LowerLegTheta=0.196349546313286
