[%General]
Highest=150
CenterX=27.5510381290522
CenterY=297.484485952454
XWidth=49

[LeftLeg]
ThighAlpha=-0.0981747731566429
ThighTheta=0.706858336925507
LowerLegAlpha=0.0589048638939857
LowerLegTheta=-0.0785398185253143

[RightLeg]
ThighAlpha=0.0981747731566429
ThighTheta=-0.157079637050629
LowerLegAlpha=0.0785398185253143
LowerLegTheta=-0.157079637050629
