[%General]
Highest=159
CenterX=29.5636903468752
CenterY=141.462753759625
XWidth=57

[LeftLeg]
ThighAlpha=-0.0589048638939857
ThighTheta=0.392699092626572
LowerLegAlpha=0.0785398185253143
LowerLegTheta=0

[RightLeg]
ThighAlpha=0.0981747731566429
ThighTheta=-0.235619455575943
LowerLegAlpha=0.0392699092626572
LowerLegTheta=-0.157079637050629
