[%General]
Highest=152
CenterX=26.6086422909742
CenterY=294.912639563624
XWidth=48

[LeftLeg]
ThighAlpha=-0.0981747731566429
ThighTheta=0.392699092626572
LowerLegAlpha=0.0589048638939857
LowerLegTheta=-0.0785398185253143

[RightLeg]
ThighAlpha=0.0981747731566429
ThighTheta=-0.0785398185253143
LowerLegAlpha=0.0392699092626572
LowerLegTheta=-0.0785398185253143
