[%General]
Highest=145
CenterX=28.2119378264747
CenterY=303.683590266276
XWidth=48

[LeftLeg]
ThighAlpha=-0.0981747731566429
ThighTheta=-0.235619455575943
LowerLegAlpha=-0.0785398185253143
LowerLegTheta=-0.392699092626572

[RightLeg]
ThighAlpha=0.0589048638939857
ThighTheta=-0.235619455575943
LowerLegAlpha=0.0981747731566429
LowerLegTheta=-0.235619455575943
