[%General]
Highest=157
CenterX=25.9659046065613
CenterY=200.666372892058
XWidth=52

[LeftLeg]
ThighAlpha=-0.0981747731566429
ThighTheta=0.235619455575943
LowerLegAlpha=-0.0196349546313286
LowerLegTheta=-0.0785398185253143

[RightLeg]
ThighAlpha=0
ThighTheta=0.235619455575943
LowerLegAlpha=0.0785398185253143
LowerLegTheta=-0.785398185253143
