[%General]
Highest=144
CenterX=36.4319803963515
CenterY=294.727785448959
XWidth=49

[LeftLeg]
ThighAlpha=-0.0785398185253143
ThighTheta=-0.353429168462753
LowerLegAlpha=-0.0196349546313286
LowerLegTheta=-0.746128261089325

[RightLeg]
ThighAlpha=0
ThighTheta=0.785398185253143
LowerLegAlpha=-0.0785398185253143
LowerLegTheta=-0.235619455575943
