[%General]
Highest=145
CenterX=36.2471580347884
CenterY=289.182061867773
XWidth=49

[LeftLeg]
ThighAlpha=-0.0589048638939857
ThighTheta=-0.431968986988068
LowerLegAlpha=-0.0392699092626572
LowerLegTheta=-0.589048624038696

[RightLeg]
ThighAlpha=-0.0589048638939857
ThighTheta=0.785398185253143
LowerLegAlpha=-0.0981747731566429
LowerLegTheta=-0.117809727787971
