[%General]
Highest=157
CenterX=40.2293148076523
CenterY=140.358662342685
XWidth=60

[LeftLeg]
ThighAlpha=-0.0785398185253143
ThighTheta=-0.353429168462753
LowerLegAlpha=0.0785398185253143
LowerLegTheta=-0.785398185253143

[RightLeg]
ThighAlpha=0
ThighTheta=0.510508835315704
LowerLegAlpha=0.0392699092626572
LowerLegTheta=0.0392699092626572
