[%General]
Highest=157
CenterX=38.2460770234127
CenterY=36.8040685648032
XWidth=57

[LeftLeg]
ThighAlpha=-0.0981747731566429
ThighTheta=0.431968986988068
LowerLegAlpha=0.0196349546313286
LowerLegTheta=0.549778699874878

[RightLeg]
ThighAlpha=0.0589048638939857
ThighTheta=-0.510508835315704
LowerLegAlpha=0
LowerLegTheta=-0.392699092626572
