[%General]
Highest=157
CenterX=38.362234280747
CenterY=32.6009930722019
XWidth=55

[LeftLeg]
ThighAlpha=-0.0785398185253143
ThighTheta=0.401879131793976
LowerLegAlpha=0.021419957280159
LowerLegTheta=0.46171897649765

[RightLeg]
ThighAlpha=0.0499798879027367
ThighTheta=-0.514758765697479
LowerLegAlpha=-0.0321299210190773
LowerLegTheta=-0.2522794008255
