[%General]
Highest=159
CenterX=35.8897865898041
CenterY=244.818441203016
XWidth=59

[LeftLeg]
ThighAlpha=-0.117809727787971
ThighTheta=-0.109479710459709
LowerLegAlpha=-0.13922968506813
LowerLegTheta=0.116279773414135

[RightLeg]
ThighAlpha=0.0142799690365791
ThighTheta=0.574598729610443
LowerLegAlpha=-0.0142799615859985
LowerLegTheta=-0.754118263721466
