[%General]
Highest=158
CenterX=40.5670382645375
CenterY=149.960228984634
XWidth=62

[LeftLeg]
ThighAlpha=-0.0428398996591568
ThighTheta=-0.0564398318529129
LowerLegAlpha=0.00356999784708023
LowerLegTheta=-1.09955739974976

[RightLeg]
ThighAlpha=0.0321299284696579
ThighTheta=0.312119334936142
LowerLegAlpha=0.021419957280159
LowerLegTheta=0.0564399100840092
