[%General]
Highest=157
CenterX=40.4553443903577
CenterY=145.415906374792
XWidth=61

[LeftLeg]
ThighAlpha=-0.0464098900556564
ThighTheta=-0.139399647712708
LowerLegAlpha=0.0606898665428162
LowerLegTheta=-1.09955739974976

[RightLeg]
ThighAlpha=0.0142799690365791
ThighTheta=0.401879131793976
LowerLegAlpha=0.021419957280159
LowerLegTheta=0.079559862613678
