[%General]
Highest=156
CenterX=38.4194920091324
CenterY=205.115639269406
XWidth=61

[LeftLeg]
ThighAlpha=-0.157079637050629
ThighTheta=0.514758884906769
LowerLegAlpha=0.00356999784708023
LowerLegTheta=0.408679097890854

[RightLeg]
ThighAlpha=0.0499798879027367
ThighTheta=-0.514758765697479
LowerLegAlpha=0.021419957280159
LowerLegTheta=-0.395079076290131
