[%General]
Highest=160
CenterX=37.8094265247057
CenterY=101.04734216006
XWidth=62

[LeftLeg]
ThighAlpha=-0.0428398996591568
ThighTheta=-0.401879042387009
LowerLegAlpha=0.00356999784708023
LowerLegTheta=-0.146199628710747

[RightLeg]
ThighAlpha=-0.00356999039649963
ThighTheta=0.46171897649765
LowerLegAlpha=0.00356999784708023
LowerLegTheta=0.146199703216553
