[%General]
Highest=157
CenterX=36.1003413071465
CenterY=226.428834466034
XWidth=57

[LeftLeg]
ThighAlpha=-0.0785398185253143
ThighTheta=0.282199382781982
LowerLegAlpha=-0.103529758751392
LowerLegTheta=0.265879422426224

[RightLeg]
ThighAlpha=-0.0392699092626572
ThighTheta=-0.162519589066505
LowerLegAlpha=0.0606898665428162
LowerLegTheta=-0.784038186073303
