[%General]
Highest=141
CenterX=35.3273273833974
CenterY=311.95511408193
XWidth=46

[LeftLeg]
ThighAlpha=-0.024989940226078
ThighTheta=-0.109479710459709
LowerLegAlpha=-0.13922968506813
LowerLegTheta=-1.06963741779327

[RightLeg]
ThighAlpha=0.0428399071097374
ThighTheta=0.926837921142578
LowerLegAlpha=0.0606898665428162
LowerLegTheta=-0.747318267822266
