[%General]
Highest=156
CenterX=39.7585438232303
CenterY=190.172255736517
XWidth=63

[LeftLeg]
ThighAlpha=-0.117809727787971
ThighTheta=0.484838932752609
LowerLegAlpha=-0.0499798804521561
LowerLegTheta=0.634438574314117

[RightLeg]
ThighAlpha=0.0321299284696579
ThighTheta=-0.491638839244843
LowerLegAlpha=0.0249899476766586
LowerLegTheta=-0.215559482574463
