[%General]
Highest=161
CenterX=38.5651486322864
CenterY=15.7139415354963
XWidth=52

[LeftLeg]
ThighAlpha=-0.00356999039649963
ThighTheta=0.229159519076347
LowerLegAlpha=0.00356999784708023
LowerLegTheta=-0.342039197683334

[RightLeg]
ThighAlpha=-0.0214199498295784
ThighTheta=-0.229159444570541
LowerLegAlpha=0.00713998824357986
LowerLegTheta=-0.0564398318529129
