[%General]
Highest=160
CenterX=40.7766532365075
CenterY=159.402747955319
XWidth=59

[LeftLeg]
ThighAlpha=0.00713998824357986
ThighTheta=0.116279773414135
LowerLegAlpha=-0.0856797993183136
LowerLegTheta=-0.67115843296051

[RightLeg]
ThighAlpha=-0.024989940226078
ThighTheta=0.0265199784189463
LowerLegAlpha=0.0999597758054733
LowerLegTheta=0.206039562821388
