[%General]
Highest=161
CenterX=37.6391235725559
CenterY=95.8264121914665
XWidth=61

[LeftLeg]
ThighAlpha=-0.0428398996591568
ThighTheta=-0.288999319076538
LowerLegAlpha=0.00356999784708023
LowerLegTheta=-0.132599666714668

[RightLeg]
ThighAlpha=0.0142799690365791
ThighTheta=0.454919010400772
LowerLegAlpha=0.0606898665428162
LowerLegTheta=-0.139399647712708
