[%General]
Highest=157
CenterX=37.4450923899493
CenterY=56.5463334903178
XWidth=59

[LeftLeg]
ThighAlpha=-0.117809727787971
ThighTheta=0.431799054145813
LowerLegAlpha=-0.0107099711894989
LowerLegTheta=0.169319659471512

[RightLeg]
ThighAlpha=0.121379725635052
ThighTheta=-0.342039197683334
LowerLegAlpha=0.021419957280159
LowerLegTheta=-0.80035811662674
