[%General]
Highest=159
CenterX=35.9429205947671
CenterY=235.605135822805
XWidth=57

[LeftLeg]
ThighAlpha=-0.117809727787971
ThighTheta=0.079559862613678
LowerLegAlpha=-0.0321299210190773
LowerLegTheta=0.212839543819427

[RightLeg]
ThighAlpha=0.0499798879027367
ThighTheta=0.259079456329346
LowerLegAlpha=0.0142799690365791
LowerLegTheta=-0.956757783889771
