[%General]
Highest=161
CenterX=36.4755877259646
CenterY=75.6345322486202
XWidth=59

[LeftLeg]
ThighAlpha=-0.0606898590922356
ThighTheta=0.0496399253606796
LowerLegAlpha=0.00356999784708023
LowerLegTheta=0.070039875805378

[RightLeg]
ThighAlpha=0.13922968506813
ThighTheta=0.116279773414135
LowerLegAlpha=-0.0392699092626572
LowerLegTheta=-0.80035811662674
