[%General]
Highest=151
CenterX=35.1669150005198
CenterY=273.704667521397
XWidth=54

[LeftLeg]
ThighAlpha=-0.0785398185253143
ThighTheta=-0.514758765697479
LowerLegAlpha=-0.0678298398852348
LowerLegTheta=-0.2522794008255

[RightLeg]
ThighAlpha=-0.0785398185253143
ThighTheta=0.59771865606308
LowerLegAlpha=-0.0499798804521561
LowerLegTheta=0.60451865196228
