[%General]
Highest=156
CenterX=39.7657899760636
CenterY=134.856469447993
XWidth=61

[LeftLeg]
ThighAlpha=-0.0428398996591568
ThighTheta=-0.365159124135971
LowerLegAlpha=0.021419957280159
LowerLegTheta=-0.866998016834259

[RightLeg]
ThighAlpha=-0.00356999039649963
ThighTheta=0.574598729610443
LowerLegAlpha=0.021419957280159
LowerLegTheta=0.169319659471512
