[%General]
Highest=160
CenterX=40.5873773092106
CenterY=168.063089601546
XWidth=59

[LeftLeg]
ThighAlpha=0.046409897506237
ThighTheta=0.342039257287979
LowerLegAlpha=-0.121379718184471
LowerLegTheta=-0.312119245529175

[RightLeg]
ThighAlpha=-0.0214199498295784
ThighTheta=-0.0564398318529129
LowerLegAlpha=0.0642598569393158
LowerLegTheta=-0.116279698908329
