[%General]
Highest=160
CenterX=38.4458095284206
CenterY=19.7153699041348
XWidth=52

[LeftLeg]
ThighAlpha=-0.00713998079299927
ThighTheta=0.288999378681183
LowerLegAlpha=0.00356999784708023
LowerLegTheta=-0.116279698908329

[RightLeg]
ThighAlpha=0.0107099786400795
ThighTheta=-0.371959120035172
LowerLegAlpha=-0.0142799615859985
LowerLegTheta=0.00340002961456776
