[%General]
Highest=158
CenterX=36.2150423580969
CenterY=240.191483719697
XWidth=58

[LeftLeg]
ThighAlpha=-0.117809727787971
ThighTheta=-0.0632398128509521
LowerLegAlpha=-0.0856797993183136
LowerLegTheta=0.235959500074387

[RightLeg]
ThighAlpha=0.0678298473358154
ThighTheta=0.431799054145813
LowerLegAlpha=0.0606898665428162
LowerLegTheta=-0.896917939186096
