[%General]
Highest=160
CenterX=40.5304701243555
CenterY=172.048092205035
XWidth=61

[LeftLeg]
ThighAlpha=-0.0392699092626572
ThighTheta=0.424999058246613
LowerLegAlpha=0.00356999784708023
LowerLegTheta=-0.139399647712708

[RightLeg]
ThighAlpha=0.0142799690365791
ThighTheta=-0.229159444570541
LowerLegAlpha=0.00356999784708023
LowerLegTheta=-0.00339995324611664
