[%General]
Highest=150
CenterX=35.6519097867281
CenterY=278.375417998068
XWidth=53

[LeftLeg]
ThighAlpha=-0.13922968506813
ThighTheta=-0.491638839244843
LowerLegAlpha=0.021419957280159
LowerLegTheta=-0.335239201784134

[RightLeg]
ThighAlpha=-0.0785398185253143
ThighTheta=0.687478482723236
LowerLegAlpha=0.00713998824357986
LowerLegTheta=0.395079135894775
