[%General]
Highest=155
CenterX=39.1471663492681
CenterY=195.660573541473
XWidth=62

[LeftLeg]
ThighAlpha=-0.117809727787971
ThighTheta=0.484838932752609
LowerLegAlpha=-0.0499798804521561
LowerLegTheta=0.581398725509644

[RightLeg]
ThighAlpha=0.0499798879027367
ThighTheta=-0.567798674106598
LowerLegAlpha=0.00356999784708023
LowerLegTheta=-0.206039488315582
