[%General]
Highest=158
CenterX=37.9661943889656
CenterY=105.718442958058
XWidth=62

[LeftLeg]
ThighAlpha=-0.0428398996591568
ThighTheta=-0.514758765697479
LowerLegAlpha=0.00356999784708023
LowerLegTheta=-0.123079679906368

[RightLeg]
ThighAlpha=0.0142799690365791
ThighTheta=0.484838932752609
LowerLegAlpha=-0.0642598494887352
LowerLegTheta=0.31891930103302
