[%General]
Highest=158
CenterX=35.4067092154421
CenterY=249.145158779577
XWidth=58

[LeftLeg]
ThighAlpha=-0.117809727787971
ThighTheta=-0.176119565963745
LowerLegAlpha=-0.0856797993183136
LowerLegTheta=0.0401199460029602

[RightLeg]
ThighAlpha=-0.024989940226078
ThighTheta=0.49163892865181
LowerLegAlpha=0.021419957280159
LowerLegTheta=-0.24275940656662
