[%General]
Highest=157
CenterX=38.2460770234127
CenterY=36.8040685648032
XWidth=57

[LeftLeg]
ThighAlpha=-0.0785398185253143
ThighTheta=0.424999058246613
LowerLegAlpha=0.00356999784708023
LowerLegTheta=0.514758884906769

[RightLeg]
ThighAlpha=0.0499798879027367
ThighTheta=-0.514758765697479
LowerLegAlpha=0.0107099786400795
LowerLegTheta=-0.371959120035172
