[%General]
Highest=156
CenterX=39.0872035608478
CenterY=129.425326673441
XWidth=61

[LeftLeg]
ThighAlpha=-0.0392699092626572
ThighTheta=-0.514758765697479
LowerLegAlpha=0.021419957280159
LowerLegTheta=-0.627638518810272

[RightLeg]
ThighAlpha=-0.0392699092626572
ThighTheta=0.60451865196228
LowerLegAlpha=-0.0142799615859985
LowerLegTheta=0.245479479432106
