[%General]
Highest=160
CenterX=38.1532262390045
CenterY=90.8776818279339
XWidth=60

[LeftLeg]
ThighAlpha=-0.024989940226078
ThighTheta=-0.199239507317543
LowerLegAlpha=0.00356999784708023
LowerLegTheta=-0.123079679906368

[RightLeg]
ThighAlpha=0.0321299284696579
ThighTheta=0.424999058246613
LowerLegAlpha=0.13922968506813
LowerLegTheta=-0.38827908039093
