[%General]
Highest=162
CenterX=38.4657364459948
CenterY=85.9105940378988
XWidth=58

[LeftLeg]
ThighAlpha=0.0142799690365791
ThighTheta=-0.116279698908329
LowerLegAlpha=-0.13922968506813
LowerLegTheta=-0.0265199020504951

[RightLeg]
ThighAlpha=0.0856798067688942
ThighTheta=0.371959179639816
LowerLegAlpha=0.0606898665428162
LowerLegTheta=-0.717398345470428
