[%General]
Highest=157
CenterX=37.4674126822652
CenterY=50.9840895218718
XWidth=58

[LeftLeg]
ThighAlpha=-0.117809727787971
ThighTheta=0.454919010400772
LowerLegAlpha=0.00356999784708023
LowerLegTheta=0.259079456329346

[RightLeg]
ThighAlpha=0.0856798067688942
ThighTheta=-0.401879042387009
LowerLegAlpha=0.0249899476766586
LowerLegTheta=-0.717398345470428
