[%General]
Highest=158
CenterX=37.220078057242
CenterY=62.0287022983521
XWidth=60

[LeftLeg]
ThighAlpha=-0.0785398185253143
ThighTheta=0.371959179639816
LowerLegAlpha=-0.0321299210190773
LowerLegTheta=0.0564399100840092

[RightLeg]
ThighAlpha=0.0999597758054733
ThighTheta=-0.192439526319504
LowerLegAlpha=0.0249899476766586
LowerLegTheta=-0.956757783889771
