[%General]
Highest=144
CenterX=38.4921236985718
CenterY=111.587426300783
XWidth=55

[LeftLeg]
ThighAlpha=-0.0981747731566429
ThighTheta=0.353429168462753
LowerLegAlpha=-0.0589048638939857
LowerLegTheta=-0.0785398185253143

[RightLeg]
ThighAlpha=0.0785398185253143
ThighTheta=-0.157079637050629
LowerLegAlpha=0.0392699092626572
LowerLegTheta=-0.746128261089325
