[%General]
Highest=147
CenterX=41.1300647928454
CenterY=65.3816617995985
XWidth=51

[LeftLeg]
ThighAlpha=-0.0196349546313286
ThighTheta=0.274889349937439
LowerLegAlpha=0.0785398185253143
LowerLegTheta=-0.431968986988068

[RightLeg]
ThighAlpha=0.0981747731566429
ThighTheta=-0.117809727787971
LowerLegAlpha=0.0589048638939857
LowerLegTheta=0
