[%General]
Highest=146
CenterX=38.8611682863917
CenterY=137.635783330294
XWidth=55

[LeftLeg]
ThighAlpha=-0.0785398185253143
ThighTheta=-0.274889349937439
LowerLegAlpha=-0.0785398185253143
LowerLegTheta=-0.0785398185253143

[RightLeg]
ThighAlpha=-0.0196349546313286
ThighTheta=0.431968986988068
LowerLegAlpha=0
LowerLegTheta=0.0785398185253143
