[%General]
Highest=146
CenterX=40.9733587265861
CenterY=61.3306353002283
XWidth=51

[LeftLeg]
ThighAlpha=0.0785398185253143
ThighTheta=0.0785398185253143
LowerLegAlpha=-0.0981747731566429
LowerLegTheta=-0.706858336925507

[RightLeg]
ThighAlpha=0.0981747731566429
ThighTheta=-0.157079637050629
LowerLegAlpha=0.0589048638939857
LowerLegTheta=0.235619455575943
