[%General]
Highest=143
CenterX=40.7227640745622
CenterY=82.8543274963911
XWidth=53

[LeftLeg]
ThighAlpha=-0.0981747731566429
ThighTheta=0.510508835315704
LowerLegAlpha=-0.0392699092626572
LowerLegTheta=0.353429168462753

[RightLeg]
ThighAlpha=0.0785398185253143
ThighTheta=-0.353429168462753
LowerLegAlpha=0.0392699092626572
LowerLegTheta=-0.314159274101257
