[%General]
Highest=140
CenterX=38.8692289595954
CenterY=242.383417632183
XWidth=51

[LeftLeg]
ThighAlpha=-0.0981747731566429
ThighTheta=0.353429168462753
LowerLegAlpha=-0.0981747731566429
LowerLegTheta=0.196349546313286

[RightLeg]
ThighAlpha=-0.0196349546313286
ThighTheta=-0.274889349937439
LowerLegAlpha=0
LowerLegTheta=-0.628318548202515
