[%General]
Highest=141
CenterX=40.6909493384314
CenterY=36.1051592292599
XWidth=51

[LeftLeg]
ThighAlpha=0.0589048638939857
ThighTheta=-0.431968986988068
LowerLegAlpha=-0.0196349546313286
LowerLegTheta=-0.510508835315704

[RightLeg]
ThighAlpha=0.0981747731566429
ThighTheta=0.510508835315704
LowerLegAlpha=0
LowerLegTheta=0.117809727787971
