[%General]
Highest=156
CenterX=27.4678817195013
CenterY=87.4612737899859
XWidth=50

[LeftLeg]
ThighAlpha=0.0107099786400795
ThighTheta=0.391905784606934
LowerLegAlpha=-0.0642598494887352
LowerLegTheta=-0.109479740262032

[RightLeg]
ThighAlpha=0.121379725635052
ThighTheta=-0.179292917251587
LowerLegAlpha=-0.0999597683548927
LowerLegTheta=-0.890117883682251
