[%General]
Highest=158
CenterX=25.3752221056313
CenterY=177.949422875131
XWidth=52

[LeftLeg]
ThighAlpha=-0.00356999039649963
ThighTheta=-0.10313306748867
LowerLegAlpha=-0.0678298398852348
LowerLegTheta=-0.820304751396179

[RightLeg]
ThighAlpha=0.0321299284696579
ThighTheta=0.31891930103302
LowerLegAlpha=0.0821098163723946
LowerLegTheta=-0.0333198979496956
