[%General]
Highest=138
CenterX=22.246186362801
CenterY=298.667432457269
XWidth=42

[LeftLeg]
ThighAlpha=-0.0606900006532669
ThighTheta=-0.531530022621155
LowerLegAlpha=0.00356999994255602
LowerLegTheta=-0.255450010299683

[RightLeg]
ThighAlpha=-0.0834499970078468
ThighTheta=0.70686000585556
LowerLegAlpha=-0.0678299963474274
LowerLegTheta=0.662234246730804
