[%General]
Highest=156
CenterX=23.7868706137664
CenterY=213.72321881727
XWidth=53

[LeftLeg]
ThighAlpha=-0.0606898590922356
ThighTheta=0.537878811359406
LowerLegAlpha=0.021419957280159
LowerLegTheta=0.172946274280548

[RightLeg]
ThighAlpha=0.0678298473358154
ThighTheta=-0.388732433319092
LowerLegAlpha=0.0642598569393158
LowerLegTheta=-0.2522794008255
