[%General]
Highest=155
CenterX=23.4232382692243
CenterY=218.35816502588
XWidth=53

[LeftLeg]
ThighAlpha=-0.0999597683548927
ThighTheta=0.46489229798317
LowerLegAlpha=-0.0142799615859985
LowerLegTheta=0.458545625209808

[RightLeg]
ThighAlpha=0.0678298473358154
ThighTheta=-0.464892268180847
LowerLegAlpha=0.00356999784708023
LowerLegTheta=-0.172946244478226
