[%General]
Highest=152
CenterX=23.0622816315314
CenterY=287.478859969379
XWidth=44

[LeftLeg]
ThighAlpha=0.0107099786400795
ThighTheta=-0.2522794008255
LowerLegAlpha=-0.13922968506813
LowerLegTheta=-0.172946244478226

[RightLeg]
ThighAlpha=-0.0285599306225777
ThighTheta=0.60451865196228
LowerLegAlpha=0.00356999784708023
LowerLegTheta=-0.0333198979496956
