[%General]
Highest=154
CenterX=22.2247718326917
CenterY=264.090488342921
XWidth=46

[LeftLeg]
ThighAlpha=-0.0999597683548927
ThighTheta=0.179292947053909
LowerLegAlpha=-0.0285599306225777
LowerLegTheta=0.0333199352025986

[RightLeg]
ThighAlpha=0.103529766201973
ThighTheta=-0.0364932343363762
LowerLegAlpha=-0.157079637050629
LowerLegTheta=-0.531532108783722
