[%General]
Highest=126
CenterX=22.8435988000774
CenterY=311.477501451519
XWidth=39

[LeftLeg]
ThighAlpha=-0.00713999988511205
ThighTheta=-0.534709990024567
LowerLegAlpha=-0.0981699973344803
LowerLegTheta=-0.537880003452301

[RightLeg]
ThighAlpha=0.0981699973344803
ThighTheta=0.655254423618317
LowerLegAlpha=0.0981699973344803
LowerLegTheta=0.47440779209137
