[%General]
Highest=152
CenterX=22.2123935473305
CenterY=290.99787094661
XWidth=44

[LeftLeg]
ThighAlpha=-0.0428400002419949
ThighTheta=-0.318919986486435
LowerLegAlpha=-0.0321299992501736
LowerLegTheta=-0.255450010299683

[RightLeg]
ThighAlpha=-0.00356999994255602
ThighTheta=0.570605397224426
LowerLegAlpha=-0.0981699973344803
LowerLegTheta=0.398648977279663
