[%General]
Highest=159
CenterX=26.1465612765014
CenterY=112.431016227131
XWidth=52

[LeftLeg]
ThighAlpha=-0.0464100018143654
ThighTheta=-0.17611999809742
LowerLegAlpha=-0.0981699973344803
LowerLegTheta=-0.249109998345375

[RightLeg]
ThighAlpha=0.0285599995404482
ThighTheta=0.366715222597122
LowerLegAlpha=0.0214200001209974
LowerLegTheta=-0.482145130634308
