[%General]
Highest=158
CenterX=25.5859832366215
CenterY=96.5154352030948
XWidth=50

[LeftLeg]
ThighAlpha=-0.0464100018143654
ThighTheta=0.17611999809742
LowerLegAlpha=-0.0981699973344803
LowerLegTheta=-0.17611999809742

[RightLeg]
ThighAlpha=0.0981699973344803
ThighTheta=0.0364900007843971
LowerLegAlpha=-0.0981699973344803
LowerLegTheta=-0.785399973392487
