[%General]
Highest=153
CenterX=23.4325064678131
CenterY=283.840054786182
XWidth=45

[LeftLeg]
ThighAlpha=0.0107099786400795
ThighTheta=-0.2522794008255
LowerLegAlpha=-0.13922968506813
LowerLegTheta=-0.030146561563015

[RightLeg]
ThighAlpha=0.0107099786400795
ThighTheta=0.537878811359406
LowerLegAlpha=0.00356999784708023
LowerLegTheta=-0.182466238737106
