[%General]
Highest=160
CenterX=26.0880928642644
CenterY=117.718511133267
XWidth=52

[LeftLeg]
ThighAlpha=-0.0214200001209974
ThighTheta=-0.249109998345375
LowerLegAlpha=-0.0981699973344803
LowerLegTheta=-0.252279996871948

[RightLeg]
ThighAlpha=0.0142799997702241
ThighTheta=0.405985146760941
LowerLegAlpha=0.0142799997702241
LowerLegTheta=-0.0702100917696953
