[%General]
Highest=140
CenterX=22.5458426007054
CenterY=294.776055357103
XWidth=43

[LeftLeg]
ThighAlpha=-0.0606900006532669
ThighTheta=-0.464890003204346
LowerLegAlpha=0.00713999988511205
LowerLegTheta=-0.172949999570847

[RightLeg]
ThighAlpha=-0.0392746776342392
ThighTheta=0.647955298423767
LowerLegAlpha=0.0464100018143654
LowerLegTheta=0.519434213638306
