[%General]
Highest=152
CenterX=21.9384605090001
CenterY=249.432627751879
XWidth=45

[LeftLeg]
ThighAlpha=-0.0785398185253143
ThighTheta=0.46171897649765
LowerLegAlpha=-0.0321299210190773
LowerLegTheta=0.179292947053909

[RightLeg]
ThighAlpha=-0.00356999039649963
ThighTheta=-0.325265914201736
LowerLegAlpha=0.00713998824357986
LowerLegTheta=-0.817131459712982
