[%General]
Highest=160
CenterX=30.6945998112118
CenterY=31.1143436791164
XWidth=47

[LeftLeg]
ThighAlpha=-0.0214200001209974
ThighTheta=0.322089999914169
LowerLegAlpha=0.0214200001209974
LowerLegTheta=-0.398250013589859

[RightLeg]
ThighAlpha=0.0142799997702241
ThighTheta=-0.117215134203434
LowerLegAlpha=0.0821100026369095
LowerLegTheta=-0.261009812355042
