[%General]
Highest=136
CenterX=22.3754109138725
CenterY=302.43285950713
XWidth=40

[LeftLeg]
ThighAlpha=-0.0428400002419949
ThighTheta=-0.531530022621155
LowerLegAlpha=-0.0142799997702241
LowerLegTheta=-0.325269997119904

[RightLeg]
ThighAlpha=0.0981699973344803
ThighTheta=0.713207244873047
LowerLegAlpha=0.0981699973344803
LowerLegTheta=0.610508799552917
