[%General]
Highest=159
CenterX=25.266332888901
CenterY=182.400710184757
XWidth=52

[LeftLeg]
ThighAlpha=-0.0464098900556564
ThighTheta=0.176119610667229
LowerLegAlpha=-0.0285599306225777
LowerLegTheta=-0.956757783889771

[RightLeg]
ThighAlpha=0.0856798067688942
ThighTheta=0.252279460430145
LowerLegAlpha=0.021419957280159
LowerLegTheta=-0.112653076648712
