[%General]
Highest=157
CenterX=28.9332642621252
CenterY=76.1302467137214
XWidth=51

[LeftLeg]
ThighAlpha=-0.0285599306225777
ThighTheta=0.537878811359406
LowerLegAlpha=-0.0321299210190773
LowerLegTheta=0.030146598815918

[RightLeg]
ThighAlpha=0.121379725635052
ThighTheta=-0.255452752113342
LowerLegAlpha=0.00356999784708023
LowerLegTheta=-0.956757783889771
