[%General]
Highest=159
CenterX=24.8312510434637
CenterY=193.609257610329
XWidth=53

[LeftLeg]
ThighAlpha=-0.0606898590922356
ThighTheta=0.322092622518539
LowerLegAlpha=-0.0499798804521561
LowerLegTheta=-0.747318267822266

[RightLeg]
ThighAlpha=0.0499798879027367
ThighTheta=0.0333199352025986
LowerLegAlpha=0.0606898665428162
LowerLegTheta=-0.2459327429533
