[%General]
Highest=159
CenterX=31.3137150395075
CenterY=20.191674772482
XWidth=46

[LeftLeg]
ThighAlpha=-0.0981699973344803
ThighTheta=0.137844771146774
LowerLegAlpha=0.0428400002419949
LowerLegTheta=-0.395080000162125

[RightLeg]
ThighAlpha=0.0499799996614456
ThighTheta=0.0364900007843971
LowerLegAlpha=-0.00713999988511205
LowerLegTheta=-0.26120001077652
