[%General]
Highest=155
CenterX=24.8659921733321
CenterY=152.867169355095
XWidth=52

[LeftLeg]
ThighAlpha=-0.0606898590922356
ThighTheta=-0.534705400466919
LowerLegAlpha=-0.0285599306225777
LowerLegTheta=-0.607691943645477

[RightLeg]
ThighAlpha=-0.00713998079299927
ThighTheta=0.534705460071564
LowerLegAlpha=0.0821098163723946
LowerLegTheta=0.391905784606934
