[%General]
Highest=153
CenterX=21.2151397456401
CenterY=254.623892569746
XWidth=44

[LeftLeg]
ThighAlpha=-0.117809727787971
ThighTheta=0.322092622518539
LowerLegAlpha=-0.0142799615859985
LowerLegTheta=0.179292947053909

[RightLeg]
ThighAlpha=-0.0428398996591568
ThighTheta=-0.112653076648712
LowerLegAlpha=-0.0321299210190773
LowerLegTheta=-0.956757783889771
