[%General]
Highest=157
CenterX=30.5822177937588
CenterY=49.5819434215657
XWidth=45

[LeftLeg]
ThighAlpha=-0.00356999994255602
ThighTheta=0.534709990024567
LowerLegAlpha=0.00356999994255602
LowerLegTheta=0.395080000162125

[RightLeg]
ThighAlpha=0.0856800004839897
ThighTheta=-0.461719989776611
LowerLegAlpha=0.00713999988511205
LowerLegTheta=-0.384174853563309
