[%General]
Highest=152
CenterX=23.0186777864651
CenterY=236.016870819216
XWidth=48

[LeftLeg]
ThighAlpha=-0.0214199498295784
ThighTheta=0.60451865196228
LowerLegAlpha=-0.121379718184471
LowerLegTheta=0.322092622518539

[RightLeg]
ThighAlpha=0.0142799690365791
ThighTheta=-0.395079076290131
LowerLegAlpha=0.0821098163723946
LowerLegTheta=-0.677505135536194
