[%General]
Highest=156
CenterX=29.7246771465115
CenterY=64.966635034589
XWidth=50

[LeftLeg]
ThighAlpha=-0.0214200001209974
ThighTheta=0.534709990024567
LowerLegAlpha=-0.0499799996614456
LowerLegTheta=0.249109998345375

[RightLeg]
ThighAlpha=0.0981699973344803
ThighTheta=-0.45398485660553
LowerLegAlpha=0.0642599985003471
LowerLegTheta=-0.785399973392487
