[%General]
Highest=155
CenterX=25.517522810986
CenterY=147.242598847606
XWidth=52

[LeftLeg]
ThighAlpha=-0.0214199498295784
ThighTheta=-0.534705400466919
LowerLegAlpha=-0.0678298398852348
LowerLegTheta=-0.607691943645477

[RightLeg]
ThighAlpha=-0.00356999039649963
ThighTheta=0.60451865196228
LowerLegAlpha=0.0606898665428162
LowerLegTheta=0.391905784606934
