[%General]
Highest=124
CenterX=23.0725916991063
CenterY=317.295164208564
XWidth=38

[LeftLeg]
ThighAlpha=0.0464100018143654
ThighTheta=-0.46807000041008
LowerLegAlpha=-0.0981699973344803
LowerLegTheta=-0.601350009441376

[RightLeg]
ThighAlpha=0.0981699973344803
ThighTheta=0.5
LowerLegAlpha=0.0981699973344803
LowerLegTheta=0.5
