[%General]
Highest=154
CenterX=23.316766387888
CenterY=274.651730521305
XWidth=46

[LeftLeg]
ThighAlpha=-0.0642598494887352
ThighTheta=-0.176119565963745
LowerLegAlpha=-0.0107099711894989
LowerLegTheta=0.172946274280548

[RightLeg]
ThighAlpha=0.0678298473358154
ThighTheta=0.458545625209808
LowerLegAlpha=-0.0142799615859985
LowerLegTheta=-0.744144916534424
