[%General]
Highest=132
CenterX=22.2569780341691
CenterY=306.643199467495
XWidth=40

[LeftLeg]
ThighAlpha=-0.0392699986696243
ThighTheta=-0.534709990024567
LowerLegAlpha=-0.0535500012338161
LowerLegTheta=-0.395080000162125

[RightLeg]
ThighAlpha=0.0981699973344803
ThighTheta=0.61879962682724
LowerLegAlpha=0.0981699973344803
LowerLegTheta=0.512529611587524
