[%General]
Highest=159
CenterX=26.2003513223382
CenterY=107.321057382649
XWidth=51

[LeftLeg]
ThighAlpha=-0.0285599995404482
ThighTheta=-0.0364900007843971
LowerLegAlpha=-0.0981699973344803
LowerLegTheta=-0.179289996623993

[RightLeg]
ThighAlpha=0.0499799996614456
ThighTheta=0.245735511183739
LowerLegAlpha=0.00713999988511205
LowerLegTheta=-0.608685433864594
