[%General]
Highest=153
CenterX=22.6853827898391
CenterY=269.235896985145
XWidth=47

[LeftLeg]
ThighAlpha=-0.0785399973392487
ThighTheta=0.0224148631095886
LowerLegAlpha=-0.0981699973344803
LowerLegTheta=0.0418453216552734

[RightLeg]
ThighAlpha=0.0981699973344803
ThighTheta=0.179289996623993
LowerLegAlpha=-0.0981699973344803
LowerLegTheta=-0.537880003452301
