[%General]
Highest=156
CenterX=25.1625241919507
CenterY=168.93633135734
XWidth=53

[LeftLeg]
ThighAlpha=-0.0214199498295784
ThighTheta=-0.318919241428375
LowerLegAlpha=-0.0499798804521561
LowerLegTheta=-0.820304751396179

[RightLeg]
ThighAlpha=0.0678298473358154
ThighTheta=0.468065619468689
LowerLegAlpha=-0.0142799615859985
LowerLegTheta=0.030146598815918
