[%General]
Highest=157
CenterX=30.1170605930382
CenterY=45.7992837702335
XWidth=47

[LeftLeg]
ThighAlpha=-0.024989940226078
ThighTheta=0.534705460071564
LowerLegAlpha=0.00356999784708023
LowerLegTheta=0.249106109142303

[RightLeg]
ThighAlpha=0.0321299284696579
ThighTheta=-0.391905754804611
LowerLegAlpha=0.0642598569393158
LowerLegTheta=-0.391905754804611
