[%General]
Highest=155
CenterX=24.341320401889
CenterY=164.329355646414
XWidth=50

[LeftLeg]
ThighAlpha=-0.0428398996591568
ThighTheta=-0.395079076290131
LowerLegAlpha=-0.0107099711894989
LowerLegTheta=-0.817131459712982

[RightLeg]
ThighAlpha=-0.00356999039649963
ThighTheta=0.46489229798317
LowerLegAlpha=0.0606898665428162
LowerLegTheta=0.245932787656784
