[%General]
Highest=159
CenterX=25.7987683574298
CenterY=101.816824845728
XWidth=51

[LeftLeg]
ThighAlpha=-0.0821100026369095
ThighTheta=0.0396700017154217
LowerLegAlpha=-0.0981699973344803
LowerLegTheta=-0.182469993829727

[RightLeg]
ThighAlpha=0.0499799996614456
ThighTheta=0.249109998345375
LowerLegAlpha=-0.0285599995404482
LowerLegTheta=-0.765765070915222
