[%General]
Highest=157
CenterX=33.1054425767015
CenterY=130.591747972258
XWidth=59

[LeftLeg]
ThighAlpha=-0.0785398185253143
ThighTheta=0.431799054145813
LowerLegAlpha=-0.0321299210190773
LowerLegTheta=0.252279460430145

[RightLeg]
ThighAlpha=0.13922968506813
ThighTheta=-0.348839163780212
LowerLegAlpha=0.0999597758054733
LowerLegTheta=-0.176119565963745
