[%General]
Highest=156
CenterX=33.5588458618071
CenterY=25.2626466669532
XWidth=53

[LeftLeg]
ThighAlpha=-0.0606898590922356
ThighTheta=0.322092622518539
LowerLegAlpha=-0.121379718184471
LowerLegTheta=-0.0396665707230568

[RightLeg]
ThighAlpha=0.13922968506813
ThighTheta=0.172946274280548
LowerLegAlpha=0.13922968506813
LowerLegTheta=0.255452781915665
