[%General]
Highest=156
CenterX=33.1208459586628
CenterY=153.503214839997
XWidth=57

[LeftLeg]
ThighAlpha=-0.0999597683548927
ThighTheta=0.534705460071564
LowerLegAlpha=-0.121379718184471
LowerLegTheta=0.249106109142303

[RightLeg]
ThighAlpha=0.13922968506813
ThighTheta=-0.388732433319092
LowerLegAlpha=0.0606898665428162
LowerLegTheta=-0.610865235328674
