[%General]
Highest=135
CenterX=33.4804853981651
CenterY=308.874850412546
XWidth=42

[LeftLeg]
ThighAlpha=-0.0981747731566429
ThighTheta=0.785398185253143
LowerLegAlpha=0.0785398185253143
LowerLegTheta=-0.431968986988068

[RightLeg]
ThighAlpha=0.0196349546313286
ThighTheta=-0.274889349937439
LowerLegAlpha=0
LowerLegTheta=-0.785398185253143
