[%General]
Highest=154
CenterX=33.3821894606264
CenterY=14.5001789164818
XWidth=50

[LeftLeg]
ThighAlpha=-0.117809727787971
ThighTheta=0.222359538078308
LowerLegAlpha=-0.0499798804521561
LowerLegTheta=0.235959500074387

[RightLeg]
ThighAlpha=0.13922968506813
ThighTheta=0.199239581823349
LowerLegAlpha=0.13922968506813
LowerLegTheta=0.229159519076347
