[%General]
Highest=157
CenterX=32.7489923760501
CenterY=62.0920458408197
XWidth=49

[LeftLeg]
ThighAlpha=-0.0464098900556564
ThighTheta=-0.348839163780212
LowerLegAlpha=-0.0499798804521561
LowerLegTheta=-0.275399327278137

[RightLeg]
ThighAlpha=0.0856798067688942
ThighTheta=0.401879131793976
LowerLegAlpha=-0.0856797993183136
LowerLegTheta=0.259079456329346
