[%General]
Highest=157
CenterX=32.768935484683
CenterY=65.478377425932
XWidth=49

[LeftLeg]
ThighAlpha=-0.024989940226078
ThighTheta=-0.391905754804611
LowerLegAlpha=-0.0713998302817345
LowerLegTheta=-0.322092592716217

[RightLeg]
ThighAlpha=0.0856798067688942
ThighTheta=0.391905784606934
LowerLegAlpha=-0.0606898590922356
LowerLegTheta=0.391905784606934
