[%General]
Highest=155
CenterX=34.0330824435498
CenterY=256.974094171189
XWidth=52

[LeftLeg]
ThighAlpha=-0.0392699092626572
ThighTheta=-0.0785398185253143
LowerLegAlpha=-0.0196349546313286
LowerLegTheta=-0.157079637050629

[RightLeg]
ThighAlpha=0.0392699092626572
ThighTheta=0
LowerLegAlpha=0.0981747731566429
LowerLegTheta=0
