[%General]
Highest=153
CenterX=33.1717030336069
CenterY=229.072915592356
XWidth=52

[LeftLeg]
ThighAlpha=-0.082109808921814
ThighTheta=-0.342039197683334
LowerLegAlpha=-0.0142799615859985
LowerLegTheta=-0.657558441162109

[RightLeg]
ThighAlpha=0.103529766201973
ThighTheta=0.395079135894775
LowerLegAlpha=-0.0107099711894989
LowerLegTheta=0.378759175539017
