[%General]
Highest=135
CenterX=33.4804853981651
CenterY=308.874850412546
XWidth=42

[LeftLeg]
ThighAlpha=-0.103529758751392
ThighTheta=0.886944651603699
LowerLegAlpha=0.0249899476766586
LowerLegTheta=-0.461718916893005

[RightLeg]
ThighAlpha=0.0142799690365791
ThighTheta=-0.322092592716217
LowerLegAlpha=0.00713998824357986
LowerLegTheta=-0.677505135536194
