[%General]
Highest=153
CenterX=33.6356204077409
CenterY=243.282816634881
XWidth=50

[LeftLeg]
ThighAlpha=0.0321299284696579
ThighTheta=-0.0396665707230568
LowerLegAlpha=-0.121379718184471
LowerLegTheta=-1.09955739974976

[RightLeg]
ThighAlpha=0.0856798067688942
ThighTheta=0.31891930103302
LowerLegAlpha=0.0321299284696579
LowerLegTheta=0.0364932715892792
