[%General]
Highest=135
CenterX=32.960244648318
CenterY=314.495700182665
XWidth=41

[LeftLeg]
ThighAlpha=-0.157079637050629
ThighTheta=0.886944651603699
LowerLegAlpha=-0.0499798804521561
LowerLegTheta=-0.744144916534424

[RightLeg]
ThighAlpha=-0.0214199498295784
ThighTheta=-0.106306403875351
LowerLegAlpha=0.021419957280159
LowerLegTheta=-0.959931075572968
