[%General]
Highest=156
CenterX=33.0274630478447
CenterY=68.9904078899933
XWidth=50

[LeftLeg]
ThighAlpha=-0.00356999039649963
ThighTheta=-0.391905754804611
LowerLegAlpha=-0.0856797993183136
LowerLegTheta=-0.391905754804611

[RightLeg]
ThighAlpha=0.121379725635052
ThighTheta=0.391905784606934
LowerLegAlpha=-0.0464098900556564
LowerLegTheta=0.531532108783722
