[%General]
Highest=154
CenterX=33.0294197418593
CenterY=216.505735573318
XWidth=50

[LeftLeg]
ThighAlpha=-0.0785398185253143
ThighTheta=-0.468065589666367
LowerLegAlpha=-0.0499798804521561
LowerLegTheta=-0.2459327429533

[RightLeg]
ThighAlpha=0.0499798879027367
ThighTheta=0.46489229798317
LowerLegAlpha=-0.0321299210190773
LowerLegTheta=0.531532108783722
