[%General]
Highest=159
CenterX=32.7770311750064
CenterY=37.3350001674275
XWidth=50

[LeftLeg]
ThighAlpha=-0.024989940226078
ThighTheta=0.179292947053909
LowerLegAlpha=-0.157079637050629
LowerLegTheta=-0.249106079339981

[RightLeg]
ThighAlpha=0.13922968506813
ThighTheta=-0.109479740262032
LowerLegAlpha=-0.0785398185253143
LowerLegTheta=-0.2459327429533
