[%General]
Highest=154
CenterX=33.438571168105
CenterY=261.200072930594
XWidth=55

[LeftLeg]
ThighAlpha=-0.117809727787971
ThighTheta=0.498438894748688
LowerLegAlpha=-0.0142799615859985
LowerLegTheta=-0.544678747653961

[RightLeg]
ThighAlpha=0.0856798067688942
ThighTheta=-0.0564398318529129
LowerLegAlpha=-0.0107099711894989
LowerLegTheta=-0.00339995324611664
