[%General]
Highest=158
CenterX=32.3762526245467
CenterY=58.6658117007062
XWidth=51

[LeftLeg]
ThighAlpha=-0.024989940226078
ThighTheta=-0.249106079339981
LowerLegAlpha=-0.103529758751392
LowerLegTheta=-0.325265914201736

[RightLeg]
ThighAlpha=0.0821098163723946
ThighTheta=0.395079135894775
LowerLegAlpha=-0.103529758751392
LowerLegTheta=0.0333199352025986
