[%General]
Highest=146
CenterX=33.861991969846
CenterY=297.066392166503
XWidth=44

[LeftLeg]
ThighAlpha=-0.121379718184471
ThighTheta=0.886944651603699
LowerLegAlpha=0.0606898665428162
LowerLegTheta=-0.0999597311019897

[RightLeg]
ThighAlpha=0.0856798067688942
ThighTheta=-0.391905754804611
LowerLegAlpha=-0.0107099711894989
LowerLegTheta=-0.468065589666367
