[%General]
Highest=159
CenterX=30.9577038054456
CenterY=110.154978320002
XWidth=56

[LeftLeg]
ThighAlpha=0.0196349546313286
ThighTheta=0.314159274101257
LowerLegAlpha=0
LowerLegTheta=-0.746128261089325

[RightLeg]
ThighAlpha=0.0785398185253143
ThighTheta=0.0392699092626572
LowerLegAlpha=0.0981747731566429
LowerLegTheta=-0.0785398185253143
