[%General]
Highest=157
CenterX=32.7857413172191
CenterY=157.709589208326
XWidth=55

[LeftLeg]
ThighAlpha=-0.0999597683548927
ThighTheta=0.534705460071564
LowerLegAlpha=-0.13922968506813
LowerLegTheta=0.106306441128254

[RightLeg]
ThighAlpha=0.0999597758054733
ThighTheta=-0.2522794008255
LowerLegAlpha=0.0606898665428162
LowerLegTheta=-0.886944591999054
