[%General]
Highest=156
CenterX=32.8063022102596
CenterY=166.477176008439
XWidth=53

[LeftLeg]
ThighAlpha=-0.13922968506813
ThighTheta=0.46489229798317
LowerLegAlpha=-0.0856797993183136
LowerLegTheta=-0.0396665707230568

[RightLeg]
ThighAlpha=0.0678298473358154
ThighTheta=-0.182466238737106
LowerLegAlpha=0.0428399071097374
LowerLegTheta=-0.81395810842514
