[%General]
Highest=157
CenterX=33.099911058405
CenterY=90.2692953849195
XWidth=50

[LeftLeg]
ThighAlpha=0.0856798067688942
ThighTheta=-0.322092592716217
LowerLegAlpha=-0.0464098900556564
LowerLegTheta=-0.744144916534424

[RightLeg]
ThighAlpha=0.13922968506813
ThighTheta=0.395079135894775
LowerLegAlpha=0.046409897506237
LowerLegTheta=0.106306441128254
