[%General]
Highest=151
CenterX=35.0055680738934
CenterY=279.652675096371
XWidth=53

[LeftLeg]
ThighAlpha=-0.0785398185253143
ThighTheta=0.46489229798317
LowerLegAlpha=0.00356999784708023
LowerLegTheta=0.531532108783722

[RightLeg]
ThighAlpha=0.13922968506813
ThighTheta=-0.391905754804611
LowerLegAlpha=0.0606898665428162
LowerLegTheta=-0.179292917251587
