[%General]
Highest=158
CenterX=33.437548513007
CenterY=33.4426603978621
XWidth=50

[LeftLeg]
ThighAlpha=-0.024989940226078
ThighTheta=0.322092622518539
LowerLegAlpha=-0.13922968506813
LowerLegTheta=-0.322092592716217

[RightLeg]
ThighAlpha=0.121379725635052
ThighTheta=-0.461718916893005
LowerLegAlpha=-0.0785398185253143
LowerLegTheta=-0.112653076648712
