[%General]
Highest=157
CenterX=32.7489923760501
CenterY=62.0920458408197
XWidth=49

[LeftLeg]
ThighAlpha=-0.0107099711894989
ThighTheta=-0.318919241428375
LowerLegAlpha=-0.0856797993183136
LowerLegTheta=-0.325265914201736

[RightLeg]
ThighAlpha=0.0856798067688942
ThighTheta=0.391905784606934
LowerLegAlpha=-0.103529758751392
LowerLegTheta=0.31891930103302
