[%General]
Highest=155
CenterX=33.2770355731225
CenterY=145.294848484848
XWidth=57

[LeftLeg]
ThighAlpha=-0.0785398185253143
ThighTheta=0.514758884906769
LowerLegAlpha=-0.121379718184471
LowerLegTheta=0.378759175539017

[RightLeg]
ThighAlpha=0.13922968506813
ThighTheta=-0.454918920993805
LowerLegAlpha=0.0606898665428162
LowerLegTheta=-0.38555908203125
