[%General]
Highest=154
CenterX=33.4245141045756
CenterY=265.105552175723
XWidth=53

[LeftLeg]
ThighAlpha=-0.082109808921814
ThighTheta=0.252279460430145
LowerLegAlpha=0.0428399071097374
LowerLegTheta=-0.112653076648712

[RightLeg]
ThighAlpha=0.13922968506813
ThighTheta=-0.106306403875351
LowerLegAlpha=-0.0142799615859985
LowerLegTheta=-0.106306403875351
