[%General]
Highest=154
CenterX=33.438571168105
CenterY=261.200072930594
XWidth=55

[LeftLeg]
ThighAlpha=-0.0999597683548927
ThighTheta=0.458545625209808
LowerLegAlpha=-0.13922968506813
LowerLegTheta=-0.464892268180847

[RightLeg]
ThighAlpha=0.0499798879027367
ThighTheta=-0.106306403875351
LowerLegAlpha=0.00713998824357986
LowerLegTheta=0.106306441128254
