[%General]
Highest=153
CenterX=33.6356204077409
CenterY=243.282816634881
XWidth=50

[LeftLeg]
ThighAlpha=0.0392699092626572
ThighTheta=-0.196349546313286
LowerLegAlpha=-0.0981747731566429
LowerLegTheta=-0.785398185253143

[RightLeg]
ThighAlpha=0.0785398185253143
ThighTheta=0.353429168462753
LowerLegAlpha=0.0392699092626572
LowerLegTheta=-0.0392699092626572
