[%General]
Highest=146
CenterX=33.861991969846
CenterY=297.066392166503
XWidth=44

[LeftLeg]
ThighAlpha=-0.13922968506813
ThighTheta=0.926837921142578
LowerLegAlpha=-0.0464098900556564
LowerLegTheta=-0.0999597311019897

[RightLeg]
ThighAlpha=0.0856798067688942
ThighTheta=-0.401879042387009
LowerLegAlpha=0.00713998824357986
LowerLegTheta=-0.478038877248764
