[%General]
Highest=158
CenterX=32.5382105490238
CenterY=174.863836155755
XWidth=54

[LeftLeg]
ThighAlpha=-0.0785398185253143
ThighTheta=0.259079456329346
LowerLegAlpha=-0.13922968506813
LowerLegTheta=-0.0265199020504951

[RightLeg]
ThighAlpha=0.0678298473358154
ThighTheta=-0.229159444570541
LowerLegAlpha=-0.0464098900556564
LowerLegTheta=-0.454918920993805
