[%General]
Highest=159
CenterX=32.1792865329918
CenterY=101.414934412543
XWidth=55

[LeftLeg]
ThighAlpha=0.0285599380731583
ThighTheta=0.245932787656784
LowerLegAlpha=-0.0142799615859985
LowerLegTheta=-1.09955739974976

[RightLeg]
ThighAlpha=0.103529766201973
ThighTheta=0.179292947053909
LowerLegAlpha=0.0821098163723946
LowerLegTheta=0.0333199352025986
