[%General]
Highest=154
CenterX=33.0688301910971
CenterY=212.358871678226
XWidth=53

[LeftLeg]
ThighAlpha=-0.13922968506813
ThighTheta=-0.438598960638046
LowerLegAlpha=-0.0107099711894989
LowerLegTheta=-0.215559482574463

[RightLeg]
ThighAlpha=0.0107099786400795
ThighTheta=0.424999058246613
LowerLegAlpha=0.00356999784708023
LowerLegTheta=0.641238570213318
