[%General]
Highest=151
CenterX=35.0385329530445
CenterY=276.816982829578
XWidth=53

[LeftLeg]
ThighAlpha=-0.0392699092626572
ThighTheta=0.514758884906769
LowerLegAlpha=-0.0142799615859985
LowerLegTheta=0.288999378681183

[RightLeg]
ThighAlpha=0.13922968506813
ThighTheta=-0.371959120035172
LowerLegAlpha=0.0321299284696579
LowerLegTheta=-0.109479710459709
