[%General]
Highest=155
CenterX=32.887077302877
CenterY=137.412191582003
XWidth=58

[LeftLeg]
ThighAlpha=-0.117809727787971
ThighTheta=0.454919010400772
LowerLegAlpha=-0.103529758751392
LowerLegTheta=0.521558880805969

[RightLeg]
ThighAlpha=0.13922968506813
ThighTheta=-0.424998998641968
LowerLegAlpha=0.0606898665428162
LowerLegTheta=-0.265879362821579
