[%General]
Highest=157
CenterX=32.7489923760501
CenterY=62.0920458408197
XWidth=49

[LeftLeg]
ThighAlpha=-0.0392699092626572
ThighTheta=-0.392699092626572
LowerLegAlpha=-0.0589048638939857
LowerLegTheta=-0.235619455575943

[RightLeg]
ThighAlpha=0.0785398185253143
ThighTheta=0.392699092626572
LowerLegAlpha=-0.0785398185253143
LowerLegTheta=0.314159274101257
