[%General]
Highest=159
CenterX=32.0069474315359
CenterY=114.931438105293
XWidth=58

[LeftLeg]
ThighAlpha=-0.0392699092626572
ThighTheta=0.314159274101257
LowerLegAlpha=-0.0785398185253143
LowerLegTheta=-0.785398185253143

[RightLeg]
ThighAlpha=0.0981747731566429
ThighTheta=-0.0785398185253143
LowerLegAlpha=0.0981747731566429
LowerLegTheta=-0.0785398185253143
