[%General]
Highest=153
CenterX=33.6657225553029
CenterY=16.6231961959892
XWidth=46

[LeftLeg]
ThighAlpha=-0.0785398185253143
ThighTheta=0.252279460430145
LowerLegAlpha=-0.103529758751392
LowerLegTheta=0.179292947053909

[RightLeg]
ThighAlpha=0.13922968506813
ThighTheta=0.179292947053909
LowerLegAlpha=0.13922968506813
LowerLegTheta=0.31891930103302
