[%General]
Highest=155
CenterX=33.2886167342262
CenterY=149.129591069822
XWidth=56

[LeftLeg]
ThighAlpha=-0.0606898590922356
ThighTheta=0.534705460071564
LowerLegAlpha=-0.13922968506813
LowerLegTheta=0.249106109142303

[RightLeg]
ThighAlpha=0.13922968506813
ThighTheta=-0.391905754804611
LowerLegAlpha=0.0999597758054733
LowerLegTheta=-0.534705400466919
