[%General]
Highest=156
CenterX=32.6559512243203
CenterY=81.1881186724679
XWidth=50

[LeftLeg]
ThighAlpha=0.0321299284696579
ThighTheta=-0.391905754804611
LowerLegAlpha=-0.082109808921814
LowerLegTheta=-0.674331784248352

[RightLeg]
ThighAlpha=0.13922968506813
ThighTheta=0.46171897649765
LowerLegAlpha=0.0321299284696579
LowerLegTheta=0.252279460430145
