[%General]
Highest=154
CenterX=33.4245141045756
CenterY=265.105552175723
XWidth=53

[LeftLeg]
ThighAlpha=-0.0981747731566429
ThighTheta=0.235619455575943
LowerLegAlpha=0.0589048638939857
LowerLegTheta=-0.0785398185253143

[RightLeg]
ThighAlpha=0.0981747731566429
ThighTheta=-0.117809727787971
LowerLegAlpha=0.0785398185253143
LowerLegTheta=-0.0785398185253143
