[%General]
Highest=159
CenterX=35.0159004584152
CenterY=183.075049115914
XWidth=55

[LeftLeg]
ThighAlpha=0.0428399071097374
ThighTheta=-0.0999597311019897
LowerLegAlpha=-0.157079637050629
LowerLegTheta=0.103133104741573

[RightLeg]
ThighAlpha=0.121379725635052
ThighTheta=-0.318919241428375
LowerLegAlpha=-0.0606898590922356
LowerLegTheta=0.172946274280548
