[%General]
Highest=135
CenterX=33.4804853981651
CenterY=308.874850412546
XWidth=42

[LeftLeg]
ThighAlpha=-0.13922968506813
ThighTheta=0.926837921142578
LowerLegAlpha=0.0428399071097374
LowerLegTheta=-0.551478683948517

[RightLeg]
ThighAlpha=0.0142799690365791
ThighTheta=-0.312119245529175
LowerLegAlpha=0.00713998824357986
LowerLegTheta=-0.717398345470428
