[%General]
Highest=153
CenterX=33.8889101704654
CenterY=269.558635580087
XWidth=55

[LeftLeg]
ThighAlpha=-0.0785398185253143
ThighTheta=0.46489229798317
LowerLegAlpha=0.0821098163723946
LowerLegTheta=-0.398252427577972

[RightLeg]
ThighAlpha=0.121379725635052
ThighTheta=-0.249106079339981
LowerLegAlpha=0.0107099786400795
LowerLegTheta=0.0333199352025986
