[%General]
Highest=157
CenterX=32.8249474803538
CenterY=170.768031745208
XWidth=54

[LeftLeg]
ThighAlpha=-0.117809727787971
ThighTheta=0.312119334936142
LowerLegAlpha=-0.121379718184471
LowerLegTheta=-0.0265199020504951

[RightLeg]
ThighAlpha=0.0285599380731583
ThighTheta=-0.0564398318529129
LowerLegAlpha=0.021419957280159
LowerLegTheta=-0.896917939186096
