[%General]
Highest=157
CenterX=32.0867181353265
CenterY=119.1030438631
XWidth=59

[LeftLeg]
ThighAlpha=-0.0642598494887352
ThighTheta=0.391905784606934
LowerLegAlpha=0.021419957280159
LowerLegTheta=-0.322092592716217

[RightLeg]
ThighAlpha=0.13922968506813
ThighTheta=-0.176119565963745
LowerLegAlpha=0.0999597758054733
LowerLegTheta=-0.106306403875351
