[%General]
Highest=158
CenterX=33.0562852800695
CenterY=98.067371363439
XWidth=53

[LeftLeg]
ThighAlpha=0.0107099786400795
ThighTheta=-0.106306403875351
LowerLegAlpha=0.0428399071097374
LowerLegTheta=-0.890117883682251

[RightLeg]
ThighAlpha=0.13922968506813
ThighTheta=0.249106109142303
LowerLegAlpha=0.0678298473358154
LowerLegTheta=0.0333199352025986
