[%General]
Highest=154
CenterX=33.886884162839
CenterY=22.0892688605046
XWidth=49

[LeftLeg]
ThighAlpha=-0.0999597683548927
ThighTheta=0.395079135894775
LowerLegAlpha=-0.0285599306225777
LowerLegTheta=-0.112653076648712

[RightLeg]
ThighAlpha=0.13922968506813
ThighTheta=0.249106109142303
LowerLegAlpha=0.13922968506813
LowerLegTheta=0.109479777514935
