[%General]
Highest=134
CenterX=32.1317525095256
CenterY=319.459141635882
XWidth=42

[LeftLeg]
ThighAlpha=-0.157079637050629
ThighTheta=0.886944651603699
LowerLegAlpha=-0.0678298398852348
LowerLegTheta=-0.959931075572968

[RightLeg]
ThighAlpha=-0.024989940226078
ThighTheta=0.0333199352025986
LowerLegAlpha=-0.0107099711894989
LowerLegTheta=-1.02974426746368
