[%General]
Highest=138
CenterX=33.5598030813386
CenterY=302.900623841508
XWidth=43

[LeftLeg]
ThighAlpha=-0.121379718184471
ThighTheta=0.926837921142578
LowerLegAlpha=0.021419957280159
LowerLegTheta=-0.265879362821579

[RightLeg]
ThighAlpha=0.0321299284696579
ThighTheta=-0.371959120035172
LowerLegAlpha=-0.0107099711894989
LowerLegTheta=-0.604518592357635
