[%General]
Highest=156
CenterX=33.4508669796557
CenterY=28.0758309859155
XWidth=52

[LeftLeg]
ThighAlpha=-0.0785398185253143
ThighTheta=0.249106109142303
LowerLegAlpha=-0.0856797993183136
LowerLegTheta=-0.0333198979496956

[RightLeg]
ThighAlpha=0.121379725635052
ThighTheta=0.103133104741573
LowerLegAlpha=-0.00356999039649963
LowerLegTheta=-1.09955739974976
