[%General]
Highest=159
CenterX=30.9577038054456
CenterY=110.154978320002
XWidth=56

[LeftLeg]
ThighAlpha=-0.024989940226078
ThighTheta=0.322092622518539
LowerLegAlpha=-0.0999597683548927
LowerLegTheta=-0.956757783889771

[RightLeg]
ThighAlpha=0.13922968506813
ThighTheta=0.0333199352025986
LowerLegAlpha=0.021419957280159
LowerLegTheta=-0.030146561563015
