[%General]
Highest=154
CenterX=33.8073821791401
CenterY=252.37365004512
XWidth=51

[LeftLeg]
ThighAlpha=-0.0196349546313286
ThighTheta=0.0392699092626572
LowerLegAlpha=-0.0392699092626572
LowerLegTheta=-0.785398185253143

[RightLeg]
ThighAlpha=0.0785398185253143
ThighTheta=0.117809727787971
LowerLegAlpha=0
LowerLegTheta=0.0392699092626572
