[%General]
Highest=155
CenterX=32.887077302877
CenterY=137.412191582003
XWidth=58

[LeftLeg]
ThighAlpha=-0.0999597683548927
ThighTheta=0.46489229798317
LowerLegAlpha=-0.157079637050629
LowerLegTheta=0.531532108783722

[RightLeg]
ThighAlpha=0.13922968506813
ThighTheta=-0.464892268180847
LowerLegAlpha=0.0606898665428162
LowerLegTheta=-0.2459327429533
