[%General]
Highest=147
CenterX=34.1445637609225
CenterY=287.887972521562
XWidth=47

[LeftLeg]
ThighAlpha=-0.0999597683548927
ThighTheta=0.817131459712982
LowerLegAlpha=-0.13922968506813
LowerLegTheta=0.18246628344059

[RightLeg]
ThighAlpha=0.103529766201973
ThighTheta=-0.391905754804611
LowerLegAlpha=0.0678298473358154
LowerLegTheta=-0.464892268180847
