[%General]
Highest=157
CenterX=32.6580640591242
CenterY=162.0600332928
XWidth=55

[LeftLeg]
ThighAlpha=-0.0999597683548927
ThighTheta=0.537878811359406
LowerLegAlpha=-0.13922968506813
LowerLegTheta=0.030146598815918

[RightLeg]
ThighAlpha=0.0642598569393158
ThighTheta=-0.2522794008255
LowerLegAlpha=0.0428399071097374
LowerLegTheta=-0.747318267822266
