[%General]
Highest=159
CenterX=32.0069474315359
CenterY=114.931438105293
XWidth=58

[LeftLeg]
ThighAlpha=-0.00356999039649963
ThighTheta=0.391905784606934
LowerLegAlpha=-0.121379718184471
LowerLegTheta=-0.67115843296051

[RightLeg]
ThighAlpha=0.13922968506813
ThighTheta=-0.0364932343363762
LowerLegAlpha=0.0606898665428162
LowerLegTheta=-0.176119565963745
