[%General]
Highest=148
CenterX=34.0723891273247
CenterY=291.977377205532
XWidth=45

[LeftLeg]
ThighAlpha=-0.0999597683548927
ThighTheta=0.886944651603699
LowerLegAlpha=-0.103529758751392
LowerLegTheta=0.0428399443626404

[RightLeg]
ThighAlpha=0.121379725635052
ThighTheta=-0.391905754804611
LowerLegAlpha=0.00713998824357986
LowerLegTheta=-0.464892268180847
