[%General]
Highest=158
CenterX=34.5561136321253
CenterY=192.404388636787
XWidth=55

[LeftLeg]
ThighAlpha=-0.0981747731566429
ThighTheta=-0.117809727787971
LowerLegAlpha=-0.0785398185253143
LowerLegTheta=-0.117809727787971

[RightLeg]
ThighAlpha=0.0589048638939857
ThighTheta=0.392699092626572
LowerLegAlpha=0
LowerLegTheta=-0.353429168462753
