[%General]
Highest=158
CenterX=32.5382105490238
CenterY=174.863836155755
XWidth=54

[LeftLeg]
ThighAlpha=-0.0785398185253143
ThighTheta=0.249106109142303
LowerLegAlpha=-0.13922968506813
LowerLegTheta=-0.0364932343363762

[RightLeg]
ThighAlpha=0.0678298473358154
ThighTheta=-0.249106079339981
LowerLegAlpha=-0.082109808921814
LowerLegTheta=-0.464892268180847
