[%General]
Highest=159
CenterX=32.3810775140817
CenterY=46.7790176993236
XWidth=51

[LeftLeg]
ThighAlpha=-0.0606898590922356
ThighTheta=-0.0333198979496956
LowerLegAlpha=-0.103529758751392
LowerLegTheta=-0.255452752113342

[RightLeg]
ThighAlpha=0.0499798879027367
ThighTheta=0.252279460430145
LowerLegAlpha=-0.0285599306225777
LowerLegTheta=-0.112653076648712
