[%General]
Highest=159
CenterX=31.3219669231938
CenterY=105.287936775495
XWidth=56

[LeftLeg]
ThighAlpha=0.0589048638939857
ThighTheta=0.274889349937439
LowerLegAlpha=-0.0981747731566429
LowerLegTheta=-0.746128261089325

[RightLeg]
ThighAlpha=0.0981747731566429
ThighTheta=0.157079637050629
LowerLegAlpha=0.0981747731566429
LowerLegTheta=-0.117809727787971
