[%General]
Highest=156
CenterX=33.0274630478447
CenterY=68.9904078899933
XWidth=50

[LeftLeg]
ThighAlpha=-0.00356999039649963
ThighTheta=-0.401879042387009
LowerLegAlpha=-0.0856797993183136
LowerLegTheta=-0.401879042387009

[RightLeg]
ThighAlpha=0.121379725635052
ThighTheta=0.431799054145813
LowerLegAlpha=-0.0464098900556564
LowerLegTheta=0.46171897649765
