[%General]
Highest=155
CenterX=34.0330824435498
CenterY=256.974094171189
XWidth=52

[LeftLeg]
ThighAlpha=-0.0214199498295784
ThighTheta=-0.106306403875351
LowerLegAlpha=-0.0464098900556564
LowerLegTheta=-0.112653076648712

[RightLeg]
ThighAlpha=0.0321299284696579
ThighTheta=0.0364932715892792
LowerLegAlpha=0.13922968506813
LowerLegTheta=0.0333199352025986
