[%General]
Highest=134
CenterX=32.1317525095256
CenterY=319.459141635882
XWidth=42

[LeftLeg]
ThighAlpha=-0.157079637050629
ThighTheta=0.896917998790741
LowerLegAlpha=-0.0142799615859985
LowerLegTheta=-1.06963741779327

[RightLeg]
ThighAlpha=-0.024989940226078
ThighTheta=0.0333199612796307
LowerLegAlpha=-0.0107099711894989
LowerLegTheta=-0.979877710342407
