[%General]
Highest=138
CenterX=33.5598030813386
CenterY=302.900623841508
XWidth=43

[LeftLeg]
ThighAlpha=-0.0856797993183136
ThighTheta=0.886944651603699
LowerLegAlpha=0.021419957280159
LowerLegTheta=-0.2459327429533

[RightLeg]
ThighAlpha=0.0321299284696579
ThighTheta=-0.391905754804611
LowerLegAlpha=0.0249899476766586
LowerLegTheta=-0.604518592357635
