[%General]
Highest=158
CenterX=35.3433493053511
CenterY=187.933198597318
XWidth=55

[LeftLeg]
ThighAlpha=-0.0107099711894989
ThighTheta=-0.106306403875351
LowerLegAlpha=-0.157079637050629
LowerLegTheta=-0.0364932343363762

[RightLeg]
ThighAlpha=0.0856798067688942
ThighTheta=0.46489229798317
LowerLegAlpha=-0.0499798804521561
LowerLegTheta=-0.395079076290131
