[%General]
Highest=153
CenterX=33.2362998414921
CenterY=238.998999707607
XWidth=51

[LeftLeg]
ThighAlpha=-0.00356999039649963
ThighTheta=-0.182466238737106
LowerLegAlpha=-0.0678298398852348
LowerLegTheta=-0.956757783889771

[RightLeg]
ThighAlpha=0.0678298473358154
ThighTheta=0.322092622518539
LowerLegAlpha=0.0428399071097374
LowerLegTheta=0.179292947053909
