[%General]
Highest=148
CenterX=34.3091625615764
CenterY=284.912798925213
XWidth=48

[LeftLeg]
ThighAlpha=-0.0214199498295784
ThighTheta=0.677505135536194
LowerLegAlpha=-0.13922968506813
LowerLegTheta=0.391905784606934

[RightLeg]
ThighAlpha=0.103529766201973
ThighTheta=-0.391905754804611
LowerLegAlpha=0.0642598569393158
LowerLegTheta=-0.325265914201736
