[%General]
Highest=158
CenterX=35.3433493053511
CenterY=187.933198597318
XWidth=55

[LeftLeg]
ThighAlpha=0
ThighTheta=-0.0785398185253143
LowerLegAlpha=-0.0981747731566429
LowerLegTheta=-0.0785398185253143

[RightLeg]
ThighAlpha=0.0785398185253143
ThighTheta=0.471238911151886
LowerLegAlpha=-0.0196349546313286
LowerLegTheta=-0.392699092626572
