[%General]
Highest=151
CenterX=35.0385329530445
CenterY=276.816982829578
XWidth=53

[LeftLeg]
ThighAlpha=-0.0392699092626572
ThighTheta=0.46489229798317
LowerLegAlpha=0.021419957280159
LowerLegTheta=0.388732463121414

[RightLeg]
ThighAlpha=0.13922968506813
ThighTheta=-0.391905754804611
LowerLegAlpha=0.0678298473358154
LowerLegTheta=-0.109479740262032
