[%General]
Highest=157
CenterX=32.8249474803538
CenterY=170.768031745208
XWidth=54

[LeftLeg]
ThighAlpha=-0.117809727787971
ThighTheta=0.322092622518539
LowerLegAlpha=-0.0499798804521561
LowerLegTheta=-0.0364932343363762

[RightLeg]
ThighAlpha=0.0285599380731583
ThighTheta=-0.0364932343363762
LowerLegAlpha=0.021419957280159
LowerLegTheta=-0.886944591999054
