[%General]
Highest=158
CenterX=32.4102809049905
CenterY=54.97904397983
XWidth=50

[LeftLeg]
ThighAlpha=-0.0642598494887352
ThighTheta=-0.222359463572502
LowerLegAlpha=-0.0678298398852348
LowerLegTheta=-0.235959425568581

[RightLeg]
ThighAlpha=0.0678298473358154
ThighTheta=0.378759175539017
LowerLegAlpha=-0.0856797993183136
LowerLegTheta=-0.176119565963745
