[%General]
Highest=154
CenterX=33.8073821791401
CenterY=252.37365004512
XWidth=51

[LeftLeg]
ThighAlpha=-0.0214199498295784
ThighTheta=0.172946274280548
LowerLegAlpha=-0.13922968506813
LowerLegTheta=-0.956757783889771

[RightLeg]
ThighAlpha=0.121379725635052
ThighTheta=0.179292947053909
LowerLegAlpha=-0.0285599306225777
LowerLegTheta=-0.10313306748867
