[%General]
Highest=154
CenterX=33.438571168105
CenterY=261.200072930594
XWidth=55

[LeftLeg]
ThighAlpha=-0.0981747731566429
ThighTheta=0.549778699874878
LowerLegAlpha=-0.0196349546313286
LowerLegTheta=-0.549778699874878

[RightLeg]
ThighAlpha=0.0392699092626572
ThighTheta=-0.0785398185253143
LowerLegAlpha=0.0196349546313286
LowerLegTheta=0.0785398185253143
