[%General]
Highest=157
CenterX=32.9588329387677
CenterY=126.539509885469
XWidth=60

[LeftLeg]
ThighAlpha=-0.0606898590922356
ThighTheta=0.46489229798317
LowerLegAlpha=0.021419957280159
LowerLegTheta=-0.0396665707230568

[RightLeg]
ThighAlpha=0.13922968506813
ThighTheta=-0.249106079339981
LowerLegAlpha=0.0821098163723946
LowerLegTheta=-0.172946244478226
