[%General]
Highest=153
CenterX=33.8889101704654
CenterY=269.558635580087
XWidth=55

[LeftLeg]
ThighAlpha=-0.0785398185253143
ThighTheta=0.484838932752609
LowerLegAlpha=0.0821098163723946
LowerLegTheta=-0.358359158039093

[RightLeg]
ThighAlpha=0.121379725635052
ThighTheta=-0.229159444570541
LowerLegAlpha=0.0107099786400795
LowerLegTheta=-0.0265199020504951
