[%General]
Highest=156
CenterX=32.6035820310312
CenterY=85.8271438973842
XWidth=49

[LeftLeg]
ThighAlpha=0.0499798879027367
ThighTheta=-0.388732433319092
LowerLegAlpha=-0.0499798804521561
LowerLegTheta=-0.680678427219391

[RightLeg]
ThighAlpha=0.13922968506813
ThighTheta=0.46489229798317
LowerLegAlpha=0.00356999784708023
LowerLegTheta=0.172946274280548
