[%General]
Highest=154
CenterX=33.7225869605576
CenterY=18.883951325716
XWidth=50

[LeftLeg]
ThighAlpha=-0.117809727787971
ThighTheta=0.365159213542938
LowerLegAlpha=-0.0142799615859985
LowerLegTheta=-0.0727597996592522

[RightLeg]
ThighAlpha=0.13922968506813
ThighTheta=0.252279460430145
LowerLegAlpha=0.13922968506813
LowerLegTheta=0.152999684214592
