[%General]
Highest=159
CenterX=32.4482814264967
CenterY=42.3160861246225
XWidth=51

[LeftLeg]
ThighAlpha=-0.0606898590922356
ThighTheta=-0.0364932343363762
LowerLegAlpha=-0.0856797993183136
LowerLegTheta=-0.030146561563015

[RightLeg]
ThighAlpha=0.0999597758054733
ThighTheta=-0.249106079339981
LowerLegAlpha=-0.0999597683548927
LowerLegTheta=-0.109479740262032
