[%General]
Highest=155
CenterX=33.0277723116481
CenterY=141.093706954229
XWidth=57

[LeftLeg]
ThighAlpha=-0.117809727787971
ThighTheta=0.484838932752609
LowerLegAlpha=-0.13922968506813
LowerLegTheta=0.46171897649765

[RightLeg]
ThighAlpha=0.13922968506813
ThighTheta=-0.484838873147964
LowerLegAlpha=0.121379725635052
LowerLegTheta=-0.24275940656662
