[%General]
Highest=155
CenterX=33.0277723116481
CenterY=141.093706954229
XWidth=57

[LeftLeg]
ThighAlpha=-0.0999597683548927
ThighTheta=0.46489229798317
LowerLegAlpha=-0.13922968506813
LowerLegTheta=0.531532108783722

[RightLeg]
ThighAlpha=0.13922968506813
ThighTheta=-0.464892268180847
LowerLegAlpha=0.121379725635052
LowerLegTheta=-0.24275940656662
