[%General]
Highest=146
CenterX=33.861991969846
CenterY=297.066392166503
XWidth=44

[LeftLeg]
ThighAlpha=-0.0589048638939857
ThighTheta=0.785398185253143
LowerLegAlpha=-0.0981747731566429
LowerLegTheta=0

[RightLeg]
ThighAlpha=0.0785398185253143
ThighTheta=-0.392699092626572
LowerLegAlpha=0
LowerLegTheta=-0.471238911151886
