[%General]
Highest=156
CenterX=33.3122088013203
CenterY=204.63902317905
XWidth=55

[LeftLeg]
ThighAlpha=-0.0981747731566429
ThighTheta=-0.353429168462753
LowerLegAlpha=-0.0785398185253143
LowerLegTheta=-0.0785398185253143

[RightLeg]
ThighAlpha=0.0196349546313286
ThighTheta=0.392699092626572
LowerLegAlpha=-0.0589048638939857
LowerLegTheta=0.471238911151886
