[%General]
Highest=157
CenterX=32.9588329387677
CenterY=126.539509885469
XWidth=60

[LeftLeg]
ThighAlpha=-0.0785398185253143
ThighTheta=0.454919010400772
LowerLegAlpha=0.00356999784708023
LowerLegTheta=0.0401199460029602

[RightLeg]
ThighAlpha=0.13922968506813
ThighTheta=-0.288999319076538
LowerLegAlpha=0.0999597758054733
LowerLegTheta=-0.123079679906368
