[%General]
Highest=155
CenterX=33.0303250465932
CenterY=208.663376188521
XWidth=54

[LeftLeg]
ThighAlpha=-0.0606898590922356
ThighTheta=-0.395079076290131
LowerLegAlpha=-0.121379718184471
LowerLegTheta=-0.172946244478226

[RightLeg]
ThighAlpha=0.0285599380731583
ThighTheta=0.395079135894775
LowerLegAlpha=-0.0678298398852348
LowerLegTheta=0.601345300674438
