[%General]
Highest=158
CenterX=33.3125065655092
CenterY=30.8204143565801
XWidth=50

[LeftLeg]
ThighAlpha=-0.0107099711894989
ThighTheta=0.249106109142303
LowerLegAlpha=-0.13922968506813
LowerLegTheta=-0.106306403875351

[RightLeg]
ThighAlpha=0.121379725635052
ThighTheta=0.0333199352025986
LowerLegAlpha=-0.0785398185253143
LowerLegTheta=-1.02974426746368
