[%General]
Highest=156
CenterX=32.6035820310312
CenterY=85.8271438973842
XWidth=49

[LeftLeg]
ThighAlpha=0.0392699092626572
ThighTheta=-0.353429168462753
LowerLegAlpha=-0.0196349546313286
LowerLegTheta=-0.746128261089325

[RightLeg]
ThighAlpha=0.0981747731566429
ThighTheta=0.431968986988068
LowerLegAlpha=0.0589048638939857
LowerLegTheta=0.196349546313286
