[%General]
Highest=159
CenterX=32.4482814264967
CenterY=42.3160861246225
XWidth=51

[LeftLeg]
ThighAlpha=-0.0981747731566429
ThighTheta=0
LowerLegAlpha=-0.0981747731566429
LowerLegTheta=-0.117809727787971

[RightLeg]
ThighAlpha=0.0981747731566429
ThighTheta=0.0785398185253143
LowerLegAlpha=0.0981747731566429
LowerLegTheta=-0.274889349937439
