[%General]
Highest=159
CenterX=31.3219669231938
CenterY=105.287936775495
XWidth=56

[LeftLeg]
ThighAlpha=0.0499798879027367
ThighTheta=0.249106109142303
LowerLegAlpha=-0.117809727787971
LowerLegTheta=-0.820304751396179

[RightLeg]
ThighAlpha=0.103529766201973
ThighTheta=0.176119610667229
LowerLegAlpha=0.0606898665428162
LowerLegTheta=-0.172946244478226
