[%General]
Highest=147
CenterX=34.1445637609225
CenterY=287.887972521562
XWidth=47

[LeftLeg]
ThighAlpha=-0.0785398185253143
ThighTheta=0.785398185253143
LowerLegAlpha=-0.0196349546313286
LowerLegTheta=0.235619455575943

[RightLeg]
ThighAlpha=0.0981747731566429
ThighTheta=-0.392699092626572
LowerLegAlpha=0.0785398185253143
LowerLegTheta=-0.471238911151886
