[%General]
Highest=157
CenterX=34.3345952476843
CenterY=196.429910055041
XWidth=55

[LeftLeg]
ThighAlpha=-0.0999597683548927
ThighTheta=-0.249106079339981
LowerLegAlpha=-0.0856797993183136
LowerLegTheta=-0.10313306748867

[RightLeg]
ThighAlpha=0.0642598569393158
ThighTheta=0.46489229798317
LowerLegAlpha=-0.103529758751392
LowerLegTheta=-0.255452752113342
