[%General]
Highest=150
CenterX=34.8166729266155
CenterY=282.418075155157
XWidth=50

[LeftLeg]
ThighAlpha=-0.0999597683548927
ThighTheta=0.537878811359406
LowerLegAlpha=-0.0107099711894989
LowerLegTheta=0.531532108783722

[RightLeg]
ThighAlpha=0.13922968506813
ThighTheta=-0.391905754804611
LowerLegAlpha=0.0642598569393158
LowerLegTheta=-0.318919241428375
