[%General]
Highest=135
CenterX=32.960244648318
CenterY=314.495700182665
XWidth=41

[LeftLeg]
ThighAlpha=-0.0981747731566429
ThighTheta=0.785398185253143
LowerLegAlpha=0.0392699092626572
LowerLegTheta=-0.667588412761688

[RightLeg]
ThighAlpha=0.0196349546313286
ThighTheta=-0.235619455575943
LowerLegAlpha=-0.0392699092626572
LowerLegTheta=-0.785398185253143
