[%General]
Highest=159
CenterX=32.0069474315359
CenterY=114.931438105293
XWidth=58

[LeftLeg]
ThighAlpha=-0.0589048638939857
ThighTheta=0.353429168462753
LowerLegAlpha=0
LowerLegTheta=-0.785398185253143

[RightLeg]
ThighAlpha=0.0981747731566429
ThighTheta=-0.0785398185253143
LowerLegAlpha=0.0981747731566429
LowerLegTheta=-0.0785398185253143
