[%General]
Highest=159
CenterX=32.0069474315359
CenterY=114.931438105293
XWidth=58

[LeftLeg]
ThighAlpha=0.0142799690365791
ThighTheta=0.371959179639816
LowerLegAlpha=-0.0499798804521561
LowerLegTheta=-0.551478683948517

[RightLeg]
ThighAlpha=0.13922968506813
ThighTheta=-0.0564398318529129
LowerLegAlpha=0.0606898665428162
LowerLegTheta=-0.116279698908329
