[%General]
Highest=138
CenterX=33.5598030813386
CenterY=302.900623841508
XWidth=43

[LeftLeg]
ThighAlpha=-0.0981747731566429
ThighTheta=0.785398185253143
LowerLegAlpha=0.0589048638939857
LowerLegTheta=-0.157079637050629

[RightLeg]
ThighAlpha=0.0196349546313286
ThighTheta=-0.392699092626572
LowerLegAlpha=0.0392699092626572
LowerLegTheta=-0.628318548202515
