[%General]
Highest=156
CenterX=33.096077879993
CenterY=72.6663720724702
XWidth=49

[LeftLeg]
ThighAlpha=0.0321299284696579
ThighTheta=-0.391905754804611
LowerLegAlpha=-0.103529758751392
LowerLegTheta=-0.468065589666367

[RightLeg]
ThighAlpha=0.13922968506813
ThighTheta=0.46171897649765
LowerLegAlpha=-0.0107099711894989
LowerLegTheta=0.391905784606934
