[%General]
Highest=154
CenterX=33.4461374596882
CenterY=247.320852687949
XWidth=51

[LeftLeg]
ThighAlpha=0.0107099786400795
ThighTheta=0.0364932715892792
LowerLegAlpha=-0.13922968506813
LowerLegTheta=-1.09955739974976

[RightLeg]
ThighAlpha=0.0856798067688942
ThighTheta=0.249106109142303
LowerLegAlpha=0.00713998824357986
LowerLegTheta=0.0364932715892792
