[%General]
Highest=158
CenterX=32.4102809049905
CenterY=54.97904397983
XWidth=50

[LeftLeg]
ThighAlpha=-0.082109808921814
ThighTheta=-0.2522794008255
LowerLegAlpha=-0.0499798804521561
LowerLegTheta=-0.176119565963745

[RightLeg]
ThighAlpha=0.0678298473358154
ThighTheta=0.388732463121414
LowerLegAlpha=-0.0856797993183136
LowerLegTheta=-0.176119565963745
