[%General]
Highest=158
CenterX=34.5561136321253
CenterY=192.404388636787
XWidth=55

[LeftLeg]
ThighAlpha=-0.0785398185253143
ThighTheta=-0.109479740262032
LowerLegAlpha=-0.13922968506813
LowerLegTheta=-0.172946244478226

[RightLeg]
ThighAlpha=0.0678298473358154
ThighTheta=0.395079135894775
LowerLegAlpha=-0.024989940226078
LowerLegTheta=-0.255452752113342
