[%General]
Highest=154
CenterX=33.886884162839
CenterY=22.0892688605046
XWidth=49

[LeftLeg]
ThighAlpha=-0.117809727787971
ThighTheta=0.395079135894775
LowerLegAlpha=-0.0285599306225777
LowerLegTheta=-0.10267972946167

[RightLeg]
ThighAlpha=0.13922968506813
ThighTheta=0.288999378681183
LowerLegAlpha=0.13922968506813
LowerLegTheta=0.079559862613678
