[%General]
Highest=148
CenterX=34.3091625615764
CenterY=284.912798925213
XWidth=48

[LeftLeg]
ThighAlpha=-0.0785398185253143
ThighTheta=0.687478482723236
LowerLegAlpha=-0.13922968506813
LowerLegTheta=0.312119334936142

[RightLeg]
ThighAlpha=0.121379725635052
ThighTheta=-0.431798994541168
LowerLegAlpha=0.046409897506237
LowerLegTheta=-0.305319279432297
