[%General]
Highest=159
CenterX=32.3170113532468
CenterY=50.8128739569711
XWidth=51

[LeftLeg]
ThighAlpha=-0.0606898590922356
ThighTheta=-0.123079679906368
LowerLegAlpha=-0.121379718184471
LowerLegTheta=-0.2454794049263

[RightLeg]
ThighAlpha=0.0678298473358154
ThighTheta=0.395079135894775
LowerLegAlpha=-0.0285599306225777
LowerLegTheta=-0.501158833503723
