[%General]
Highest=134
CenterX=32.1317525095256
CenterY=319.459141635882
XWidth=42

[LeftLeg]
ThighAlpha=-0.0981747731566429
ThighTheta=0.785398185253143
LowerLegAlpha=-0.0981747731566429
LowerLegTheta=-0.746128261089325

[RightLeg]
ThighAlpha=-0.0196349546313286
ThighTheta=-0.0785398185253143
LowerLegAlpha=-0.0589048638939857
LowerLegTheta=-0.785398185253143
