[%General]
Highest=156
CenterX=33.5739656124194
CenterY=200.208372042924
XWidth=54

[LeftLeg]
ThighAlpha=-0.0785398185253143
ThighTheta=-0.249106079339981
LowerLegAlpha=-0.103529758751392
LowerLegTheta=-0.176119565963745

[RightLeg]
ThighAlpha=0.0249899476766586
ThighTheta=0.46489229798317
LowerLegAlpha=-0.0642598494887352
LowerLegTheta=0.172946274280548
