[%General]
Highest=152
CenterX=34.577664605311
CenterY=273.66433248454
XWidth=51

[LeftLeg]
ThighAlpha=-0.0214199498295784
ThighTheta=0.46171897649765
LowerLegAlpha=0.00356999784708023
LowerLegTheta=0.106306441128254

[RightLeg]
ThighAlpha=0.103529766201973
ThighTheta=-0.322092592716217
LowerLegAlpha=0.046409897506237
LowerLegTheta=-0.030146561563015
