[%General]
Highest=154
CenterX=33.3821894606264
CenterY=14.5001789164818
XWidth=50

[LeftLeg]
ThighAlpha=-0.117809727787971
ThighTheta=0.252279460430145
LowerLegAlpha=-0.0142799615859985
LowerLegTheta=0.176119610667229

[RightLeg]
ThighAlpha=0.13922968506813
ThighTheta=0.179292947053909
LowerLegAlpha=0.13922968506813
LowerLegTheta=0.31891930103302
