[%General]
Highest=148
CenterX=34.0723891273247
CenterY=291.977377205532
XWidth=45

[LeftLeg]
ThighAlpha=-0.117809727787971
ThighTheta=0.866998076438904
LowerLegAlpha=-0.0321299210190773
LowerLegTheta=0.0428399443626404

[RightLeg]
ThighAlpha=0.0856798067688942
ThighTheta=-0.371959120035172
LowerLegAlpha=0.0606898665428162
LowerLegTheta=-0.514758765697479
