[%General]
Highest=157
CenterX=33.1054425767015
CenterY=130.591747972258
XWidth=59

[LeftLeg]
ThighAlpha=-0.0785398185253143
ThighTheta=0.46171897649765
LowerLegAlpha=0.00356999784708023
LowerLegTheta=0.252279460430145

[RightLeg]
ThighAlpha=0.13922968506813
ThighTheta=-0.318919241428375
LowerLegAlpha=0.0999597758054733
LowerLegTheta=-0.2459327429533
