[%General]
Highest=158
CenterX=33.063480491427
CenterY=94.5255974078574
XWidth=51

[LeftLeg]
ThighAlpha=0.0499798879027367
ThighTheta=-0.249106079339981
LowerLegAlpha=0.00713998824357986
LowerLegTheta=-0.750491619110107

[RightLeg]
ThighAlpha=0.13922968506813
ThighTheta=0.322092622518539
LowerLegAlpha=0.021419957280159
LowerLegTheta=0.106306441128254
