[%General]
Highest=156
CenterX=32.7206159425423
CenterY=77.2095026278137
XWidth=49

[LeftLeg]
ThighAlpha=0.0321299284696579
ThighTheta=-0.391905754804611
LowerLegAlpha=-0.0999597683548927
LowerLegTheta=-0.604518592357635

[RightLeg]
ThighAlpha=0.121379725635052
ThighTheta=0.46171897649765
LowerLegAlpha=0.0321299284696579
LowerLegTheta=0.322092622518539
