[%General]
Highest=151
CenterX=35.0055680738934
CenterY=279.652675096371
XWidth=53

[LeftLeg]
ThighAlpha=-0.0981747731566429
ThighTheta=0.510508835315704
LowerLegAlpha=0.0392699092626572
LowerLegTheta=0.471238911151886

[RightLeg]
ThighAlpha=0.0981747731566429
ThighTheta=-0.353429168462753
LowerLegAlpha=0.0981747731566429
LowerLegTheta=-0.235619455575943
