[%General]
Highest=152
CenterX=32.7433835845896
CenterY=224.426892035937
XWidth=51

[LeftLeg]
ThighAlpha=-0.0999597683548927
ThighTheta=-0.458545595407486
LowerLegAlpha=-0.0142799615859985
LowerLegTheta=-0.468065589666367

[RightLeg]
ThighAlpha=0.0678298473358154
ThighTheta=0.46171897649765
LowerLegAlpha=0.021419957280159
LowerLegTheta=0.395079135894775
