[%General]
Highest=153
CenterX=33.1526501321919
CenterY=220.474018003273
XWidth=51

[LeftLeg]
ThighAlpha=-0.0999597683548927
ThighTheta=-0.431798994541168
LowerLegAlpha=-0.0285599306225777
LowerLegTheta=-0.424998998641968

[RightLeg]
ThighAlpha=0.0678298473358154
ThighTheta=0.484838932752609
LowerLegAlpha=0.00356999784708023
LowerLegTheta=0.438599050045013
