[%General]
Highest=158
CenterX=34.0622447416786
CenterY=178.692732795589
XWidth=55

[LeftLeg]
ThighAlpha=-0.00713998079299927
ThighTheta=0.109479777514935
LowerLegAlpha=-0.157079637050629
LowerLegTheta=0.0333199352025986

[RightLeg]
ThighAlpha=0.0856798067688942
ThighTheta=-0.2522794008255
LowerLegAlpha=-0.0678298398852348
LowerLegTheta=0.0333199352025986
