[%General]
Highest=156
CenterX=33.3122088013203
CenterY=204.63902317905
XWidth=55

[LeftLeg]
ThighAlpha=-0.117809727787971
ThighTheta=-0.318919241428375
LowerLegAlpha=-0.0142799615859985
LowerLegTheta=-0.255452752113342

[RightLeg]
ThighAlpha=0.0321299284696579
ThighTheta=0.391905784606934
LowerLegAlpha=-0.0856797993183136
LowerLegTheta=0.46489229798317
