[%General]
Highest=142
CenterX=38.6322435564781
CenterY=254.007375257505
XWidth=50

[LeftLeg]
ThighAlpha=-0.0981747731566429
ThighTheta=0.353429168462753
LowerLegAlpha=0.0981747731566429
LowerLegTheta=-0.117809727787971

[RightLeg]
ThighAlpha=0.0589048638939857
ThighTheta=-0.0392699092626572
LowerLegAlpha=0.0785398185253143
LowerLegTheta=-0.0785398185253143
