[%General]
Highest=145
CenterX=39.1107230778039
CenterY=44.4915555046659
XWidth=50

[LeftLeg]
ThighAlpha=0.0392699092626572
ThighTheta=0.274889349937439
LowerLegAlpha=-0.0981747731566429
LowerLegTheta=-0.0785398185253143

[RightLeg]
ThighAlpha=0.0981747731566429
ThighTheta=-0.235619455575943
LowerLegAlpha=0
LowerLegTheta=-0.667588412761688
