[%General]
Highest=146
CenterX=39.0763396878728
CenterY=62.5516641102427
XWidth=51

[LeftLeg]
ThighAlpha=-0.0392699092626572
ThighTheta=-0.117809727787971
LowerLegAlpha=-0.0981747731566429
LowerLegTheta=-0.196349546313286

[RightLeg]
ThighAlpha=0.0589048638939857
ThighTheta=0.314159274101257
LowerLegAlpha=-0.0785398185253143
LowerLegTheta=-0.274889349937439
