[%General]
Highest=143
CenterX=38.1377030523906
CenterY=202.909037948273
XWidth=53

[LeftLeg]
ThighAlpha=-0.0785398185253143
ThighTheta=-0.353429168462753
LowerLegAlpha=-0.0392699092626572
LowerLegTheta=-0.117809727787971

[RightLeg]
ThighAlpha=-0.0981747731566429
ThighTheta=0.431968986988068
LowerLegAlpha=0.0589048638939857
LowerLegTheta=0.510508835315704
