[%General]
Highest=137
CenterX=38.7850696111378
CenterY=270.771419427108
XWidth=48

[LeftLeg]
ThighAlpha=-0.0981747731566429
ThighTheta=0.589048624038696
LowerLegAlpha=-0.0196349546313286
LowerLegTheta=0.471238911151886

[RightLeg]
ThighAlpha=0.0589048638939857
ThighTheta=-0.392699092626572
LowerLegAlpha=0.0785398185253143
LowerLegTheta=-0.157079637050629
