[%General]
Highest=142
CenterX=39.5025024205976
CenterY=24.4127698454909
XWidth=47

[LeftLeg]
ThighAlpha=-0.0785398185253143
ThighTheta=0.510508835315704
LowerLegAlpha=-0.0392699092626572
LowerLegTheta=0.196349546313286

[RightLeg]
ThighAlpha=0.0589048638939857
ThighTheta=-0.549778699874878
LowerLegAlpha=-0.0196349546313286
LowerLegTheta=-0.0785398185253143
