[%General]
Highest=146
CenterX=38.9998371392343
CenterY=51.0254760769168
XWidth=50

[LeftLeg]
ThighAlpha=0
ThighTheta=0.196349546313286
LowerLegAlpha=-0.0981747731566429
LowerLegTheta=-0.235619455575943

[RightLeg]
ThighAlpha=0
ThighTheta=0.0785398185253143
LowerLegAlpha=0.0981747731566429
LowerLegTheta=-0.667588412761688
