[%General]
Highest=142
CenterX=38.9336171510983
CenterY=154.934601730641
XWidth=56

[LeftLeg]
ThighAlpha=-0.0981747731566429
ThighTheta=0.589048624038696
LowerLegAlpha=-0.0981747731566429
LowerLegTheta=0.196349546313286

[RightLeg]
ThighAlpha=0.0981747731566429
ThighTheta=-0.431968986988068
LowerLegAlpha=0.0196349546313286
LowerLegTheta=-0.392699092626572
