[%General]
Highest=142
CenterX=39.2152194211018
CenterY=235.429731488555
XWidth=52

[LeftLeg]
ThighAlpha=-0.0196349546313286
ThighTheta=-0.117809727787971
LowerLegAlpha=-0.0589048638939857
LowerLegTheta=-0.785398185253143

[RightLeg]
ThighAlpha=0.0392699092626572
ThighTheta=0.314159274101257
LowerLegAlpha=0.0785398185253143
LowerLegTheta=0.117809727787971
