[%General]
Highest=145
CenterX=39.4993415854622
CenterY=135.480563602844
XWidth=55

[LeftLeg]
ThighAlpha=-0.0981747731566429
ThighTheta=0.471238911151886
LowerLegAlpha=0
LowerLegTheta=0.274889349937439

[RightLeg]
ThighAlpha=0.0392699092626572
ThighTheta=-0.274889349937439
LowerLegAlpha=0.0589048638939857
LowerLegTheta=-0.117809727787971
