[%General]
Highest=156
CenterX=31.3898738057528
CenterY=134.976996372554
XWidth=49

[LeftLeg]
ThighAlpha=-0.0214199498295784
ThighTheta=-0.401879042387009
LowerLegAlpha=-0.0678298398852348
LowerLegTheta=-0.717398345470428

[RightLeg]
ThighAlpha=0.0142799690365791
ThighTheta=0.574598729610443
LowerLegAlpha=0.021419957280159
LowerLegTheta=0.229159519076347
