[%General]
Highest=156
CenterX=20.7795970158381
CenterY=245.473827432275
XWidth=46

[LeftLeg]
ThighAlpha=-0.0999597683548927
ThighTheta=-0.116279698908329
LowerLegAlpha=-0.13922968506813
LowerLegTheta=0.265879422426224

[RightLeg]
ThighAlpha=0.0321299284696579
ThighTheta=0.408679097890854
LowerLegAlpha=-0.0142799615859985
LowerLegTheta=-0.747318267822266
