[%General]
Highest=155
CenterX=23.6814398364486
CenterY=212.612368574766
XWidth=49

[LeftLeg]
ThighAlpha=-0.0392699092626572
ThighTheta=0.544678807258606
LowerLegAlpha=-0.0642598494887352
LowerLegTheta=0.259079456329346

[RightLeg]
ThighAlpha=0.0107099786400795
ThighTheta=-0.461718916893005
LowerLegAlpha=-0.0642598494887352
LowerLegTheta=-0.537878751754761
