[%General]
Highest=159
CenterX=28.6216544687216
CenterY=175.696805384903
XWidth=53

[LeftLeg]
ThighAlpha=-0.0606898590922356
ThighTheta=0.34883925318718
LowerLegAlpha=-0.0142799615859985
LowerLegTheta=-0.0265199020504951

[RightLeg]
ThighAlpha=0.0499798879027367
ThighTheta=-0.139399647712708
LowerLegAlpha=0.046409897506237
LowerLegTheta=-0.146199628710747
