[%General]
Highest=157
CenterX=30.4040006368597
CenterY=153.026444151746
XWidth=52

[LeftLeg]
ThighAlpha=-0.082109808921814
ThighTheta=-0.176119565963745
LowerLegAlpha=-0.0142799615859985
LowerLegTheta=-0.620838522911072

[RightLeg]
ThighAlpha=0.0321299284696579
ThighTheta=0.371959179639816
LowerLegAlpha=0.0821098163723946
LowerLegTheta=-0.0727597996592522
