[%General]
Highest=161
CenterX=34.2310598561341
CenterY=10.4636870586683
XWidth=44

[LeftLeg]
ThighAlpha=-0.0392699092626572
ThighTheta=-0.0265199020504951
LowerLegAlpha=-0.157079637050629
LowerLegTheta=-0.109479710459709

[RightLeg]
ThighAlpha=0.0856798067688942
ThighTheta=-0.0564398318529129
LowerLegAlpha=0.0606898665428162
LowerLegTheta=-0.00339995324611664
