[%General]
Highest=156
CenterX=22.6765627076175
CenterY=217.707332814487
XWidth=48

[LeftLeg]
ThighAlpha=-0.082109808921814
ThighTheta=0.514758884906769
LowerLegAlpha=0.021419957280159
LowerLegTheta=0.169319659471512

[RightLeg]
ThighAlpha=-0.0428398996591568
ThighTheta=-0.282199323177338
LowerLegAlpha=0.00356999784708023
LowerLegTheta=-0.777238190174103
