[%General]
Highest=158
CenterX=27.3827623422626
CenterY=189.216584569404
XWidth=52

[LeftLeg]
ThighAlpha=-0.0392699092626572
ThighTheta=0.544678807258606
LowerLegAlpha=0.00356999784708023
LowerLegTheta=0.312119334936142

[RightLeg]
ThighAlpha=0.0499798879027367
ThighTheta=-0.371959120035172
LowerLegAlpha=0.0107099786400795
LowerLegTheta=-0.132599666714668
