[%General]
Highest=159
CenterX=28.8781989210126
CenterY=166.457836491908
XWidth=55

[LeftLeg]
ThighAlpha=-0.157079637050629
ThighTheta=0.199239581823349
LowerLegAlpha=-0.0142799615859985
LowerLegTheta=-0.687478423118591

[RightLeg]
ThighAlpha=0.0499798879027367
ThighTheta=0.0863598436117172
LowerLegAlpha=0.0321299284696579
LowerLegTheta=0.123079754412174
