[%General]
Highest=156
CenterX=25.9615349066486
CenterY=198.325882679155
XWidth=51

[LeftLeg]
ThighAlpha=-0.0392699092626572
ThighTheta=0.544678807258606
LowerLegAlpha=-0.0107099711894989
LowerLegTheta=0.46171897649765

[RightLeg]
ThighAlpha=0.0321299284696579
ThighTheta=-0.461718916893005
LowerLegAlpha=0.00713998824357986
LowerLegTheta=-0.305319279432297
