[%General]
Highest=148
CenterX=19.2904175912851
CenterY=286.85878555578
XWidth=42

[LeftLeg]
ThighAlpha=-0.0107099711894989
ThighTheta=-0.401879042387009
LowerLegAlpha=-0.117809727787971
LowerLegTheta=-0.507958829402924

[RightLeg]
ThighAlpha=0.0856798067688942
ThighTheta=0.777238249778748
LowerLegAlpha=0.021419957280159
LowerLegTheta=0.222359538078308
