[%General]
Highest=153
CenterX=19.8162099631263
CenterY=270.015882196997
XWidth=43

[LeftLeg]
ThighAlpha=-0.024989940226078
ThighTheta=-0.438598960638046
LowerLegAlpha=-0.0678298398852348
LowerLegTheta=-0.215559482574463

[RightLeg]
ThighAlpha=-0.0428398996591568
ThighTheta=0.401879131793976
LowerLegAlpha=-0.00713998079299927
LowerLegTheta=0.544678807258606
