[%General]
Highest=154
CenterX=20.0898663358225
CenterY=265.84891968445
XWidth=43

[LeftLeg]
ThighAlpha=-0.00713998079299927
ThighTheta=-0.348839163780212
LowerLegAlpha=-0.0856797993183136
LowerLegTheta=-0.215559482574463

[RightLeg]
ThighAlpha=-0.0606898590922356
ThighTheta=0.401879131793976
LowerLegAlpha=0.00713998824357986
LowerLegTheta=0.34883925318718
