[%General]
Highest=156
CenterX=31.3112806028816
CenterY=140.28763129466
XWidth=50

[LeftLeg]
ThighAlpha=-0.024989940226078
ThighTheta=-0.342039197683334
LowerLegAlpha=-0.0678298398852348
LowerLegTheta=-0.80035811662674

[RightLeg]
ThighAlpha=0.0321299284696579
ThighTheta=0.574598729610443
LowerLegAlpha=0.00356999784708023
LowerLegTheta=0.0632398948073387
