[%General]
Highest=138
CenterX=19.1739547832765
CenterY=297.261460183363
XWidth=41

[LeftLeg]
ThighAlpha=0.046409897506237
ThighTheta=-0.312119245529175
LowerLegAlpha=-0.157079637050629
LowerLegTheta=-0.747318267822266

[RightLeg]
ThighAlpha=0.0856798067688942
ThighTheta=0.866998076438904
LowerLegAlpha=-0.024989940226078
LowerLegTheta=-0.146199628710747
