[%General]
Highest=149
CenterX=19.3135417566284
CenterY=291.920956041109
XWidth=42

[LeftLeg]
ThighAlpha=0.0285599380731583
ThighTheta=-0.342039197683334
LowerLegAlpha=-0.157079637050629
LowerLegTheta=-0.597718596458435

[RightLeg]
ThighAlpha=0.0856798067688942
ThighTheta=0.74731832742691
LowerLegAlpha=-0.024989940226078
LowerLegTheta=0.0265199784189463
