[%General]
Highest=161
CenterX=33.8919505410483
CenterY=12.9900237391317
XWidth=45

[LeftLeg]
ThighAlpha=-0.0428398996591568
ThighTheta=0.079559862613678
LowerLegAlpha=0.0249899476766586
LowerLegTheta=-0.2454794049263

[RightLeg]
ThighAlpha=0.0678298473358154
ThighTheta=-0.0265199020504951
LowerLegAlpha=0.0642598569393158
LowerLegTheta=-0.0863597691059113
