[%General]
Highest=154
CenterX=19.4808608728417
CenterY=272.649622093668
XWidth=43

[LeftLeg]
ThighAlpha=-0.0606898590922356
ThighTheta=-0.461718916893005
LowerLegAlpha=-0.0142799615859985
LowerLegTheta=-0.2454794049263

[RightLeg]
ThighAlpha=-0.0392699092626572
ThighTheta=0.454919010400772
LowerLegAlpha=0.00713998824357986
LowerLegTheta=0.634438574314117
