[%General]
Highest=157
CenterX=31.6652317365015
CenterY=145.040994633172
XWidth=53

[LeftLeg]
ThighAlpha=-0.0428398996591568
ThighTheta=-0.282199323177338
LowerLegAlpha=-0.0499798804521561
LowerLegTheta=-0.80715811252594

[RightLeg]
ThighAlpha=0.0678298473358154
ThighTheta=0.521558880805969
LowerLegAlpha=0.021419957280159
LowerLegTheta=0.0197199955582619
