[%General]
Highest=161
CenterX=31.6792209282313
CenterY=93.3192014227526
XWidth=48

[LeftLeg]
ThighAlpha=-0.0107099711894989
ThighTheta=-0.0265199020504951
LowerLegAlpha=-0.157079637050629
LowerLegTheta=-0.318919241428375

[RightLeg]
ThighAlpha=0.0142799690365791
ThighTheta=0.31891930103302
LowerLegAlpha=0.00356999784708023
LowerLegTheta=-0.235959425568581
