[%General]
Highest=161
CenterX=33.6286222896664
CenterY=16.5923045495666
XWidth=45

[LeftLeg]
ThighAlpha=-0.00713998079299927
ThighTheta=0.259079456329346
LowerLegAlpha=0.021419957280159
LowerLegTheta=-0.305319279432297

[RightLeg]
ThighAlpha=0.0678298473358154
ThighTheta=-0.0863597691059113
LowerLegAlpha=0.0999597758054733
LowerLegTheta=-0.139399647712708
