[%General]
Highest=159
CenterX=33.4385938174706
CenterY=69.8503390992913
XWidth=50

[LeftLeg]
ThighAlpha=-0.0464098900556564
ThighTheta=0.401879131793976
LowerLegAlpha=0.00356999784708023
LowerLegTheta=-0.0795597806572914

[RightLeg]
ThighAlpha=0.103529766201973
ThighTheta=-0.206039488315582
LowerLegAlpha=0.00356999784708023
LowerLegTheta=-0.770438194274902
