[%General]
Highest=160
CenterX=31.8992574113825
CenterY=88.5147212391948
XWidth=48

[LeftLeg]
ThighAlpha=-0.0107099711894989
ThighTheta=0.0564399100840092
LowerLegAlpha=-0.121379718184471
LowerLegTheta=-0.282199323177338

[RightLeg]
ThighAlpha=0.0999597758054733
ThighTheta=0.199239581823349
LowerLegAlpha=-0.0285599306225777
LowerLegTheta=-0.365159124135971
