[%General]
Highest=156
CenterX=20.7759587190249
CenterY=240.919507847985
XWidth=46

[LeftLeg]
ThighAlpha=-0.00713998079299927
ThighTheta=-0.0863597691059113
LowerLegAlpha=-0.157079637050629
LowerLegTheta=0.305319339036942

[RightLeg]
ThighAlpha=0.0678298473358154
ThighTheta=-0.229159444570541
LowerLegAlpha=-0.0606898590922356
LowerLegTheta=0.0931598246097565
