[%General]
Highest=160
CenterX=32.1458055184691
CenterY=83.5753087449933
XWidth=50

[LeftLeg]
ThighAlpha=-0.0606898590922356
ThighTheta=0.139399722218513
LowerLegAlpha=-0.121379718184471
LowerLegTheta=-0.162519589066505

[RightLeg]
ThighAlpha=0.0107099786400795
ThighTheta=0.229159519076347
LowerLegAlpha=0.13922968506813
LowerLegTheta=-0.837078034877777
