[%General]
Highest=156
CenterX=20.889847917564
CenterY=236.109704781154
XWidth=46

[LeftLeg]
ThighAlpha=-0.0428398996591568
ThighTheta=0.169319659471512
LowerLegAlpha=-0.082109808921814
LowerLegTheta=0.152999684214592

[RightLeg]
ThighAlpha=0.0321299284696579
ThighTheta=0.146199703216553
LowerLegAlpha=-0.0642598494887352
LowerLegTheta=-0.837078034877777
