[%General]
Highest=149
CenterX=38.4987111214016
CenterY=99.0244037971753
XWidth=51

[LeftLeg]
ThighAlpha=-0.0785398185253143
ThighTheta=-0.235619455575943
LowerLegAlpha=-0.0981747731566429
LowerLegTheta=-0.0785398185253143

[RightLeg]
ThighAlpha=0.0589048638939857
ThighTheta=0.471238911151886
LowerLegAlpha=0.0589048638939857
LowerLegTheta=-0.392699092626572
