[%General]
Highest=145
CenterX=36.3186488778706
CenterY=186.156445720251
XWidth=51

[LeftLeg]
ThighAlpha=-0.0785398185253143
ThighTheta=0.549778699874878
LowerLegAlpha=-0.0981747731566429
LowerLegTheta=0.549778699874878

[RightLeg]
ThighAlpha=0.0981747731566429
ThighTheta=-0.549778699874878
LowerLegAlpha=0.0392699092626572
LowerLegTheta=-0.0785398185253143
