[%General]
Highest=142
CenterX=30.2118716827974
CenterY=261.978379644084
XWidth=47

[LeftLeg]
ThighAlpha=-0.0785398185253143
ThighTheta=-0.549778699874878
LowerLegAlpha=-0.0981747731566429
LowerLegTheta=-0.235619455575943

[RightLeg]
ThighAlpha=0
ThighTheta=0.628318548202515
LowerLegAlpha=0.0785398185253143
LowerLegTheta=0.549778699874878
