[%General]
Highest=147
CenterX=29.4071400996996
CenterY=190.621040970812
XWidth=54

[LeftLeg]
ThighAlpha=-0.157079637050629
ThighTheta=0.335239291191101
LowerLegAlpha=-0.0499798804521561
LowerLegTheta=0.0401199460029602

[RightLeg]
ThighAlpha=0.0285599380731583
ThighTheta=0.123079754412174
LowerLegAlpha=-0.0285599306225777
LowerLegTheta=-1.09955739974976
