[%General]
Highest=147
CenterX=27.8560337485889
CenterY=217.417876453229
XWidth=48

[LeftLeg]
ThighAlpha=-0.117809727787971
ThighTheta=-0.288999319076538
LowerLegAlpha=-0.0678298398852348
LowerLegTheta=0.0333199612796307

[RightLeg]
ThighAlpha=0.0142799690365791
ThighTheta=0.544678807258606
LowerLegAlpha=-0.0107099711894989
LowerLegTheta=0.169319659471512
