[%General]
Highest=144
CenterX=26.6085369585173
CenterY=268.137627311273
XWidth=42

[LeftLeg]
ThighAlpha=-0.0785398185253143
ThighTheta=0.265879422426224
LowerLegAlpha=0.021419957280159
LowerLegTheta=-1.06963741779327

[RightLeg]
ThighAlpha=0.13922968506813
ThighTheta=0.288999378681183
LowerLegAlpha=-0.0214199498295784
LowerLegTheta=-0.176119565963745
