[%General]
Highest=145
CenterX=27.7440429311892
CenterY=229.268264986538
XWidth=45

[LeftLeg]
ThighAlpha=-0.117809727787971
ThighTheta=-0.454918920993805
LowerLegAlpha=-0.0499798804521561
LowerLegTheta=-0.0632398128509521

[RightLeg]
ThighAlpha=-0.00356999039649963
ThighTheta=0.567798733711243
LowerLegAlpha=0.0606898665428162
LowerLegTheta=0.551478803157806
