[%General]
Highest=143
CenterX=27.9752963690136
CenterY=291.737629544946
XWidth=46

[LeftLeg]
ThighAlpha=-0.0785398185253143
ThighTheta=0.312119334936142
LowerLegAlpha=0.00356999784708023
LowerLegTheta=0.926837921142578

[RightLeg]
ThighAlpha=0.121379725635052
ThighTheta=-0.371959120035172
LowerLegAlpha=0.103529766201973
LowerLegTheta=-0.109479710459709
