[%General]
Highest=144
CenterX=27.225982899931
CenterY=232.416756651502
XWidth=44

[LeftLeg]
ThighAlpha=-0.157079637050629
ThighTheta=-0.478038877248764
LowerLegAlpha=-0.0321299210190773
LowerLegTheta=-0.146199628710747

[RightLeg]
ThighAlpha=0.0142799690365791
ThighTheta=0.59771865606308
LowerLegAlpha=0.0606898665428162
LowerLegTheta=0.521558880805969
