[%General]
Highest=144
CenterX=26.6282855653986
CenterY=264.034788952579
XWidth=42

[LeftLeg]
ThighAlpha=-0.024989940226078
ThighTheta=0.0632398948073387
LowerLegAlpha=-0.0321299210190773
LowerLegTheta=-1.09955739974976

[RightLeg]
ThighAlpha=0.13922968506813
ThighTheta=0.34883925318718
LowerLegAlpha=-0.0428398996591568
LowerLegTheta=-0.123079679906368
