[%General]
Highest=144
CenterX=27.889272443965
CenterY=288.410499820209
XWidth=45

[LeftLeg]
ThighAlpha=-0.0785398185253143
ThighTheta=0.544678807258606
LowerLegAlpha=0.021419957280159
LowerLegTheta=0.312119334936142

[RightLeg]
ThighAlpha=0.103529766201973
ThighTheta=-0.318919241428375
LowerLegAlpha=0.0999597758054733
LowerLegTheta=-0.0795597806572914
