[%General]
Highest=146
CenterX=26.7398454848261
CenterY=278.890035159141
XWidth=47

[LeftLeg]
ThighAlpha=-0.117809727787971
ThighTheta=0.378759175539017
LowerLegAlpha=-0.13922968506813
LowerLegTheta=-0.641238510608673

[RightLeg]
ThighAlpha=0.13922968506813
ThighTheta=-0.0564398318529129
LowerLegAlpha=0.0856798067688942
LowerLegTheta=-0.0564398318529129
