[%General]
Highest=149
CenterX=35.308280784866
CenterY=131.472408053519
XWidth=48

[LeftLeg]
ThighAlpha=-0.0785398185253143
ThighTheta=0.259079456329346
LowerLegAlpha=0.00356999784708023
LowerLegTheta=-0.81395810842514

[RightLeg]
ThighAlpha=0.103529766201973
ThighTheta=0.0863598436117172
LowerLegAlpha=-0.00713998079299927
LowerLegTheta=-0.116279698908329
