[%General]
Highest=143
CenterX=27.079284483996
CenterY=240.742661834362
XWidth=44

[LeftLeg]
ThighAlpha=-0.157079637050629
ThighTheta=-0.461718916893005
LowerLegAlpha=-0.0142799615859985
LowerLegTheta=-0.395079076290131

[RightLeg]
ThighAlpha=0.0678298473358154
ThighTheta=0.574598729610443
LowerLegAlpha=0.0428399071097374
LowerLegTheta=0.282199382781982
