[%General]
Highest=149
CenterX=36.6516704938711
CenterY=76.801125521524
XWidth=45

[LeftLeg]
ThighAlpha=-0.00713998079299927
ThighTheta=-0.288999319076538
LowerLegAlpha=-0.121379718184471
LowerLegTheta=-0.132599666714668

[RightLeg]
ThighAlpha=0.046409897506237
ThighTheta=0.484838932752609
LowerLegAlpha=-0.00713998079299927
LowerLegTheta=-0.305319279432297
