[%General]
Highest=143
CenterX=27.5170428960197
CenterY=249.992188264777
XWidth=44

[LeftLeg]
ThighAlpha=-0.0464098900556564
ThighTheta=-0.312119245529175
LowerLegAlpha=-0.0999597683548927
LowerLegTheta=-0.627638518810272

[RightLeg]
ThighAlpha=0.0678298473358154
ThighTheta=0.454919010400772
LowerLegAlpha=0.0999597758054733
LowerLegTheta=0.169319659471512
