[%General]
Highest=147
CenterX=37.0528323232323
CenterY=107.652202020202
XWidth=46

[LeftLeg]
ThighAlpha=-0.0642598494887352
ThighTheta=-0.431798994541168
LowerLegAlpha=-0.0107099711894989
LowerLegTheta=-0.627638518810272

[RightLeg]
ThighAlpha=0.0499798879027367
ThighTheta=0.537878811359406
LowerLegAlpha=0.0428399071097374
LowerLegTheta=0.0863598436117172
