[%General]
Highest=147
CenterX=34.1778983797389
CenterY=156.036479471449
XWidth=54

[LeftLeg]
ThighAlpha=-0.117809727787971
ThighTheta=0.544678807258606
LowerLegAlpha=0.00713998824357986
LowerLegTheta=0.401879131793976

[RightLeg]
ThighAlpha=0.121379725635052
ThighTheta=-0.454918920993805
LowerLegAlpha=-0.0142799615859985
LowerLegTheta=-0.123079679906368
