[%General]
Highest=150
CenterX=34.6731734434562
CenterY=142.971060991105
XWidth=52

[LeftLeg]
ThighAlpha=-0.0785398185253143
ThighTheta=0.484838932752609
LowerLegAlpha=0.0606898665428162
LowerLegTheta=-0.10267972946167

[RightLeg]
ThighAlpha=0.0856798067688942
ThighTheta=-0.176119565963745
LowerLegAlpha=-0.0107099711894989
LowerLegTheta=-0.139399647712708
