[%General]
Highest=145
CenterX=33.2041874759892
CenterY=164.049462159047
XWidth=54

[LeftLeg]
ThighAlpha=-0.157079637050629
ThighTheta=0.60451865196228
LowerLegAlpha=-0.0642598494887352
LowerLegTheta=0.49163892865181

[RightLeg]
ThighAlpha=0.121379725635052
ThighTheta=-0.514758765697479
LowerLegAlpha=0.0285599380731583
LowerLegTheta=-0.282199323177338
