[%General]
Highest=143
CenterX=27.6395528455285
CenterY=254.790142276423
XWidth=43

[LeftLeg]
ThighAlpha=-0.00713998079299927
ThighTheta=-0.109479710459709
LowerLegAlpha=-0.0285599306225777
LowerLegTheta=-1.09955739974976

[RightLeg]
ThighAlpha=0.0856798067688942
ThighTheta=0.401879131793976
LowerLegAlpha=0.0856798067688942
LowerLegTheta=0.116279773414135
