[%General]
Highest=144
CenterX=26.6378234517925
CenterY=275.280947375484
XWidth=45

[LeftLeg]
ThighAlpha=-0.117809727787971
ThighTheta=0.401879131793976
LowerLegAlpha=-0.082109808921814
LowerLegTheta=-0.507958829402924

[RightLeg]
ThighAlpha=0.13922968506813
ThighTheta=0.0564399100840092
LowerLegAlpha=0.121379725635052
LowerLegTheta=-0.0863597691059113
