[%General]
Highest=148
CenterX=35.752380952381
CenterY=54.1711072158925
XWidth=51

[LeftLeg]
ThighAlpha=-0.0999597683548927
ThighTheta=0.288999378681183
LowerLegAlpha=-0.0499798804521561
LowerLegTheta=-0.176119565963745

[RightLeg]
ThighAlpha=0.0856798067688942
ThighTheta=-0.0496398508548737
LowerLegAlpha=0.0821098163723946
LowerLegTheta=-1.09955739974976
