[%General]
Highest=148
CenterX=29.3561972133613
CenterY=198.78840718642
XWidth=50

[LeftLeg]
ThighAlpha=-0.117809727787971
ThighTheta=0.0564399100840092
LowerLegAlpha=-0.0856797993183136
LowerLegTheta=0.176119640469551

[RightLeg]
ThighAlpha=0.13922968506813
ThighTheta=0.252279460430145
LowerLegAlpha=0.13922968506813
LowerLegTheta=-0.215559482574463
