[%General]
Highest=149
CenterX=34.6456346414959
CenterY=146.465082039621
XWidth=54

[LeftLeg]
ThighAlpha=-0.0392699092626572
ThighTheta=0.567798733711243
LowerLegAlpha=-0.0142799615859985
LowerLegTheta=-0.0496398508548737

[RightLeg]
ThighAlpha=0.121379725635052
ThighTheta=-0.282199323177338
LowerLegAlpha=-0.0142799615859985
LowerLegTheta=-0.0401198677718639
