[%General]
Highest=145
CenterX=27.8791824686607
CenterY=225.761036486259
XWidth=46

[LeftLeg]
ThighAlpha=-0.117809727787971
ThighTheta=-0.431798994541168
LowerLegAlpha=-0.0499798804521561
LowerLegTheta=-0.0564398318529129

[RightLeg]
ThighAlpha=-0.0214199498295784
ThighTheta=0.514758884906769
LowerLegAlpha=0.0428399071097374
LowerLegTheta=0.574598729610443
