[%General]
Highest=147
CenterX=29.4896306231944
CenterY=194.350581235383
XWidth=52

[LeftLeg]
ThighAlpha=-0.117809727787971
ThighTheta=0.199239581823349
LowerLegAlpha=-0.121379718184471
LowerLegTheta=0.116279773414135

[RightLeg]
ThighAlpha=0.0499798879027367
ThighTheta=0.123079754412174
LowerLegAlpha=-0.117809727787971
LowerLegTheta=-0.920037806034088
