[%General]
Highest=148
CenterX=36.4855143412035
CenterY=87.1297208802144
XWidth=46

[LeftLeg]
ThighAlpha=-0.0464098900556564
ThighTheta=-0.424998998641968
LowerLegAlpha=-0.0678298398852348
LowerLegTheta=-0.259079366922379

[RightLeg]
ThighAlpha=-0.00356999039649963
ThighTheta=0.544678807258606
LowerLegAlpha=-0.0107099711894989
LowerLegTheta=0.371959179639816
