[%General]
Highest=144
CenterX=27.6252824299457
CenterY=285.3954485104
XWidth=46

[LeftLeg]
ThighAlpha=-0.024989940226078
ThighTheta=0.484838932752609
LowerLegAlpha=0.021419957280159
LowerLegTheta=0.116279773414135

[RightLeg]
ThighAlpha=0.103529766201973
ThighTheta=-0.235959425568581
LowerLegAlpha=0.0999597758054733
LowerLegTheta=-0.0795597806572914
