[%General]
Highest=150
CenterX=35.0040608640344
CenterY=135.464014873526
XWidth=49

[LeftLeg]
ThighAlpha=-0.0785398185253143
ThighTheta=0.342039257287979
LowerLegAlpha=-0.0856797993183136
LowerLegTheta=-0.627638518810272

[RightLeg]
ThighAlpha=0.0678298473358154
ThighTheta=-0.00339995324611664
LowerLegAlpha=0.0856798067688942
LowerLegTheta=-0.0795597806572914
