[%General]
Highest=146
CenterX=33.6803555639763
CenterY=160.342727674624
XWidth=54

[LeftLeg]
ThighAlpha=-0.117809727787971
ThighTheta=0.537878811359406
LowerLegAlpha=-0.103529758751392
LowerLegTheta=0.551478803157806

[RightLeg]
ThighAlpha=0.13922968506813
ThighTheta=-0.484838873147964
LowerLegAlpha=-0.0142799615859985
LowerLegTheta=-0.206039488315582
