[%General]
Highest=150
CenterX=34.7494985194383
CenterY=139.238243066832
XWidth=52

[LeftLeg]
ThighAlpha=-0.103529758751392
ThighTheta=0.454919010400772
LowerLegAlpha=0.021419957280159
LowerLegTheta=-0.574598670005798

[RightLeg]
ThighAlpha=0.103529766201973
ThighTheta=-0.0863597691059113
LowerLegAlpha=0.00713998824357986
LowerLegTheta=-0.109479710459709
