[%General]
Highest=148
CenterX=35.6401055569037
CenterY=49.820689759767
XWidth=52

[LeftLeg]
ThighAlpha=-0.117809727787971
ThighTheta=0.312119334936142
LowerLegAlpha=-0.0642598494887352
LowerLegTheta=0.00340002961456776

[RightLeg]
ThighAlpha=0.121379725635052
ThighTheta=-0.229159444570541
LowerLegAlpha=0.0999597758054733
LowerLegTheta=-0.94995778799057
