[%General]
Highest=146
CenterX=36.4781746031746
CenterY=98.7290272858455
XWidth=46

[LeftLeg]
ThighAlpha=-0.082109808921814
ThighTheta=-0.514758765697479
LowerLegAlpha=-0.0285599306225777
LowerLegTheta=-0.38827908039093

[RightLeg]
ThighAlpha=0.0285599380731583
ThighTheta=0.60451865196228
LowerLegAlpha=0.0285599380731583
LowerLegTheta=0.245479479432106
