[%General]
Highest=133
CenterX=32.0637386471465
CenterY=309.619655686593
XWidth=40

[LeftLeg]
ThighAlpha=-0.0981747731566429
ThighTheta=-0.471238911151886
LowerLegAlpha=-0.0392699092626572
LowerLegTheta=-0.549778699874878

[RightLeg]
ThighAlpha=0.0981747731566429
ThighTheta=-0.392699092626572
LowerLegAlpha=0.0392699092626572
LowerLegTheta=-0.471238911151886
