[%General]
Highest=148
CenterX=32.1003650359084
CenterY=298.196107606237
XWidth=46

[LeftLeg]
ThighAlpha=-0.0981747731566429
ThighTheta=-0.314159274101257
LowerLegAlpha=-0.0785398185253143
LowerLegTheta=-0.549778699874878

[RightLeg]
ThighAlpha=0.0981747731566429
ThighTheta=-0.314159274101257
LowerLegAlpha=0.0981747731566429
LowerLegTheta=-0.314159274101257
