[%General]
Highest=157
CenterX=31.4457690247518
CenterY=121.008470670304
XWidth=54

[LeftLeg]
ThighAlpha=0
ThighTheta=0.392699092626572
LowerLegAlpha=0.0785398185253143
LowerLegTheta=-0.706858336925507

[RightLeg]
ThighAlpha=-0.0196349546313286
ThighTheta=0
LowerLegAlpha=0.0981747731566429
LowerLegTheta=0
