[%General]
Highest=153
CenterX=30.1341981885093
CenterY=259.671074963451
XWidth=49

[LeftLeg]
ThighAlpha=0.0196349546313286
ThighTheta=-0.235619455575943
LowerLegAlpha=-0.0981747731566429
LowerLegTheta=-0.785398185253143

[RightLeg]
ThighAlpha=0.0981747731566429
ThighTheta=0.392699092626572
LowerLegAlpha=0
LowerLegTheta=0
