[%General]
Highest=155
CenterX=29.6666718647662
CenterY=221.255263075819
XWidth=55

[LeftLeg]
ThighAlpha=-0.0785398185253143
ThighTheta=-0.392699092626572
LowerLegAlpha=-0.0981747731566429
LowerLegTheta=-0.157079637050629

[RightLeg]
ThighAlpha=0.0196349546313286
ThighTheta=0.471238911151886
LowerLegAlpha=-0.0589048638939857
LowerLegTheta=0.392699092626572
