[%General]
Highest=161
CenterX=34.7041853239514
CenterY=286.811185232569
XWidth=53

[LeftLeg]
ThighAlpha=-0.117809727787971
ThighTheta=0.674331784248352
LowerLegAlpha=-0.0142799615859985
LowerLegTheta=-0.030146561563015

[RightLeg]
ThighAlpha=0.0107099786400795
ThighTheta=-0.391905754804611
LowerLegAlpha=0.00356999784708023
LowerLegTheta=-0.534705400466919
