[%General]
Highest=176
CenterX=38.0525609642957
CenterY=232.342984378011
XWidth=63

[LeftLeg]
ThighAlpha=-0.0785398185253143
ThighTheta=-0.0785398185253143
LowerLegAlpha=0
LowerLegTheta=0.157079637050629

[RightLeg]
ThighAlpha=0.0589048638939857
ThighTheta=0
LowerLegAlpha=0.0785398185253143
LowerLegTheta=0.0785398185253143
