[%General]
Highest=179
CenterX=40.1665145841855
CenterY=63.9655895031623
XWidth=61

[LeftLeg]
ThighAlpha=0.121379725635052
ThighTheta=0.0396666079759598
LowerLegAlpha=-0.13922968506813
LowerLegTheta=-0.541052103042603

[RightLeg]
ThighAlpha=0.103529766201973
ThighTheta=-0.0364932343363762
LowerLegAlpha=0.0428399071097374
LowerLegTheta=-0.0364932343363762
