[%General]
Highest=179
CenterX=40.1950572815048
CenterY=68.7205525539047
XWidth=62

[LeftLeg]
ThighAlpha=0.0589048638939857
ThighTheta=-0.0392699092626572
LowerLegAlpha=-0.0589048638939857
LowerLegTheta=-0.117809727787971

[RightLeg]
ThighAlpha=0.0981747731566429
ThighTheta=-0.117809727787971
LowerLegAlpha=0.0392699092626572
LowerLegTheta=0
