[%General]
Highest=163
CenterX=35.0265704657392
CenterY=276.613946254212
XWidth=56

[LeftLeg]
ThighAlpha=-0.0606898590922356
ThighTheta=0.677505135536194
LowerLegAlpha=-0.082109808921814
LowerLegTheta=0.252279460430145

[RightLeg]
ThighAlpha=0.0856798067688942
ThighTheta=-0.461718916893005
LowerLegAlpha=0.0249899476766586
LowerLegTheta=-0.464892268180847
