[%General]
Highest=175
CenterX=40.1245251325722
CenterY=16.4145238630038
XWidth=53

[LeftLeg]
ThighAlpha=0.0321299284696579
ThighTheta=-0.322092592716217
LowerLegAlpha=-0.0499798804521561
LowerLegTheta=-0.0364932343363762

[RightLeg]
ThighAlpha=0.0678298473358154
ThighTheta=0.252279460430145
LowerLegAlpha=-0.082109808921814
LowerLegTheta=0.388732463121414
