[%General]
Highest=175
CenterX=41.1183615953173
CenterY=44.2038521208344
XWidth=60

[LeftLeg]
ThighAlpha=0.0981747731566429
ThighTheta=-0.353429168462753
LowerLegAlpha=-0.0196349546313286
LowerLegTheta=-0.746128261089325

[RightLeg]
ThighAlpha=0.0981747731566429
ThighTheta=0.510508835315704
LowerLegAlpha=0.0785398185253143
LowerLegTheta=-0.235619455575943
