[%General]
Highest=170
CenterX=36.0895288726537
CenterY=260.461375385268
XWidth=57

[LeftLeg]
ThighAlpha=-0.0981747731566429
ThighTheta=0.628318548202515
LowerLegAlpha=0
LowerLegTheta=0.510508835315704

[RightLeg]
ThighAlpha=0.0785398185253143
ThighTheta=-0.392699092626572
LowerLegAlpha=0.0785398185253143
LowerLegTheta=-0.274889349937439
