[%General]
Highest=156
CenterX=34.0567729476215
CenterY=301.425964608048
XWidth=51

[LeftLeg]
ThighAlpha=-0.0785398185253143
ThighTheta=0.31891930103302
LowerLegAlpha=0.00356999784708023
LowerLegTheta=-0.176119565963745

[RightLeg]
ThighAlpha=-0.0428398996591568
ThighTheta=-0.249106079339981
LowerLegAlpha=-0.0321299210190773
LowerLegTheta=-0.464892268180847
