[%General]
Highest=175
CenterX=41.1696516040014
CenterY=40.2505070714039
XWidth=59

[LeftLeg]
ThighAlpha=0.103529766201973
ThighTheta=-0.391905754804611
LowerLegAlpha=-0.0856797993183136
LowerLegTheta=-0.607691943645477

[RightLeg]
ThighAlpha=0.103529766201973
ThighTheta=0.322092622518539
LowerLegAlpha=0.0642598569393158
LowerLegTheta=0.176119610667229
