[%General]
Highest=175
CenterX=36.6792745866386
CenterY=244.525024690178
XWidth=62

[LeftLeg]
ThighAlpha=-0.024989940226078
ThighTheta=0.514758884906769
LowerLegAlpha=0.00356999784708023
LowerLegTheta=-0.0496398508548737

[RightLeg]
ThighAlpha=0.103529766201973
ThighTheta=-0.235959425568581
LowerLegAlpha=0.00356999784708023
LowerLegTheta=0.0102000124752522
