[%General]
Highest=173
CenterX=37.3551328554567
CenterY=206.056366410456
XWidth=62

[LeftLeg]
ThighAlpha=-0.0214199498295784
ThighTheta=-0.325265914201736
LowerLegAlpha=-0.0321299210190773
LowerLegTheta=-0.747318267822266

[RightLeg]
ThighAlpha=0.0678298473358154
ThighTheta=0.391905784606934
LowerLegAlpha=0.0821098163723946
LowerLegTheta=0.249106109142303
