[%General]
Highest=173
CenterX=38.3172626957074
CenterY=100.435257669421
XWidth=66

[LeftLeg]
ThighAlpha=-0.0785398185253143
ThighTheta=0.59771865606308
LowerLegAlpha=-0.0856797993183136
LowerLegTheta=0.401879131793976

[RightLeg]
ThighAlpha=0.13922968506813
ThighTheta=-0.507958829402924
LowerLegAlpha=0.021419957280159
LowerLegTheta=-0.355639159679413
