[%General]
Highest=178
CenterX=40.4986758987741
CenterY=59.3287711048817
XWidth=61

[LeftLeg]
ThighAlpha=0.0785398185253143
ThighTheta=0
LowerLegAlpha=-0.0589048638939857
LowerLegTheta=-0.746128261089325

[RightLeg]
ThighAlpha=0.0981747731566429
ThighTheta=0.157079637050629
LowerLegAlpha=0.0392699092626572
LowerLegTheta=-0.157079637050629
