[%General]
Highest=179
CenterX=40.1665145841855
CenterY=63.9655895031623
XWidth=61

[LeftLeg]
ThighAlpha=0.0981747731566429
ThighTheta=-0.0392699092626572
LowerLegAlpha=-0.0981747731566429
LowerLegTheta=-0.353429168462753

[RightLeg]
ThighAlpha=0.0981747731566429
ThighTheta=-0.0392699092626572
LowerLegAlpha=0.0392699092626572
LowerLegTheta=-0.0392699092626572
