[%General]
Highest=178
CenterX=36.8690527573957
CenterY=154.317925561938
XWidth=66

[LeftLeg]
ThighAlpha=-0.0606898590922356
ThighTheta=-0.0333198979496956
LowerLegAlpha=-0.157079637050629
LowerLegTheta=-0.179292917251587

[RightLeg]
ThighAlpha=0.0642598569393158
ThighTheta=0.391905784606934
LowerLegAlpha=-0.0142799615859985
LowerLegTheta=-0.322092592716217
