[%General]
Highest=176
CenterX=38.4084706831126
CenterY=227.681017288431
XWidth=64

[LeftLeg]
ThighAlpha=-0.00356999039649963
ThighTheta=-0.0364932343363762
LowerLegAlpha=0.00356999784708023
LowerLegTheta=-0.2459327429533

[RightLeg]
ThighAlpha=0.103529766201973
ThighTheta=0.106306441128254
LowerLegAlpha=0.046409897506237
LowerLegTheta=0.0333199352025986
