[%General]
Highest=176
CenterX=40.9684358798011
CenterY=47.9427838323987
XWidth=58

[LeftLeg]
ThighAlpha=0.121379725635052
ThighTheta=-0.2522794008255
LowerLegAlpha=-0.0499798804521561
LowerLegTheta=-0.886944591999054

[RightLeg]
ThighAlpha=0.13922968506813
ThighTheta=0.249106109142303
LowerLegAlpha=-0.00356999039649963
LowerLegTheta=0.106306441128254
