[%General]
Highest=173
CenterX=40.289797611148
CenterY=21.1164565361646
XWidth=54

[LeftLeg]
ThighAlpha=0.0107099786400795
ThighTheta=-0.464892268180847
LowerLegAlpha=-0.0856797993183136
LowerLegTheta=-0.0333198979496956

[RightLeg]
ThighAlpha=0.103529766201973
ThighTheta=0.395079135894775
LowerLegAlpha=-0.0678298398852348
LowerLegTheta=0.46171897649765
