[%General]
Highest=177
CenterX=40.7425977811645
CenterY=55.2144763375239
XWidth=60

[LeftLeg]
ThighAlpha=0.103529766201973
ThighTheta=-0.176119565963745
LowerLegAlpha=-0.0499798804521561
LowerLegTheta=-0.610865235328674

[RightLeg]
ThighAlpha=0.121379725635052
ThighTheta=0.179292947053909
LowerLegAlpha=0.00713998824357986
LowerLegTheta=-0.0364932343363762
