[%General]
Highest=175
CenterX=37.073653614962
CenterY=240.393255520217
XWidth=61

[LeftLeg]
ThighAlpha=-0.0589048638939857
ThighTheta=0.392699092626572
LowerLegAlpha=0.0196349546313286
LowerLegTheta=-0.157079637050629

[RightLeg]
ThighAlpha=0.0196349546313286
ThighTheta=-0.157079637050629
LowerLegAlpha=0.0981747731566429
LowerLegTheta=0
