[%General]
Highest=173
CenterX=41.0642037119482
CenterY=32.0975864308808
XWidth=56

[LeftLeg]
ThighAlpha=0.13922968506813
ThighTheta=-0.514758765697479
LowerLegAlpha=-0.157079637050629
LowerLegTheta=-0.282199323177338

[RightLeg]
ThighAlpha=0.13922968506813
ThighTheta=0.521558880805969
LowerLegAlpha=-0.0142799615859985
LowerLegTheta=0.079559862613678
