[%General]
Highest=172
CenterX=36.6821522783941
CenterY=187.769537093918
XWidth=64

[LeftLeg]
ThighAlpha=-0.082109808921814
ThighTheta=-0.531532108783722
LowerLegAlpha=-0.0142799615859985
LowerLegTheta=-0.255452752113342

[RightLeg]
ThighAlpha=0.121379725635052
ThighTheta=0.607692003250122
LowerLegAlpha=-0.0499798804521561
LowerLegTheta=0.315745949745178
