[%General]
Highest=179
CenterX=36.9728867516035
CenterY=149.872432840754
XWidth=67

[LeftLeg]
ThighAlpha=-0.0428398996591568
ThighTheta=-0.0364932343363762
LowerLegAlpha=-0.0499798804521561
LowerLegTheta=0.0364932715892792

[RightLeg]
ThighAlpha=0.103529766201973
ThighTheta=0.252279460430145
LowerLegAlpha=-0.0142799615859985
LowerLegTheta=-0.601345241069794
