[%General]
Highest=173
CenterX=36.3776177800584
CenterY=252.44446938841
XWidth=58

[LeftLeg]
ThighAlpha=-0.0214199498295784
ThighTheta=0.534705460071564
LowerLegAlpha=-0.0142799615859985
LowerLegTheta=0.391905784606934

[RightLeg]
ThighAlpha=0.0856798067688942
ThighTheta=-0.318919241428375
LowerLegAlpha=0.0499798879027367
LowerLegTheta=-0.182466238737106
