[%General]
Highest=175
CenterX=38.9904247569415
CenterY=92.7822280126643
XWidth=65

[LeftLeg]
ThighAlpha=-0.0392699092626572
ThighTheta=0.484838932752609
LowerLegAlpha=-0.103529758751392
LowerLegTheta=0.521558880805969

[RightLeg]
ThighAlpha=0.13922968506813
ThighTheta=-0.484838873147964
LowerLegAlpha=0.0285599380731583
LowerLegTheta=-0.222359463572502
