[%General]
Highest=173
CenterX=37.0374858090996
CenterY=201.38995138707
XWidth=61

[LeftLeg]
ThighAlpha=-0.0428398996591568
ThighTheta=-0.365159124135971
LowerLegAlpha=0.00356999784708023
LowerLegTheta=-0.657558441162109

[RightLeg]
ThighAlpha=0.103529766201973
ThighTheta=0.49163892865181
LowerLegAlpha=0.021419957280159
LowerLegTheta=0.222359538078308
