[%General]
Highest=176
CenterX=37.5942464953271
CenterY=236.521845794393
XWidth=63

[LeftLeg]
ThighAlpha=-0.0214199498295784
ThighTheta=0.179292947053909
LowerLegAlpha=-0.0678298398852348
LowerLegTheta=-0.106306403875351

[RightLeg]
ThighAlpha=0.13922968506813
ThighTheta=-0.106306403875351
LowerLegAlpha=0.0285599380731583
LowerLegTheta=0.0364932715892792
