[%General]
Highest=173
CenterX=37.0374858090996
CenterY=201.38995138707
XWidth=61

[LeftLeg]
ThighAlpha=-0.024989940226078
ThighTheta=-0.395079076290131
LowerLegAlpha=-0.0499798804521561
LowerLegTheta=-0.607691943645477

[RightLeg]
ThighAlpha=0.13922968506813
ThighTheta=0.391905784606934
LowerLegAlpha=-0.0142799615859985
LowerLegTheta=0.391905784606934
