[%General]
Highest=174
CenterX=37.6184831592661
CenterY=210.866576963328
XWidth=62

[LeftLeg]
ThighAlpha=-0.0214199498295784
ThighTheta=-0.179292917251587
LowerLegAlpha=-0.0142799615859985
LowerLegTheta=-0.890117883682251

[RightLeg]
ThighAlpha=0.121379725635052
ThighTheta=0.46489229798317
LowerLegAlpha=0.0321299284696579
LowerLegTheta=-0.0396665707230568
