[%General]
Highest=175
CenterX=41.1183615953173
CenterY=44.2038521208344
XWidth=60

[LeftLeg]
ThighAlpha=0.103529766201973
ThighTheta=-0.318919241428375
LowerLegAlpha=-0.0321299210190773
LowerLegTheta=-0.820304751396179

[RightLeg]
ThighAlpha=0.13922968506813
ThighTheta=0.325265944004059
LowerLegAlpha=-0.0142799615859985
LowerLegTheta=0.030146598815918
