[%General]
Highest=164
CenterX=35.5071394676675
CenterY=271.973840645356
XWidth=56

[LeftLeg]
ThighAlpha=-0.0606898590922356
ThighTheta=0.677505135536194
LowerLegAlpha=-0.13922968506813
LowerLegTheta=0.31891930103302

[RightLeg]
ThighAlpha=0.0142799690365791
ThighTheta=-0.391905754804611
LowerLegAlpha=0.0606898665428162
LowerLegTheta=-0.464892268180847
