[%General]
Highest=177
CenterX=36.965804263954
CenterY=145.328660872816
XWidth=67

[LeftLeg]
ThighAlpha=0.0107099786400795
ThighTheta=-0.0333198979496956
LowerLegAlpha=-0.13922968506813
LowerLegTheta=0.030146598815918

[RightLeg]
ThighAlpha=0.103529766201973
ThighTheta=-0.2459327429533
LowerLegAlpha=-0.103529758751392
LowerLegTheta=0.103133104741573
