[%General]
Highest=170
CenterX=36.2598109677264
CenterY=256.457885311855
XWidth=58

[LeftLeg]
ThighAlpha=-0.0981747731566429
ThighTheta=0.549778699874878
LowerLegAlpha=0.0392699092626572
LowerLegTheta=0.549778699874878

[RightLeg]
ThighAlpha=0.0785398185253143
ThighTheta=-0.431968986988068
LowerLegAlpha=0.0785398185253143
LowerLegTheta=-0.0785398185253143
