[%General]
Highest=173
CenterX=37.1254501842696
CenterY=123.84827653727
XWidth=67

[LeftLeg]
ThighAlpha=-0.0999597683548927
ThighTheta=0.468065619468689
LowerLegAlpha=-0.103529758751392
LowerLegTheta=0.030146598815918

[RightLeg]
ThighAlpha=0.0856798067688942
ThighTheta=-0.318919241428375
LowerLegAlpha=0.00356999784708023
LowerLegTheta=-0.750491619110107
