[%General]
Highest=175
CenterX=38.1875722877631
CenterY=218.773883876937
XWidth=63

[LeftLeg]
ThighAlpha=0.046409897506237
ThighTheta=-0.0364932343363762
LowerLegAlpha=-0.157079637050629
LowerLegTheta=-0.886944591999054

[RightLeg]
ThighAlpha=0.13922968506813
ThighTheta=0.249106109142303
LowerLegAlpha=0.0142799690365791
LowerLegTheta=0.106306441128254
