[%General]
Highest=173
CenterX=41.0642037119482
CenterY=32.0975864308808
XWidth=56

[LeftLeg]
ThighAlpha=0.121379725635052
ThighTheta=-0.534705400466919
LowerLegAlpha=-0.13922968506813
LowerLegTheta=-0.2522794008255

[RightLeg]
ThighAlpha=0.13922968506813
ThighTheta=0.531532108783722
LowerLegAlpha=-0.0142799615859985
LowerLegTheta=0.0396666079759598
