[%General]
Highest=179
CenterX=40.4638632829853
CenterY=77.1845776876944
XWidth=62

[LeftLeg]
ThighAlpha=0.0499798879027367
ThighTheta=0.322092622518539
LowerLegAlpha=-0.0142799615859985
LowerLegTheta=-0.182466238737106

[RightLeg]
ThighAlpha=0.13922968506813
ThighTheta=-0.109479740262032
LowerLegAlpha=-0.0107099711894989
LowerLegTheta=-0.2459327429533
