[%General]
Highest=179
CenterX=36.9728867516035
CenterY=149.872432840754
XWidth=67

[LeftLeg]
ThighAlpha=0.0196349546313286
ThighTheta=0
LowerLegAlpha=-0.0981747731566429
LowerLegTheta=0

[RightLeg]
ThighAlpha=0.0981747731566429
ThighTheta=0.235619455575943
LowerLegAlpha=0.0196349546313286
LowerLegTheta=0.0392699092626572
