[%General]
Highest=177
CenterX=36.6971207424067
CenterY=136.651726676528
XWidth=67

[LeftLeg]
ThighAlpha=-0.0981747731566429
ThighTheta=0.353429168462753
LowerLegAlpha=-0.0589048638939857
LowerLegTheta=-0.196349546313286

[RightLeg]
ThighAlpha=0.0589048638939857
ThighTheta=-0.314159274101257
LowerLegAlpha=-0.0196349546313286
LowerLegTheta=-0.314159274101257
