[%General]
Highest=177
CenterX=36.6971207424067
CenterY=136.651726676528
XWidth=67

[LeftLeg]
ThighAlpha=-0.0999597683548927
ThighTheta=0.322092622518539
LowerLegAlpha=-0.0856797993183136
LowerLegTheta=-0.182466238737106

[RightLeg]
ThighAlpha=0.0321299284696579
ThighTheta=-0.318919241428375
LowerLegAlpha=-0.0142799615859985
LowerLegTheta=-0.325265914201736
