[%General]
Highest=174
CenterX=36.5557103064067
CenterY=175.60056309342
XWidth=65

[LeftLeg]
ThighAlpha=-0.0999597683548927
ThighTheta=-0.391905754804611
LowerLegAlpha=0.00356999784708023
LowerLegTheta=-0.2459327429533

[RightLeg]
ThighAlpha=0.0321299284696579
ThighTheta=0.46489229798317
LowerLegAlpha=-0.0428398996591568
LowerLegTheta=0.674331784248352
