[%General]
Highest=175
CenterX=38.9904247569415
CenterY=92.7822280126643
XWidth=65

[LeftLeg]
ThighAlpha=-0.0214199498295784
ThighTheta=0.46489229798317
LowerLegAlpha=-0.121379718184471
LowerLegTheta=0.531532108783722

[RightLeg]
ThighAlpha=0.121379725635052
ThighTheta=-0.534705400466919
LowerLegAlpha=0.046409897506237
LowerLegTheta=-0.182466238737106
