[%General]
Highest=174
CenterX=40.5674442660409
CenterY=24.3209257086395
XWidth=54

[LeftLeg]
ThighAlpha=0.00713998824357986
ThighTheta=-0.534705400466919
LowerLegAlpha=-0.0642598494887352
LowerLegTheta=-0.0364932343363762

[RightLeg]
ThighAlpha=0.13922968506813
ThighTheta=0.46171897649765
LowerLegAlpha=-0.0785398185253143
LowerLegTheta=0.322092622518539
