[%General]
Highest=175
CenterX=40.1861517359317
CenterY=18.5273705399291
XWidth=54

[LeftLeg]
ThighAlpha=0.0821098163723946
ThighTheta=-0.391905754804611
LowerLegAlpha=-0.13922968506813
LowerLegTheta=-0.0364932343363762

[RightLeg]
ThighAlpha=0.0856798067688942
ThighTheta=0.322092622518539
LowerLegAlpha=-0.082109808921814
LowerLegTheta=0.458545625209808
