[%General]
Highest=172
CenterX=36.8025894171646
CenterY=183.528131404983
XWidth=64

[LeftLeg]
ThighAlpha=-0.0606898590922356
ThighTheta=-0.537878751754761
LowerLegAlpha=-0.0499798804521561
LowerLegTheta=-0.176119565963745

[RightLeg]
ThighAlpha=0.0499798879027367
ThighTheta=0.534705460071564
LowerLegAlpha=0.0107099786400795
LowerLegTheta=0.531532108783722
