[%General]
Highest=171
CenterX=36.6795481145271
CenterY=192.102280836973
XWidth=62

[LeftLeg]
ThighAlpha=-0.0999597683548927
ThighTheta=-0.484838873147964
LowerLegAlpha=0.00356999784708023
LowerLegTheta=-0.448118954896927

[RightLeg]
ThighAlpha=0.103529766201973
ThighTheta=0.544678807258606
LowerLegAlpha=0.00713998824357986
LowerLegTheta=0.342039257287979
