[%General]
Highest=175
CenterX=36.8019628781386
CenterY=128.343145382248
XWidth=67

[LeftLeg]
ThighAlpha=-0.0606898590922356
ThighTheta=0.391905784606934
LowerLegAlpha=-0.121379718184471
LowerLegTheta=0.0364932715892792

[RightLeg]
ThighAlpha=0.13922968506813
ThighTheta=-0.249106079339981
LowerLegAlpha=-0.0999597683548927
LowerLegTheta=-0.750491619110107
