[%General]
Highest=179
CenterX=40.1950572815048
CenterY=68.7205525539047
XWidth=62

[LeftLeg]
ThighAlpha=0.0678298473358154
ThighTheta=-0.030146561563015
LowerLegAlpha=-0.0856797993183136
LowerLegTheta=-0.112653076648712

[RightLeg]
ThighAlpha=0.121379725635052
ThighTheta=-0.106306403875351
LowerLegAlpha=0.0249899476766586
LowerLegTheta=0.0364932715892792
