[%General]
Highest=175
CenterX=38.4361538237944
CenterY=222.925587884777
XWidth=64

[LeftLeg]
ThighAlpha=0.00713998824357986
ThighTheta=0.245932787656784
LowerLegAlpha=-0.13922968506813
LowerLegTheta=-1.09955739974976

[RightLeg]
ThighAlpha=0.13922968506813
ThighTheta=0.249106109142303
LowerLegAlpha=0.00713998824357986
LowerLegTheta=-0.0333198979496956
