[%General]
Highest=172
CenterX=37.3211882397014
CenterY=119.028956752182
XWidth=66

[LeftLeg]
ThighAlpha=-0.0606898590922356
ThighTheta=0.537878811359406
LowerLegAlpha=-0.103529758751392
LowerLegTheta=0.103133104741573

[RightLeg]
ThighAlpha=0.0856798067688942
ThighTheta=-0.395079076290131
LowerLegAlpha=0.0821098163723946
LowerLegTheta=-0.67115843296051
