[%General]
Highest=175
CenterX=38.7174698321185
CenterY=96.6149026115693
XWidth=66

[LeftLeg]
ThighAlpha=-0.0606898590922356
ThighTheta=0.534705460071564
LowerLegAlpha=-0.0999597683548927
LowerLegTheta=0.531532108783722

[RightLeg]
ThighAlpha=0.121379725635052
ThighTheta=-0.531532108783722
LowerLegAlpha=0.00356999784708023
LowerLegTheta=-0.255452752113342
