[%General]
Highest=174
CenterX=36.7363449601918
CenterY=179.352775604799
XWidth=65

[LeftLeg]
ThighAlpha=-0.0606898590922356
ThighTheta=-0.461718916893005
LowerLegAlpha=-0.0642598494887352
LowerLegTheta=-0.215559482574463

[RightLeg]
ThighAlpha=0.0321299284696579
ThighTheta=0.514758884906769
LowerLegAlpha=-0.00713998079299927
LowerLegTheta=0.574598729610443
