[%General]
Highest=175
CenterX=38.1875722877631
CenterY=218.773883876937
XWidth=63

[LeftLeg]
ThighAlpha=0.046409897506237
ThighTheta=-0.0564398318529129
LowerLegAlpha=-0.157079637050629
LowerLegTheta=-0.837078034877777

[RightLeg]
ThighAlpha=0.0856798067688942
ThighTheta=0.229159519076347
LowerLegAlpha=0.0856798067688942
LowerLegTheta=0.116279773414135
