[%General]
Highest=174
CenterX=37.8070891131477
CenterY=214.882715829262
XWidth=63

[LeftLeg]
ThighAlpha=0.046409897506237
ThighTheta=-0.249106079339981
LowerLegAlpha=-0.103529758751392
LowerLegTheta=-0.677505135536194

[RightLeg]
ThighAlpha=0.121379725635052
ThighTheta=0.388732463121414
LowerLegAlpha=-0.0142799615859985
LowerLegTheta=-0.030146561563015
