[%General]
Highest=174
CenterX=41.1015881805854
CenterY=36.0821281761837
XWidth=58

[LeftLeg]
ThighAlpha=0.0642598569393158
ThighTheta=-0.531532108783722
LowerLegAlpha=-0.0999597683548927
LowerLegTheta=-0.325265914201736

[RightLeg]
ThighAlpha=0.13922968506813
ThighTheta=0.391905784606934
LowerLegAlpha=-0.00713998079299927
LowerLegTheta=0.179292947053909
