[%General]
Highest=173
CenterX=36.4990125455281
CenterY=248.583245649535
XWidth=60

[LeftLeg]
ThighAlpha=-0.024989940226078
ThighTheta=0.534705460071564
LowerLegAlpha=0.00356999784708023
LowerLegTheta=0.176119610667229

[RightLeg]
ThighAlpha=0.103529766201973
ThighTheta=-0.388732433319092
LowerLegAlpha=0.0107099786400795
LowerLegTheta=0.103133104741573
