[%General]
Highest=177
CenterX=40.975254266563
CenterY=51.4982296005474
XWidth=59

[LeftLeg]
ThighAlpha=0.0785398185253143
ThighTheta=-0.157079637050629
LowerLegAlpha=0.0196349546313286
LowerLegTheta=-0.785398185253143

[RightLeg]
ThighAlpha=0.0981747731566429
ThighTheta=0.196349546313286
LowerLegAlpha=0.0589048638939857
LowerLegTheta=0.0392699092626572
