[%General]
Highest=166
CenterX=35.8179391350774
CenterY=267.875727760405
XWidth=55

[LeftLeg]
ThighAlpha=-0.0428398996591568
ThighTheta=0.677505135536194
LowerLegAlpha=-0.117809727787971
LowerLegTheta=0.395079135894775

[RightLeg]
ThighAlpha=0.0856798067688942
ThighTheta=-0.464892268180847
LowerLegAlpha=0.0428399071097374
LowerLegTheta=-0.318919241428375
