[%General]
Highest=172
CenterX=37.4408453277859
CenterY=114.157469357922
XWidth=66

[LeftLeg]
ThighAlpha=-0.0606898590922356
ThighTheta=0.567798733711243
LowerLegAlpha=-0.157079637050629
LowerLegTheta=0.18291962146759

[RightLeg]
ThighAlpha=0.0856798067688942
ThighTheta=-0.484838873147964
LowerLegAlpha=0.0821098163723946
LowerLegTheta=-0.52155876159668
