[%General]
Highest=175
CenterX=40.1861517359317
CenterY=18.5273705399291
XWidth=54

[LeftLeg]
ThighAlpha=0.0589048638939857
ThighTheta=-0.314159274101257
LowerLegAlpha=-0.0785398185253143
LowerLegTheta=-0.117809727787971

[RightLeg]
ThighAlpha=0.0981747731566429
ThighTheta=0.314159274101257
LowerLegAlpha=-0.0981747731566429
LowerLegTheta=0.510508835315704
