[%General]
Highest=153
CenterX=34.1907108394982
CenterY=315.173753618527
XWidth=48

[LeftLeg]
ThighAlpha=-0.0999597683548927
ThighTheta=-0.0333198979496956
LowerLegAlpha=0.021419957280159
LowerLegTheta=-0.179292917251587

[RightLeg]
ThighAlpha=0.0499798879027367
ThighTheta=0.531532108783722
LowerLegAlpha=-0.117809727787971
LowerLegTheta=-0.890117883682251
