[%General]
Highest=168
CenterX=35.9367010907884
CenterY=264.077375471776
XWidth=57

[LeftLeg]
ThighAlpha=-0.082109808921814
ThighTheta=0.607692003250122
LowerLegAlpha=-0.0499798804521561
LowerLegTheta=0.534705460071564

[RightLeg]
ThighAlpha=0.103529766201973
ThighTheta=-0.461718916893005
LowerLegAlpha=0.0285599380731583
LowerLegTheta=-0.249106079339981
