[%General]
Highest=164
CenterX=35.5071394676675
CenterY=271.973840645356
XWidth=56

[LeftLeg]
ThighAlpha=-0.0981747731566429
ThighTheta=0.706858336925507
LowerLegAlpha=-0.0785398185253143
LowerLegTheta=0.274889349937439

[RightLeg]
ThighAlpha=0.0196349546313286
ThighTheta=-0.353429168462753
LowerLegAlpha=0.0981747731566429
LowerLegTheta=-0.510508835315704
