[%General]
Highest=172
CenterX=37.4408453277859
CenterY=114.157469357922
XWidth=66

[LeftLeg]
ThighAlpha=-0.0606898590922356
ThighTheta=0.607692003250122
LowerLegAlpha=-0.103529758751392
LowerLegTheta=0.103133104741573

[RightLeg]
ThighAlpha=0.0856798067688942
ThighTheta=-0.464892268180847
LowerLegAlpha=0.0999597758054733
LowerLegTheta=-0.601345241069794
