[%General]
Highest=175
CenterX=40.2812194963233
CenterY=14.2105377323702
XWidth=53

[LeftLeg]
ThighAlpha=0.0107099786400795
ThighTheta=-0.312119245529175
LowerLegAlpha=-0.0142799615859985
LowerLegTheta=-0.00339995324611664

[RightLeg]
ThighAlpha=0.0856798067688942
ThighTheta=0.169319659471512
LowerLegAlpha=-0.117809727787971
LowerLegTheta=0.288999378681183
