[%General]
Highest=178
CenterX=39.5264285411276
CenterY=85.3044938418247
XWidth=65

[LeftLeg]
ThighAlpha=0
ThighTheta=0.431968986988068
LowerLegAlpha=-0.0392699092626572
LowerLegTheta=0.117809727787971

[RightLeg]
ThighAlpha=0.0981747731566429
ThighTheta=-0.314159274101257
LowerLegAlpha=0.0589048638939857
LowerLegTheta=-0.235619455575943
