[%General]
Highest=174
CenterX=37.7338699508217
CenterY=109.456937497373
XWidth=67

[LeftLeg]
ThighAlpha=-0.0981747731566429
ThighTheta=0.549778699874878
LowerLegAlpha=-0.0785398185253143
LowerLegTheta=0.274889349937439

[RightLeg]
ThighAlpha=0.0981747731566429
ThighTheta=-0.549778699874878
LowerLegAlpha=0.0981747731566429
LowerLegTheta=-0.353429168462753
