[%General]
Highest=177
CenterX=40.5077868903156
CenterY=11.5754629457825
XWidth=52

[LeftLeg]
ThighAlpha=-0.157079637050629
ThighTheta=0.030146598815918
LowerLegAlpha=-0.13922968506813
LowerLegTheta=0.185639619827271

[RightLeg]
ThighAlpha=0.0678298473358154
ThighTheta=0.106306441128254
LowerLegAlpha=-0.0999597683548927
LowerLegTheta=0.103133104741573
