[%General]
Highest=175
CenterX=40.2812194963233
CenterY=14.2105377323702
XWidth=53

[LeftLeg]
ThighAlpha=0.0821098163723946
ThighTheta=-0.322092592716217
LowerLegAlpha=-0.13922968506813
LowerLegTheta=0.0364932715892792

[RightLeg]
ThighAlpha=0.0856798067688942
ThighTheta=0.179292947053909
LowerLegAlpha=-0.13922968506813
LowerLegTheta=0.31891930103302
