[%General]
Highest=178
CenterX=40.4986758987741
CenterY=59.3287711048817
XWidth=61

[LeftLeg]
ThighAlpha=0.0678298473358154
ThighTheta=-0.172946244478226
LowerLegAlpha=-0.0107099711894989
LowerLegTheta=-0.468065589666367

[RightLeg]
ThighAlpha=0.121379725635052
ThighTheta=0.106306441128254
LowerLegAlpha=0.0142799690365791
LowerLegTheta=-0.0364932343363762
