[%General]
Highest=175
CenterX=40.64697625284
CenterY=8.67286514333676
XWidth=51

[LeftLeg]
ThighAlpha=-0.157079637050629
ThighTheta=-0.0364932343363762
LowerLegAlpha=-0.157079637050629
LowerLegTheta=0.106306441128254

[RightLeg]
ThighAlpha=0.0856798067688942
ThighTheta=0.0364932715892792
LowerLegAlpha=-0.0999597683548927
LowerLegTheta=-0.0364932343363762
