[%General]
Highest=155
CenterX=34.1177600594894
CenterY=305.864083285136
XWidth=51

[LeftLeg]
ThighAlpha=-0.082109808921814
ThighTheta=0.235959500074387
LowerLegAlpha=0.00356999784708023
LowerLegTheta=-0.206039488315582

[RightLeg]
ThighAlpha=-0.0392699092626572
ThighTheta=-0.342039197683334
LowerLegAlpha=-0.0678298398852348
LowerLegTheta=-0.0931597501039505
