[%General]
Highest=178
CenterX=40.0586918233612
CenterY=81.2518022546901
XWidth=63

[LeftLeg]
ThighAlpha=0.046409897506237
ThighTheta=0.395079135894775
LowerLegAlpha=-0.0499798804521561
LowerLegTheta=-0.112653076648712

[RightLeg]
ThighAlpha=0.103529766201973
ThighTheta=-0.318919241428375
LowerLegAlpha=0.0428399071097374
LowerLegTheta=-0.182466238737106
