[%General]
Highest=178
CenterX=40.0586918233612
CenterY=81.2518022546901
XWidth=63

[LeftLeg]
ThighAlpha=0.046409897506237
ThighTheta=0.395079135894775
LowerLegAlpha=-0.0499798804521561
LowerLegTheta=-0.10267972946167

[RightLeg]
ThighAlpha=0.103529766201973
ThighTheta=-0.288999319076538
LowerLegAlpha=0.0606898665428162
LowerLegTheta=-0.132599666714668
