[%General]
Highest=174
CenterX=37.7338699508217
CenterY=109.456937497373
XWidth=67

[LeftLeg]
ThighAlpha=-0.0785398185253143
ThighTheta=0.544678807258606
LowerLegAlpha=-0.121379718184471
LowerLegTheta=0.371959179639816

[RightLeg]
ThighAlpha=0.121379725635052
ThighTheta=-0.395079076290131
LowerLegAlpha=0.0606898665428162
LowerLegTheta=-0.611318588256836
