[%General]
Highest=175
CenterX=40.1245251325722
CenterY=16.4145238630038
XWidth=53

[LeftLeg]
ThighAlpha=0.0642598569393158
ThighTheta=-0.342039197683334
LowerLegAlpha=-0.0999597683548927
LowerLegTheta=-0.0265199020504951

[RightLeg]
ThighAlpha=0.0678298473358154
ThighTheta=0.252279460430145
LowerLegAlpha=-0.0999597683548927
LowerLegTheta=0.438599050045013
