[%General]
Highest=174
CenterX=37.7338699508217
CenterY=109.456937497373
XWidth=67

[LeftLeg]
ThighAlpha=-0.0606898590922356
ThighTheta=0.534705460071564
LowerLegAlpha=-0.121379718184471
LowerLegTheta=0.322092622518539

[RightLeg]
ThighAlpha=0.121379725635052
ThighTheta=-0.395079076290131
LowerLegAlpha=0.0428399071097374
LowerLegTheta=-0.601345241069794
