[%General]
Highest=179
CenterX=40.3756908556993
CenterY=73.175192029032
XWidth=63

[LeftLeg]
ThighAlpha=0.0999597758054733
ThighTheta=0.249106109142303
LowerLegAlpha=-0.121379718184471
LowerLegTheta=-0.325265914201736

[RightLeg]
ThighAlpha=0.13922968506813
ThighTheta=-0.176119565963745
LowerLegAlpha=0.0428399071097374
LowerLegTheta=-0.0396665707230568
