[%General]
Highest=178
CenterX=36.6521757214855
CenterY=158.373307637382
XWidth=65

[LeftLeg]
ThighAlpha=-0.0589048638939857
ThighTheta=-0.0392699092626572
LowerLegAlpha=-0.0981747731566429
LowerLegTheta=-0.274889349937439

[RightLeg]
ThighAlpha=0.0589048638939857
ThighTheta=0.392699092626572
LowerLegAlpha=-0.0981747731566429
LowerLegTheta=-0.0392699092626572
