[%General]
Highest=173
CenterX=37.0374858090996
CenterY=201.38995138707
XWidth=61

[LeftLeg]
ThighAlpha=-0.0392699092626572
ThighTheta=-0.353429168462753
LowerLegAlpha=-0.0196349546313286
LowerLegTheta=-0.667588412761688

[RightLeg]
ThighAlpha=0.0981747731566429
ThighTheta=0.471238911151886
LowerLegAlpha=0.0589048638939857
LowerLegTheta=0.235619455575943
