[%General]
Highest=162
CenterX=35.0465735255107
CenterY=281.531523565302
XWidth=55

[LeftLeg]
ThighAlpha=-0.0606898590922356
ThighTheta=0.677505135536194
LowerLegAlpha=-0.0856797993183136
LowerLegTheta=0.109479777514935

[RightLeg]
ThighAlpha=0.0499798879027367
ThighTheta=-0.461718916893005
LowerLegAlpha=0.0249899476766586
LowerLegTheta=-0.468065589666367
