[%General]
Highest=155
CenterX=34.5080517688984
CenterY=296.981616484811
XWidth=52

[LeftLeg]
ThighAlpha=-0.0981747731566429
ThighTheta=0.431968986988068
LowerLegAlpha=0.0392699092626572
LowerLegTheta=-0.0785398185253143

[RightLeg]
ThighAlpha=-0.0196349546313286
ThighTheta=-0.510508835315704
LowerLegAlpha=-0.0196349546313286
LowerLegTheta=-0.353429168462753
