[%General]
Highest=174
CenterX=37.8070891131477
CenterY=214.882715829262
XWidth=63

[LeftLeg]
ThighAlpha=-0.0196349546313286
ThighTheta=-0.196349546313286
LowerLegAlpha=-0.0196349546313286
LowerLegTheta=-0.785398185253143

[RightLeg]
ThighAlpha=0.0392699092626572
ThighTheta=0.235619455575943
LowerLegAlpha=0.0981747731566429
LowerLegTheta=0.235619455575943
