[%General]
Highest=173
CenterX=36.3776177800584
CenterY=252.44446938841
XWidth=58

[LeftLeg]
ThighAlpha=-0.0392699092626572
ThighTheta=0.544678807258606
LowerLegAlpha=-0.0142799615859985
LowerLegTheta=0.371959179639816

[RightLeg]
ThighAlpha=0.0856798067688942
ThighTheta=-0.348839163780212
LowerLegAlpha=0.0321299284696579
LowerLegTheta=-0.0727597996592522
