[%General]
Highest=170
CenterX=36.2598109677264
CenterY=256.457885311855
XWidth=58

[LeftLeg]
ThighAlpha=-0.0214199498295784
ThighTheta=0.468065619468689
LowerLegAlpha=-0.0678298398852348
LowerLegTheta=0.674331784248352

[RightLeg]
ThighAlpha=0.0856798067688942
ThighTheta=-0.461718916893005
LowerLegAlpha=0.046409897506237
LowerLegTheta=-0.0396665707230568
