[%General]
Highest=178
CenterX=36.6521757214855
CenterY=158.373307637382
XWidth=65

[LeftLeg]
ThighAlpha=-0.0606898590922356
ThighTheta=-0.0333198979496956
LowerLegAlpha=-0.121379718184471
LowerLegTheta=-0.325265914201736

[RightLeg]
ThighAlpha=0.0321299284696579
ThighTheta=0.391905784606934
LowerLegAlpha=-0.0321299210190773
LowerLegTheta=-0.112653076648712
