[%General]
Highest=177
CenterX=36.6971207424067
CenterY=136.651726676528
XWidth=67

[LeftLeg]
ThighAlpha=-0.0392699092626572
ThighTheta=0.314159274101257
LowerLegAlpha=-0.0981747731566429
LowerLegTheta=-0.0785398185253143

[RightLeg]
ThighAlpha=0.0589048638939857
ThighTheta=-0.314159274101257
LowerLegAlpha=0
LowerLegTheta=-0.314159274101257
