[%General]
Highest=155
CenterX=34.1177600594894
CenterY=305.864083285136
XWidth=51

[LeftLeg]
ThighAlpha=-0.082109808921814
ThighTheta=0.245932787656784
LowerLegAlpha=0.00356999784708023
LowerLegTheta=-0.2459327429533

[RightLeg]
ThighAlpha=0.0142799690365791
ThighTheta=-0.391905754804611
LowerLegAlpha=-0.157079637050629
LowerLegTheta=-0.0333198979496956
