[%General]
Highest=170
CenterX=36.0895288726537
CenterY=260.461375385268
XWidth=57

[LeftLeg]
ThighAlpha=-0.0214199498295784
ThighTheta=0.677505135536194
LowerLegAlpha=-0.0856797993183136
LowerLegTheta=0.395079135894775

[RightLeg]
ThighAlpha=0.0678298473358154
ThighTheta=-0.391905754804611
LowerLegAlpha=0.0821098163723946
LowerLegTheta=-0.318919241428375
