[%General]
Highest=177
CenterX=40.975254266563
CenterY=51.4982296005474
XWidth=59

[LeftLeg]
ThighAlpha=0.103529766201973
ThighTheta=-0.2522794008255
LowerLegAlpha=-0.0321299210190773
LowerLegTheta=-0.744144916534424

[RightLeg]
ThighAlpha=0.13922968506813
ThighTheta=0.106306441128254
LowerLegAlpha=0.00713998824357986
LowerLegTheta=0.179292947053909
