[%General]
Highest=177
CenterX=40.7425977811645
CenterY=55.2144763375239
XWidth=60

[LeftLeg]
ThighAlpha=0.0981747731566429
ThighTheta=-0.157079637050629
LowerLegAlpha=-0.0392699092626572
LowerLegTheta=-0.706858336925507

[RightLeg]
ThighAlpha=0.0981747731566429
ThighTheta=0.157079637050629
LowerLegAlpha=0.0589048638939857
LowerLegTheta=0
