[%General]
Highest=175
CenterX=40.2812194963233
CenterY=14.2105377323702
XWidth=53

[LeftLeg]
ThighAlpha=0
ThighTheta=-0.314159274101257
LowerLegAlpha=0
LowerLegTheta=0

[RightLeg]
ThighAlpha=0.0785398185253143
ThighTheta=0.157079637050629
LowerLegAlpha=-0.0981747731566429
LowerLegTheta=0.314159274101257
