[%General]
Highest=176
CenterX=38.0525609642957
CenterY=232.342984378011
XWidth=63

[LeftLeg]
ThighAlpha=0.0321299284696579
ThighTheta=0.31891930103302
LowerLegAlpha=-0.13922968506813
LowerLegTheta=-0.817131459712982

[RightLeg]
ThighAlpha=0.0856798067688942
ThighTheta=-0.0333198979496956
LowerLegAlpha=0.00713998824357986
LowerLegTheta=0.103133104741573
