[%General]
Highest=177
CenterX=36.5684020555044
CenterY=166.948068797066
XWidth=67

[LeftLeg]
ThighAlpha=-0.0642598494887352
ThighTheta=-0.318919241428375
LowerLegAlpha=-0.082109808921814
LowerLegTheta=-0.112653076648712

[RightLeg]
ThighAlpha=0.0499798879027367
ThighTheta=0.46171897649765
LowerLegAlpha=-0.0678298398852348
LowerLegTheta=0.391905784606934
