[%General]
Highest=173
CenterX=36.4990125455281
CenterY=248.583245649535
XWidth=60

[LeftLeg]
ThighAlpha=-0.0392699092626572
ThighTheta=0.510508835315704
LowerLegAlpha=0.0196349546313286
LowerLegTheta=0.196349546313286

[RightLeg]
ThighAlpha=0.0981747731566429
ThighTheta=-0.353429168462753
LowerLegAlpha=0
LowerLegTheta=0.0392699092626572
