[%General]
Highest=177
CenterX=40.975254266563
CenterY=51.4982296005474
XWidth=59

[LeftLeg]
ThighAlpha=0.103529766201973
ThighTheta=-0.162519589066505
LowerLegAlpha=-0.0321299210190773
LowerLegTheta=-0.81395810842514

[RightLeg]
ThighAlpha=0.121379725635052
ThighTheta=0.206039562821388
LowerLegAlpha=0.00713998824357986
LowerLegTheta=0.0496399253606796
