[%General]
Highest=178
CenterX=36.948836021118
CenterY=140.792055860506
XWidth=66

[LeftLeg]
ThighAlpha=-0.0642598494887352
ThighTheta=-0.0364932343363762
LowerLegAlpha=-0.103529758751392
LowerLegTheta=0.325265944004059

[RightLeg]
ThighAlpha=0.103529766201973
ThighTheta=-0.318919241428375
LowerLegAlpha=-0.103529758751392
LowerLegTheta=-0.0396665707230568
