[%General]
Highest=179
CenterX=40.3756908556993
CenterY=73.175192029032
XWidth=63

[LeftLeg]
ThighAlpha=0.0999597758054733
ThighTheta=0.229159519076347
LowerLegAlpha=-0.103529758751392
LowerLegTheta=-0.215559482574463

[RightLeg]
ThighAlpha=0.13922968506813
ThighTheta=-0.206039488315582
LowerLegAlpha=0.0428399071097374
LowerLegTheta=0.0102000124752522
