[%General]
Highest=176
CenterX=39.3223637225023
CenterY=88.9891953811669
XWidth=65

[LeftLeg]
ThighAlpha=-0.0214199498295784
ThighTheta=0.534705460071564
LowerLegAlpha=-0.0678298398852348
LowerLegTheta=0.252279460430145

[RightLeg]
ThighAlpha=0.103529766201973
ThighTheta=-0.461718916893005
LowerLegAlpha=0.0428399071097374
LowerLegTheta=-0.182466238737106
