[%General]
Highest=173
CenterX=40.7662705954537
CenterY=27.9405668706882
XWidth=55

[LeftLeg]
ThighAlpha=0.0142799690365791
ThighTheta=-0.604518592357635
LowerLegAlpha=-0.0678298398852348
LowerLegTheta=-0.0396665707230568

[RightLeg]
ThighAlpha=0.13922968506813
ThighTheta=0.391905784606934
LowerLegAlpha=-0.0464098900556564
LowerLegTheta=0.388732463121414
