[%General]
Highest=175
CenterX=36.6792745866386
CenterY=244.525024690178
XWidth=62

[LeftLeg]
ThighAlpha=-0.024989940226078
ThighTheta=0.534705460071564
LowerLegAlpha=-0.0321299210190773
LowerLegTheta=-0.109479740262032

[RightLeg]
ThighAlpha=0.103529766201973
ThighTheta=-0.2459327429533
LowerLegAlpha=0.00356999784708023
LowerLegTheta=0.030146598815918
