[%General]
Highest=156
CenterX=34.4492046415123
CenterY=291.857719203873
XWidth=52

[LeftLeg]
ThighAlpha=-0.13922968506813
ThighTheta=0.60451865196228
LowerLegAlpha=0.00356999784708023
LowerLegTheta=-0.106306403875351

[RightLeg]
ThighAlpha=-0.024989940226078
ThighTheta=-0.391905754804611
LowerLegAlpha=-0.0142799615859985
LowerLegTheta=-0.607691943645477
