[%General]
Highest=173
CenterX=40.289797611148
CenterY=21.1164565361646
XWidth=54

[LeftLeg]
ThighAlpha=-0.00713998079299927
ThighTheta=-0.454918920993805
LowerLegAlpha=-0.0678298398852348
LowerLegTheta=-0.0632398128509521

[RightLeg]
ThighAlpha=0.0856798067688942
ThighTheta=0.365159213542938
LowerLegAlpha=-0.0499798804521561
LowerLegTheta=0.551478803157806
