[%General]
Highest=179
CenterX=40.4638632829853
CenterY=77.1845776876944
XWidth=62

[LeftLeg]
ThighAlpha=0.0392699092626572
ThighTheta=0.235619455575943
LowerLegAlpha=0.0196349546313286
LowerLegTheta=0

[RightLeg]
ThighAlpha=0.0981747731566429
ThighTheta=-0.157079637050629
LowerLegAlpha=0.0589048638939857
LowerLegTheta=-0.235619455575943
