[%General]
Highest=177
CenterX=36.565749407917
CenterY=162.432643509643
XWidth=67

[LeftLeg]
ThighAlpha=-0.0606898590922356
ThighTheta=-0.176119565963745
LowerLegAlpha=-0.121379718184471
LowerLegTheta=-0.179292917251587

[RightLeg]
ThighAlpha=0.0321299284696579
ThighTheta=0.46489229798317
LowerLegAlpha=-0.0321299210190773
LowerLegTheta=0.103133104741573
