[%General]
Highest=174
CenterX=37.6184831592661
CenterY=210.866576963328
XWidth=62

[LeftLeg]
ThighAlpha=0.0589048638939857
ThighTheta=-0.235619455575943
LowerLegAlpha=-0.0785398185253143
LowerLegTheta=-0.785398185253143

[RightLeg]
ThighAlpha=0.0981747731566429
ThighTheta=0.471238911151886
LowerLegAlpha=0.0785398185253143
LowerLegTheta=0
