[%General]
Highest=161
CenterX=34.7041853239514
CenterY=286.811185232569
XWidth=53

[LeftLeg]
ThighAlpha=-0.0981747731566429
ThighTheta=0.628318548202515
LowerLegAlpha=-0.0392699092626572
LowerLegTheta=0.0392699092626572

[RightLeg]
ThighAlpha=0.0196349546313286
ThighTheta=-0.392699092626572
LowerLegAlpha=0
LowerLegTheta=-0.589048624038696
