[%General]
Highest=179
CenterX=36.9728867516035
CenterY=149.872432840754
XWidth=67

[LeftLeg]
ThighAlpha=0.0285599380731583
ThighTheta=-0.0265199020504951
LowerLegAlpha=-0.157079637050629
LowerLegTheta=0.0265199784189463

[RightLeg]
ThighAlpha=0.103529766201973
ThighTheta=0.252279460430145
LowerLegAlpha=0.021419957280159
LowerLegTheta=-0.222359463572502
