[%General]
Highest=175
CenterX=41.1696516040014
CenterY=40.2505070714039
XWidth=59

[LeftLeg]
ThighAlpha=0.0981747731566429
ThighTheta=-0.392699092626572
LowerLegAlpha=-0.0981747731566429
LowerLegTheta=-0.628318548202515

[RightLeg]
ThighAlpha=0.0981747731566429
ThighTheta=0.314159274101257
LowerLegAlpha=0.0785398185253143
LowerLegTheta=0.235619455575943
