[%General]
Highest=174
CenterX=36.7363449601918
CenterY=179.352775604799
XWidth=65

[LeftLeg]
ThighAlpha=-0.0606898590922356
ThighTheta=-0.461718916893005
LowerLegAlpha=-0.0642598494887352
LowerLegTheta=-0.255452752113342

[RightLeg]
ThighAlpha=0.0499798879027367
ThighTheta=0.534705460071564
LowerLegAlpha=-0.0428398996591568
LowerLegTheta=0.534705460071564
