[%General]
Highest=154
CenterX=34.3086649312012
CenterY=310.45374401155
XWidth=49

[LeftLeg]
ThighAlpha=-0.082109808921814
ThighTheta=0.176119610667229
LowerLegAlpha=-0.13922968506813
LowerLegTheta=-0.318919241428375

[RightLeg]
ThighAlpha=0.0678298473358154
ThighTheta=-0.322092592716217
LowerLegAlpha=-0.0785398185253143
LowerLegTheta=0.109479777514935
