[%General]
Highest=174
CenterX=38.0039696705745
CenterY=104.902400365552
XWidth=67

[LeftLeg]
ThighAlpha=-0.0785398185253143
ThighTheta=0.514758884906769
LowerLegAlpha=-0.13922968506813
LowerLegTheta=0.401879131793976

[RightLeg]
ThighAlpha=0.13922968506813
ThighTheta=-0.491638839244843
LowerLegAlpha=0.0428399071097374
LowerLegTheta=-0.424998998641968
