[%General]
Highest=176
CenterX=36.646635712931
CenterY=132.428777140128
XWidth=66

[LeftLeg]
ThighAlpha=-0.0606898590922356
ThighTheta=0.395079135894775
LowerLegAlpha=-0.103529758751392
LowerLegTheta=-0.109479740262032

[RightLeg]
ThighAlpha=0.0821098163723946
ThighTheta=-0.176119565963745
LowerLegAlpha=-0.0499798804521561
LowerLegTheta=-0.680678427219391
