[%General]
Highest=177
CenterX=36.5684020555044
CenterY=166.948068797066
XWidth=67

[LeftLeg]
ThighAlpha=-0.117809727787971
ThighTheta=-0.229159444570541
LowerLegAlpha=0.00713998824357986
LowerLegTheta=-0.2522794008255

[RightLeg]
ThighAlpha=0.0499798879027367
ThighTheta=0.431799054145813
LowerLegAlpha=-0.0856797993183136
LowerLegTheta=0.431799054145813
