[%General]
Highest=177
CenterX=40.5077868903156
CenterY=11.5754629457825
XWidth=52

[LeftLeg]
ThighAlpha=-0.157079637050629
ThighTheta=-0.109479710459709
LowerLegAlpha=-0.13922968506813
LowerLegTheta=0.484838932752609

[RightLeg]
ThighAlpha=0.0856798067688942
ThighTheta=0.146199703216553
LowerLegAlpha=-0.117809727787971
LowerLegTheta=0.0197199955582619
