[%General]
Highest=156
CenterX=34.0567729476215
CenterY=301.425964608048
XWidth=51

[LeftLeg]
ThighAlpha=-0.0785398185253143
ThighTheta=0.288999378681183
LowerLegAlpha=0.021419957280159
LowerLegTheta=-0.0863597691059113

[RightLeg]
ThighAlpha=-0.0606898590922356
ThighTheta=-0.169319570064545
LowerLegAlpha=-0.0499798804521561
LowerLegTheta=-0.604518592357635
