[%General]
Highest=164
CenterX=33.1236392142942
CenterY=237.76532363034
XWidth=55

[LeftLeg]
ThighAlpha=-0.0464098900556564
ThighTheta=-0.318919241428375
LowerLegAlpha=-0.0678298398852348
LowerLegTheta=-0.255452752113342

[RightLeg]
ThighAlpha=0.0321299284696579
ThighTheta=0.391905784606934
LowerLegAlpha=0.00356999784708023
LowerLegTheta=0.245932787656784
