[%General]
Highest=168
CenterX=37.9540900724587
CenterY=16.6414459122574
XWidth=47

[LeftLeg]
ThighAlpha=-0.00356999039649963
ThighTheta=0.179292947053909
LowerLegAlpha=-0.0321299210190773
LowerLegTheta=-0.395079076290131

[RightLeg]
ThighAlpha=0.13922968506813
ThighTheta=-0.179292917251587
LowerLegAlpha=0.0107099786400795
LowerLegTheta=-0.106306403875351
