[%General]
Highest=169
CenterX=36.5504013890526
CenterY=158.415954812917
XWidth=59

[LeftLeg]
ThighAlpha=-0.024989940226078
ThighTheta=0.388732463121414
LowerLegAlpha=0.00713998824357986
LowerLegTheta=-0.10313306748867

[RightLeg]
ThighAlpha=0.13922968506813
ThighTheta=-0.179292917251587
LowerLegAlpha=0.00713998824357986
LowerLegTheta=-0.2459327429533
