[%General]
Highest=165
CenterX=33.8239883993923
CenterY=230.280748515398
XWidth=55

[LeftLeg]
ThighAlpha=-0.0428398996591568
ThighTheta=-0.249106079339981
LowerLegAlpha=-0.0999597683548927
LowerLegTheta=-0.0333198979496956

[RightLeg]
ThighAlpha=0.0678298473358154
ThighTheta=0.46171897649765
LowerLegAlpha=0.0142799690365791
LowerLegTheta=-0.395079076290131
