[%General]
Highest=169
CenterX=36.1744463663605
CenterY=73.4318220576412
XWidth=53

[LeftLeg]
ThighAlpha=-0.0464098900556564
ThighTheta=0.0364932715892792
LowerLegAlpha=-0.0499798804521561
LowerLegTheta=-0.106306403875351

[RightLeg]
ThighAlpha=0.103529766201973
ThighTheta=0.176119610667229
LowerLegAlpha=-0.0214199498295784
LowerLegTheta=-0.956757783889771
