[%General]
Highest=168
CenterX=36.6504224331242
CenterY=142.367641396181
XWidth=55

[LeftLeg]
ThighAlpha=0.0107099786400795
ThighTheta=0.0863598436117172
LowerLegAlpha=-0.0321299210190773
LowerLegTheta=-1.0097975730896

[RightLeg]
ThighAlpha=0.0678298473358154
ThighTheta=0.146199703216553
LowerLegAlpha=0.0428399071097374
LowerLegTheta=-0.182919546961784
