[%General]
Highest=167
CenterX=36.4982508684285
CenterY=138.436693711719
XWidth=57

[LeftLeg]
ThighAlpha=-0.00356999039649963
ThighTheta=0.0333199352025986
LowerLegAlpha=-0.0142799615859985
LowerLegTheta=-1.09955739974976

[RightLeg]
ThighAlpha=0.0856798067688942
ThighTheta=0.176119610667229
LowerLegAlpha=0.0428399071097374
LowerLegTheta=-0.0999597311019897
