[%General]
Highest=168
CenterX=36.1416465036775
CenterY=69.409362849542
XWidth=54

[LeftLeg]
ThighAlpha=-0.0428398996591568
ThighTheta=0.106306441128254
LowerLegAlpha=-0.0499798804521561
LowerLegTheta=-0.030146561563015

[RightLeg]
ThighAlpha=0.13922968506813
ThighTheta=0.106306441128254
LowerLegAlpha=-0.103529758751392
LowerLegTheta=-1.02974426746368
