[%General]
Highest=166
CenterX=34.2265473583528
CenterY=226.786679755342
XWidth=55

[LeftLeg]
ThighAlpha=-0.0464098900556564
ThighTheta=-0.176119565963745
LowerLegAlpha=-0.117809727787971
LowerLegTheta=-0.0396665707230568

[RightLeg]
ThighAlpha=0.0678298473358154
ThighTheta=0.391905784606934
LowerLegAlpha=-0.0285599306225777
LowerLegTheta=-0.458545595407486
