[%General]
Highest=164
CenterX=35.408352966374
CenterY=122.039294638395
XWidth=56

[LeftLeg]
ThighAlpha=-0.0464098900556564
ThighTheta=-0.391905754804611
LowerLegAlpha=0.0428399071097374
LowerLegTheta=-0.677505135536194

[RightLeg]
ThighAlpha=0.0321299284696579
ThighTheta=0.391905784606934
LowerLegAlpha=0.0428399071097374
LowerLegTheta=0.109479777514935
