[%General]
Highest=161
CenterX=33.3032472843634
CenterY=281.346496577652
XWidth=44

[LeftLeg]
ThighAlpha=0.0499798879027367
ThighTheta=-0.229159444570541
LowerLegAlpha=-0.0678298398852348
LowerLegTheta=-0.866998016834259

[RightLeg]
ThighAlpha=0.0678298473358154
ThighTheta=0.408679097890854
LowerLegAlpha=-0.0107099711894989
LowerLegTheta=-0.24275940656662
