[%General]
Highest=150
CenterX=33.6322927273121
CenterY=305.047791329968
XWidth=39

[LeftLeg]
ThighAlpha=-0.157079637050629
ThighTheta=-0.176119565963745
LowerLegAlpha=-0.13922968506813
LowerLegTheta=-0.342039197683334

[RightLeg]
ThighAlpha=-0.00713998079299927
ThighTheta=-0.259079366922379
LowerLegAlpha=0.0821098163723946
LowerLegTheta=-0.0564398318529129
