[%General]
Highest=160
CenterX=32.4936359590565
CenterY=261.672155466548
XWidth=50

[LeftLeg]
ThighAlpha=-0.0785398185253143
ThighTheta=-0.471238911151886
LowerLegAlpha=0
LowerLegTheta=-0.431968986988068

[RightLeg]
ThighAlpha=0.0196349546313286
ThighTheta=0.392699092626572
LowerLegAlpha=0.0392699092626572
LowerLegTheta=0.392699092626572
