[%General]
Highest=164
CenterX=35.0712621625325
CenterY=176.582910785254
XWidth=58

[LeftLeg]
ThighAlpha=-0.0999597683548927
ThighTheta=0.46489229798317
LowerLegAlpha=-0.082109808921814
LowerLegTheta=0.46171897649765

[RightLeg]
ThighAlpha=0.121379725635052
ThighTheta=-0.461718916893005
LowerLegAlpha=0.0428399071097374
LowerLegTheta=-0.395079076290131
