[%General]
Highest=164
CenterX=34.8986761096133
CenterY=109.575751478814
XWidth=53

[LeftLeg]
ThighAlpha=-0.0214199498295784
ThighTheta=-0.461718916893005
LowerLegAlpha=-0.0142799615859985
LowerLegTheta=-0.478038877248764

[RightLeg]
ThighAlpha=0.0321299284696579
ThighTheta=0.484838932752609
LowerLegAlpha=-0.0142799615859985
LowerLegTheta=0.259079456329346
