[%General]
Highest=165
CenterX=37.41193789122
CenterY=34.1530446358854
XWidth=52

[LeftLeg]
ThighAlpha=-0.0785398185253143
ThighTheta=0.388732463121414
LowerLegAlpha=0.00713998824357986
LowerLegTheta=0.325265944004059

[RightLeg]
ThighAlpha=0.13922968506813
ThighTheta=-0.534705400466919
LowerLegAlpha=0.00713998824357986
LowerLegTheta=-0.249106079339981
