[%General]
Highest=170
CenterX=36.1084630533221
CenterY=77.9671111222608
XWidth=53

[LeftLeg]
ThighAlpha=-0.024989940226078
ThighTheta=-0.0364932343363762
LowerLegAlpha=-0.157079637050629
LowerLegTheta=-0.179292917251587

[RightLeg]
ThighAlpha=0.103529766201973
ThighTheta=0.179292947053909
LowerLegAlpha=0.0142799690365791
LowerLegTheta=-0.464892268180847
