[%General]
Highest=167
CenterX=37.8168109942225
CenterY=27.4000995663623
XWidth=50

[LeftLeg]
ThighAlpha=-0.0214199498295784
ThighTheta=0.31891930103302
LowerLegAlpha=-0.0142799615859985
LowerLegTheta=0.249106109142303

[RightLeg]
ThighAlpha=0.121379725635052
ThighTheta=-0.461718916893005
LowerLegAlpha=-0.00713998079299927
LowerLegTheta=-0.112653076648712
