[%General]
Highest=169
CenterX=36.3223979670077
CenterY=154.685620084562
XWidth=58

[LeftLeg]
ThighAlpha=-0.00356999039649963
ThighTheta=0.245932787656784
LowerLegAlpha=-0.0678298398852348
LowerLegTheta=-0.315745919942856

[RightLeg]
ThighAlpha=0.13922968506813
ThighTheta=-0.176119565963745
LowerLegAlpha=-0.0107099711894989
LowerLegTheta=-0.109479740262032
