[%General]
Highest=167
CenterX=35.9051449749292
CenterY=165.999127970351
XWidth=59

[LeftLeg]
ThighAlpha=-0.0785398185253143
ThighTheta=0.391905784606934
LowerLegAlpha=-0.0142799615859985
LowerLegTheta=0.249106109142303

[RightLeg]
ThighAlpha=0.13922968506813
ThighTheta=-0.388732433319092
LowerLegAlpha=-0.00713998079299927
LowerLegTheta=-0.182466238737106
