[%General]
Highest=150
CenterX=33.6322927273121
CenterY=305.047791329968
XWidth=39

[LeftLeg]
ThighAlpha=-0.157079637050629
ThighTheta=-0.176119565963745
LowerLegAlpha=-0.121379718184471
LowerLegTheta=-0.322092592716217

[RightLeg]
ThighAlpha=0.0142799690365791
ThighTheta=-0.249106079339981
LowerLegAlpha=0.0642598569393158
LowerLegTheta=-0.109479740262032
