[%General]
Highest=164
CenterX=35.6863255397445
CenterY=126.877065580881
XWidth=57

[LeftLeg]
ThighAlpha=-0.00356999039649963
ThighTheta=-0.322092592716217
LowerLegAlpha=0.00356999784708023
LowerLegTheta=-0.817131459712982

[RightLeg]
ThighAlpha=0.0499798879027367
ThighTheta=0.391905784606934
LowerLegAlpha=0.0249899476766586
LowerLegTheta=-0.030146561563015
