[%General]
Highest=162
CenterX=33.0800574771631
CenterY=242.059925807539
XWidth=54

[LeftLeg]
ThighAlpha=-0.0785398185253143
ThighTheta=-0.431798994541168
LowerLegAlpha=0.00356999784708023
LowerLegTheta=-0.132599666714668

[RightLeg]
ThighAlpha=0.0321299284696579
ThighTheta=0.401879131793976
LowerLegAlpha=-0.0285599306225777
LowerLegTheta=0.424999058246613
