[%General]
Highest=164
CenterX=33.3562801932367
CenterY=211.330241015024
XWidth=54

[LeftLeg]
ThighAlpha=-0.0981747731566429
ThighTheta=0.157079637050629
LowerLegAlpha=-0.0196349546313286
LowerLegTheta=0.0392699092626572

[RightLeg]
ThighAlpha=-0.0196349546313286
ThighTheta=-0.117809727787971
LowerLegAlpha=0
LowerLegTheta=-0.746128261089325
