[%General]
Highest=168
CenterX=37.9246033581572
CenterY=20.3625745871687
XWidth=48

[LeftLeg]
ThighAlpha=-0.0196349546313286
ThighTheta=0.235619455575943
LowerLegAlpha=0.0589048638939857
LowerLegTheta=-0.0785398185253143

[RightLeg]
ThighAlpha=0.0981747731566429
ThighTheta=-0.314159274101257
LowerLegAlpha=-0.0196349546313286
LowerLegTheta=-0.0785398185253143
