[%General]
Highest=164
CenterX=36.9927599226687
CenterY=37.5772988543032
XWidth=52

[LeftLeg]
ThighAlpha=-0.0606898590922356
ThighTheta=0.46489229798317
LowerLegAlpha=-0.0499798804521561
LowerLegTheta=0.245932787656784

[RightLeg]
ThighAlpha=0.13922968506813
ThighTheta=-0.534705400466919
LowerLegAlpha=0.0107099786400795
LowerLegTheta=-0.322092592716217
