[%General]
Highest=167
CenterX=35.5120469508089
CenterY=99.1351897411933
XWidth=56

[LeftLeg]
ThighAlpha=-0.00713998079299927
ThighTheta=-0.438598960638046
LowerLegAlpha=-0.0678298398852348
LowerLegTheta=-0.215559482574463

[RightLeg]
ThighAlpha=0.0499798879027367
ThighTheta=0.371959179639816
LowerLegAlpha=-0.0785398185253143
LowerLegTheta=0.259079456329346
