[%General]
Highest=167
CenterX=35.5120469508089
CenterY=99.1351897411933
XWidth=56

[LeftLeg]
ThighAlpha=-0.0392699092626572
ThighTheta=-0.431968986988068
LowerLegAlpha=-0.0196349546313286
LowerLegTheta=-0.235619455575943

[RightLeg]
ThighAlpha=0.0589048638939857
ThighTheta=0.353429168462753
LowerLegAlpha=-0.0785398185253143
LowerLegTheta=0.274889349937439
