[%General]
Highest=160
CenterX=32.9697453384604
CenterY=276.860741493144
XWidth=46

[LeftLeg]
ThighAlpha=0.0196349546313286
ThighTheta=-0.314159274101257
LowerLegAlpha=-0.0392699092626572
LowerLegTheta=-0.785398185253143

[RightLeg]
ThighAlpha=0.0392699092626572
ThighTheta=0.314159274101257
LowerLegAlpha=0
LowerLegTheta=0.0785398185253143
