[%General]
Highest=168
CenterX=38.4851282857255
CenterY=11.7977289693922
XWidth=47

[LeftLeg]
ThighAlpha=-0.0785398185253143
ThighTheta=-0.0364932343363762
LowerLegAlpha=-0.13922968506813
LowerLegTheta=-0.179292917251587

[RightLeg]
ThighAlpha=0.13922968506813
ThighTheta=-0.106306403875351
LowerLegAlpha=0.00713998824357986
LowerLegTheta=-0.109479740262032
