[%General]
Highest=156
CenterX=33.9372043918919
CenterY=291.519876126126
XWidth=46

[LeftLeg]
ThighAlpha=-0.0392699092626572
ThighTheta=-0.146199628710747
LowerLegAlpha=0.021419957280159
LowerLegTheta=-0.192439526319504

[RightLeg]
ThighAlpha=0.13922968506813
ThighTheta=0.18291962146759
LowerLegAlpha=-0.0107099711894989
LowerLegTheta=-0.212839469313622
