[%General]
Highest=168
CenterX=38.2034530021401
CenterY=13.794731526679
XWidth=47

[LeftLeg]
ThighAlpha=0.0321299284696579
ThighTheta=0.103133104741573
LowerLegAlpha=-0.0464098900556564
LowerLegTheta=-0.388732433319092

[RightLeg]
ThighAlpha=0.13922968506813
ThighTheta=-0.106306403875351
LowerLegAlpha=0.0249899476766586
LowerLegTheta=-0.106306403875351
