[%General]
Highest=166
CenterX=37.6568807107561
CenterY=30.8383358398524
XWidth=51

[LeftLeg]
ThighAlpha=-0.0589048638939857
ThighTheta=0.392699092626572
LowerLegAlpha=0
LowerLegTheta=0.314159274101257

[RightLeg]
ThighAlpha=0.0981747731566429
ThighTheta=-0.471238911151886
LowerLegAlpha=0.0589048638939857
LowerLegTheta=-0.235619455575943
