[%General]
Highest=163
CenterX=33.4988507206807
CenterY=193.452536668995
XWidth=53

[LeftLeg]
ThighAlpha=-0.0981747731566429
ThighTheta=0.510508835315704
LowerLegAlpha=-0.0392699092626572
LowerLegTheta=0.0785398185253143

[RightLeg]
ThighAlpha=0.0589048638939857
ThighTheta=-0.431968986988068
LowerLegAlpha=0.0196349546313286
LowerLegTheta=-0.628318548202515
