[%General]
Highest=155
CenterX=33.6000366382955
CenterY=295.02249027676
XWidth=47

[LeftLeg]
ThighAlpha=-0.0785398185253143
ThighTheta=-0.0265199020504951
LowerLegAlpha=-0.13922968506813
LowerLegTheta=-0.0197199191898108

[RightLeg]
ThighAlpha=0.13922968506813
ThighTheta=0.0333199612796307
LowerLegAlpha=-0.00713998079299927
LowerLegTheta=-0.0863597691059113
