[%General]
Highest=164
CenterX=36.8478910345202
CenterY=44.4606724788832
XWidth=52

[LeftLeg]
ThighAlpha=-0.0999597683548927
ThighTheta=0.534705460071564
LowerLegAlpha=-0.0321299210190773
LowerLegTheta=0.103133104741573

[RightLeg]
ThighAlpha=0.13922968506813
ThighTheta=-0.464892268180847
LowerLegAlpha=0.0285599380731583
LowerLegTheta=-0.531532108783722
