[%General]
Highest=164
CenterX=33.3562801932367
CenterY=211.330241015024
XWidth=54

[LeftLeg]
ThighAlpha=-0.0785398185253143
ThighTheta=0.157079637050629
LowerLegAlpha=-0.0392699092626572
LowerLegTheta=0.0785398185253143

[RightLeg]
ThighAlpha=-0.0392699092626572
ThighTheta=0
LowerLegAlpha=0
LowerLegTheta=-0.785398185253143
