[%General]
Highest=164
CenterX=34.91322090791
CenterY=180.237909668816
XWidth=57

[LeftLeg]
ThighAlpha=-0.0214199498295784
ThighTheta=0.534705460071564
LowerLegAlpha=-0.157079637050629
LowerLegTheta=0.31891930103302

[RightLeg]
ThighAlpha=0.121379725635052
ThighTheta=-0.461718916893005
LowerLegAlpha=0.00356999784708023
LowerLegTheta=-0.395079076290131
