[%General]
Highest=147
CenterX=33.491576455446
CenterY=307.367349284056
XWidth=40

[LeftLeg]
ThighAlpha=-0.157079637050629
ThighTheta=-0.288999319076538
LowerLegAlpha=-0.13922968506813
LowerLegTheta=-0.282199323177338

[RightLeg]
ThighAlpha=0.046409897506237
ThighTheta=-0.288999319076538
LowerLegAlpha=-0.00356999039649963
LowerLegTheta=-0.139399647712708
