[%General]
Highest=160
CenterX=32.4936359590565
CenterY=261.672155466548
XWidth=50

[LeftLeg]
ThighAlpha=-0.082109808921814
ThighTheta=-0.461718916893005
LowerLegAlpha=0.00356999784708023
LowerLegTheta=-0.464892268180847

[RightLeg]
ThighAlpha=0.0321299284696579
ThighTheta=0.395079135894775
LowerLegAlpha=0.0428399071097374
LowerLegTheta=0.388732463121414
