[%General]
Highest=168
CenterX=38.2034530021401
CenterY=13.794731526679
XWidth=47

[LeftLeg]
ThighAlpha=0.0321299284696579
ThighTheta=0.0632398948073387
LowerLegAlpha=-0.0642598494887352
LowerLegTheta=-0.318919241428375

[RightLeg]
ThighAlpha=0.13922968506813
ThighTheta=-0.116279698908329
LowerLegAlpha=-0.0107099711894989
LowerLegTheta=-0.116279698908329
