[%General]
Highest=167
CenterX=36.9007781002609
CenterY=62.6793300884256
XWidth=53

[LeftLeg]
ThighAlpha=-0.0392699092626572
ThighTheta=0.235619455575943
LowerLegAlpha=-0.0589048638939857
LowerLegTheta=0

[RightLeg]
ThighAlpha=0.0785398185253143
ThighTheta=-0.314159274101257
LowerLegAlpha=0.0589048638939857
LowerLegTheta=-0.706858336925507
