[%General]
Highest=169
CenterX=36.2620800447021
CenterY=91.3522385974715
XWidth=56

[LeftLeg]
ThighAlpha=-0.0107099711894989
ThighTheta=-0.318919241428375
LowerLegAlpha=-0.0856797993183136
LowerLegTheta=-0.182466238737106

[RightLeg]
ThighAlpha=0.0821098163723946
ThighTheta=0.322092622518539
LowerLegAlpha=-0.0464098900556564
LowerLegTheta=-0.112653076648712
