[%General]
Highest=163
CenterX=33.4988507206807
CenterY=193.452536668995
XWidth=53

[LeftLeg]
ThighAlpha=-0.0785398185253143
ThighTheta=0.484838932752609
LowerLegAlpha=-0.0678298398852348
LowerLegTheta=0.0931598246097565

[RightLeg]
ThighAlpha=0.0678298473358154
ThighTheta=-0.431798994541168
LowerLegAlpha=0.00356999784708023
LowerLegTheta=-0.657558441162109
