[%General]
Highest=170
CenterX=35.9585323856501
CenterY=82.60430341399
XWidth=55

[LeftLeg]
ThighAlpha=-0.0214199498295784
ThighTheta=-0.106306403875351
LowerLegAlpha=-0.157079637050629
LowerLegTheta=-0.179292917251587

[RightLeg]
ThighAlpha=0.103529766201973
ThighTheta=0.249106109142303
LowerLegAlpha=-0.0428398996591568
LowerLegTheta=-0.325265914201736
