[%General]
Highest=164
CenterX=36.8478910345202
CenterY=44.4606724788832
XWidth=52

[LeftLeg]
ThighAlpha=-0.0785398185253143
ThighTheta=0.510508835315704
LowerLegAlpha=-0.0589048638939857
LowerLegTheta=0.117809727787971

[RightLeg]
ThighAlpha=0.0981747731566429
ThighTheta=-0.431968986988068
LowerLegAlpha=0.0785398185253143
LowerLegTheta=-0.628318548202515
