[%General]
Highest=156
CenterX=33.9372043918919
CenterY=291.519876126126
XWidth=46

[LeftLeg]
ThighAlpha=-0.0392699092626572
ThighTheta=-0.176119565963745
LowerLegAlpha=0.021419957280159
LowerLegTheta=-0.182466238737106

[RightLeg]
ThighAlpha=0.13922968506813
ThighTheta=0.103133104741573
LowerLegAlpha=-0.0285599306225777
LowerLegTheta=-0.10313306748867
