[%General]
Highest=165
CenterX=33.5403381409483
CenterY=215.134388114418
XWidth=55

[LeftLeg]
ThighAlpha=-0.0428398996591568
ThighTheta=-0.0333198830485344
LowerLegAlpha=-0.103529758751392
LowerLegTheta=0.18291962146759

[RightLeg]
ThighAlpha=0.103529766201973
ThighTheta=0.116279773414135
LowerLegAlpha=-0.157079637050629
LowerLegTheta=-0.979877710342407
