[%General]
Highest=166
CenterX=35.1672904955697
CenterY=102.311987042507
XWidth=56

[LeftLeg]
ThighAlpha=-0.024989940226078
ThighTheta=-0.391905754804611
LowerLegAlpha=-0.0499798804521561
LowerLegTheta=-0.395079076290131

[RightLeg]
ThighAlpha=0.0499798879027367
ThighTheta=0.395079135894775
LowerLegAlpha=-0.0785398185253143
LowerLegTheta=0.391905784606934
