[%General]
Highest=160
CenterX=33.0661473302072
CenterY=272.177280290425
XWidth=47

[LeftLeg]
ThighAlpha=0.0142799690365791
ThighTheta=-0.322092592716217
LowerLegAlpha=-0.0499798804521561
LowerLegTheta=-0.747318267822266

[RightLeg]
ThighAlpha=0.0499798879027367
ThighTheta=0.391905784606934
LowerLegAlpha=0.00356999784708023
LowerLegTheta=0.106306441128254
