[%General]
Highest=166
CenterX=36.5329548547653
CenterY=135.043810190406
XWidth=57

[LeftLeg]
ThighAlpha=0.0285599380731583
ThighTheta=-0.109479740262032
LowerLegAlpha=-0.0142799615859985
LowerLegTheta=-0.959931075572968

[RightLeg]
ThighAlpha=0.0678298473358154
ThighTheta=0.249106109142303
LowerLegAlpha=0.0428399071097374
LowerLegTheta=-0.109479740262032
