[%General]
Highest=170
CenterX=36.1084630533221
CenterY=77.9671111222608
XWidth=53

[LeftLeg]
ThighAlpha=-0.024989940226078
ThighTheta=-0.0265199020504951
LowerLegAlpha=-0.157079637050629
LowerLegTheta=-0.169319570064545

[RightLeg]
ThighAlpha=0.103529766201973
ThighTheta=0.109479792416096
LowerLegAlpha=0.13922968506813
LowerLegTheta=-0.365159124135971
