[%General]
Highest=164
CenterX=36.8478910345202
CenterY=44.4606724788832
XWidth=52

[LeftLeg]
ThighAlpha=-0.082109808921814
ThighTheta=0.514758884906769
LowerLegAlpha=-0.0499798804521561
LowerLegTheta=0.123079754412174

[RightLeg]
ThighAlpha=0.13922968506813
ThighTheta=-0.424998998641968
LowerLegAlpha=0.0285599380731583
LowerLegTheta=-0.611318588256836
