[%General]
Highest=168
CenterX=36.3070202707773
CenterY=162.097473388575
XWidth=58

[LeftLeg]
ThighAlpha=-0.024989940226078
ThighTheta=0.322092622518539
LowerLegAlpha=-0.0285599306225777
LowerLegTheta=0.176119610667229

[RightLeg]
ThighAlpha=0.0678298473358154
ThighTheta=-0.249106079339981
LowerLegAlpha=0.0999597758054733
LowerLegTheta=-0.2522794008255
