[%General]
Highest=167
CenterX=36.9007781002609
CenterY=62.6793300884256
XWidth=53

[LeftLeg]
ThighAlpha=0.046409897506237
ThighTheta=0.252279460430145
LowerLegAlpha=-0.13922968506813
LowerLegTheta=-0.112653076648712

[RightLeg]
ThighAlpha=0.13922968506813
ThighTheta=-0.458545595407486
LowerLegAlpha=-0.024989940226078
LowerLegTheta=-0.541052103042603
