[%General]
Highest=167
CenterX=37.1918850884623
CenterY=66.0120733467747
XWidth=52

[LeftLeg]
ThighAlpha=-0.0214199498295784
ThighTheta=0.259079456329346
LowerLegAlpha=0.00356999784708023
LowerLegTheta=-0.235959425568581

[RightLeg]
ThighAlpha=0.13922968506813
ThighTheta=-0.282199323177338
LowerLegAlpha=-0.0606898590922356
LowerLegTheta=-0.604518592357635
