[%General]
Highest=147
CenterX=33.491576455446
CenterY=307.367349284056
XWidth=40

[LeftLeg]
ThighAlpha=-0.157079637050629
ThighTheta=-0.249106079339981
LowerLegAlpha=-0.157079637050629
LowerLegTheta=-0.322092592716217

[RightLeg]
ThighAlpha=0.0499798879027367
ThighTheta=-0.322092592716217
LowerLegAlpha=0.00356999784708023
LowerLegTheta=-0.10313306748867
