[%General]
Highest=166
CenterX=34.2265473583528
CenterY=226.786679755342
XWidth=55

[LeftLeg]
ThighAlpha=-0.0589048638939857
ThighTheta=-0.157079637050629
LowerLegAlpha=-0.0785398185253143
LowerLegTheta=-0.0785398185253143

[RightLeg]
ThighAlpha=0.0785398185253143
ThighTheta=0.392699092626572
LowerLegAlpha=-0.0196349546313286
LowerLegTheta=-0.392699092626572
