[%General]
Highest=169
CenterX=36.3998033476114
CenterY=146.508866310281
XWidth=54

[LeftLeg]
ThighAlpha=-0.0392699092626572
ThighTheta=0.117809727787971
LowerLegAlpha=0.0981747731566429
LowerLegTheta=-0.589048624038696

[RightLeg]
ThighAlpha=0.0981747731566429
ThighTheta=0
LowerLegAlpha=0.0196349546313286
LowerLegTheta=-0.117809727787971
