[%General]
Highest=164
CenterX=33.3894906302515
CenterY=206.998065326988
XWidth=52

[LeftLeg]
ThighAlpha=-0.0606898590922356
ThighTheta=0.249106109142303
LowerLegAlpha=-0.0464098900556564
LowerLegTheta=0.0364932715892792

[RightLeg]
ThighAlpha=-0.00356999039649963
ThighTheta=-0.182466238737106
LowerLegAlpha=0.00356999784708023
LowerLegTheta=-0.81395810842514
