[%General]
Highest=158
CenterX=33.6004709810117
CenterY=284.904760485289
XWidth=44

[LeftLeg]
ThighAlpha=0.0107099786400795
ThighTheta=-0.106306403875351
LowerLegAlpha=-0.0107099711894989
LowerLegTheta=-0.959931075572968

[RightLeg]
ThighAlpha=0.13922968506813
ThighTheta=0.322092622518539
LowerLegAlpha=-0.13922968506813
LowerLegTheta=-0.255452752113342
