[%General]
Highest=155
CenterX=33.6000366382955
CenterY=295.02249027676
XWidth=47

[LeftLeg]
ThighAlpha=-0.0785398185253143
ThighTheta=-0.0364932343363762
LowerLegAlpha=-0.0678298398852348
LowerLegTheta=-0.0396665707230568

[RightLeg]
ThighAlpha=0.13922968506813
ThighTheta=0.0364932715892792
LowerLegAlpha=0.0856798067688942
LowerLegTheta=-0.106306403875351
