[%General]
Highest=165
CenterX=36.4714560086722
CenterY=53.4559026264007
XWidth=54

[LeftLeg]
ThighAlpha=-0.0196349546313286
ThighTheta=0.392699092626572
LowerLegAlpha=-0.0981747731566429
LowerLegTheta=0.0785398185253143

[RightLeg]
ThighAlpha=0.0981747731566429
ThighTheta=-0.314159274101257
LowerLegAlpha=0.0589048638939857
LowerLegTheta=-0.785398185253143
