[%General]
Highest=152
CenterX=33.417414257762
CenterY=300.655757374386
XWidth=43

[LeftLeg]
ThighAlpha=-0.117809727787971
ThighTheta=0.46171897649765
LowerLegAlpha=-0.0856797993183136
LowerLegTheta=-0.744144916534424

[RightLeg]
ThighAlpha=0.0856798067688942
ThighTheta=-0.106306403875351
LowerLegAlpha=-0.00713998079299927
LowerLegTheta=-0.106306403875351
