[%General]
Highest=165
CenterX=33.5403381409483
CenterY=215.134388114418
XWidth=55

[LeftLeg]
ThighAlpha=-0.0428398996591568
ThighTheta=-0.0333198979496956
LowerLegAlpha=-0.103529758751392
LowerLegTheta=0.172946274280548

[RightLeg]
ThighAlpha=0.0999597758054733
ThighTheta=-0.249106079339981
LowerLegAlpha=-0.157079637050629
LowerLegTheta=-0.325265914201736
