[%General]
Highest=164
CenterX=35.6863255397445
CenterY=126.877065580881
XWidth=57

[LeftLeg]
ThighAlpha=-0.0392699092626572
ThighTheta=-0.371959120035172
LowerLegAlpha=0.021419957280159
LowerLegTheta=-0.687478423118591

[RightLeg]
ThighAlpha=0.0499798879027367
ThighTheta=0.371959179639816
LowerLegAlpha=0.0428399071097374
LowerLegTheta=0.0197199955582619
