[%General]
Highest=162
CenterX=32.798017507724
CenterY=245.616317656482
XWidth=54

[LeftLeg]
ThighAlpha=-0.0606898590922356
ThighTheta=-0.461718916893005
LowerLegAlpha=-0.0713998302817345
LowerLegTheta=-0.182466238737106

[RightLeg]
ThighAlpha=0.0321299284696579
ThighTheta=0.391905784606934
LowerLegAlpha=-0.0428398996591568
LowerLegTheta=0.534705460071564
