[%General]
Highest=166
CenterX=36.9772103271002
CenterY=58.3704875430767
XWidth=55

[LeftLeg]
ThighAlpha=-0.0428398996591568
ThighTheta=0.325265944004059
LowerLegAlpha=-0.0678298398852348
LowerLegTheta=-0.0396665707230568

[RightLeg]
ThighAlpha=0.13922968506813
ThighTheta=-0.249106079339981
LowerLegAlpha=0.0249899476766586
LowerLegTheta=-0.890117883682251
