[%General]
Highest=160
CenterX=32.6219148717497
CenterY=267.112452098842
XWidth=49

[LeftLeg]
ThighAlpha=-0.0214199498295784
ThighTheta=-0.391905754804611
LowerLegAlpha=-0.0321299210190773
LowerLegTheta=-0.607691943645477

[RightLeg]
ThighAlpha=-0.00356999039649963
ThighTheta=0.391905784606934
LowerLegAlpha=0.0856798067688942
LowerLegTheta=0.249106109142303
