[%General]
Highest=162
CenterX=33.0800574771631
CenterY=242.059925807539
XWidth=54

[LeftLeg]
ThighAlpha=-0.0785398185253143
ThighTheta=-0.431968986988068
LowerLegAlpha=0
LowerLegTheta=-0.117809727787971

[RightLeg]
ThighAlpha=0
ThighTheta=0.392699092626572
LowerLegAlpha=0
LowerLegTheta=0.431968986988068
