[%General]
Highest=168
CenterX=38.4851282857255
CenterY=11.7977289693922
XWidth=47

[LeftLeg]
ThighAlpha=-0.0785398185253143
ThighTheta=-0.0265199020504951
LowerLegAlpha=-0.157079637050629
LowerLegTheta=-0.199239507317543

[RightLeg]
ThighAlpha=0.13922968506813
ThighTheta=-0.116279698908329
LowerLegAlpha=0.00713998824357986
LowerLegTheta=-0.0496398508548737
