[%General]
Highest=165
CenterX=37.41193789122
CenterY=34.1530446358854
XWidth=52

[LeftLeg]
ThighAlpha=-0.0785398185253143
ThighTheta=0.431968986988068
LowerLegAlpha=0
LowerLegTheta=0.314159274101257

[RightLeg]
ThighAlpha=0.0981747731566429
ThighTheta=-0.510508835315704
LowerLegAlpha=0.0589048638939857
LowerLegTheta=-0.274889349937439
