[%General]
Highest=167
CenterX=37.8168109942225
CenterY=27.4000995663623
XWidth=50

[LeftLeg]
ThighAlpha=-0.0392699092626572
ThighTheta=0.34883925318718
LowerLegAlpha=0.021419957280159
LowerLegTheta=0.199239581823349

[RightLeg]
ThighAlpha=0.121379725635052
ThighTheta=-0.431798994541168
LowerLegAlpha=-0.00713998079299927
LowerLegTheta=-0.192439526319504
