[%General]
Highest=160
CenterX=32.9697453384604
CenterY=276.860741493144
XWidth=46

[LeftLeg]
ThighAlpha=0.0142799690365791
ThighTheta=-0.255452752113342
LowerLegAlpha=-0.0107099711894989
LowerLegTheta=-0.886944591999054

[RightLeg]
ThighAlpha=0.0678298473358154
ThighTheta=0.391905784606934
LowerLegAlpha=0.00356999784708023
LowerLegTheta=-0.10313306748867
