[%General]
Highest=167
CenterX=37.7128596880873
CenterY=23.9141263759061
XWidth=48

[LeftLeg]
ThighAlpha=-0.0392699092626572
ThighTheta=0.314159274101257
LowerLegAlpha=0.0392699092626572
LowerLegTheta=0

[RightLeg]
ThighAlpha=0.0981747731566429
ThighTheta=-0.392699092626572
LowerLegAlpha=0
LowerLegTheta=-0.117809727787971
