[%General]
Highest=169
CenterX=36.1744463663605
CenterY=73.4318220576412
XWidth=53

[LeftLeg]
ThighAlpha=-0.0464098900556564
ThighTheta=0.0265199784189463
LowerLegAlpha=-0.0499798804521561
LowerLegTheta=-0.0863597691059113

[RightLeg]
ThighAlpha=0.103529766201973
ThighTheta=0.176119640469551
LowerLegAlpha=-0.0392699092626572
LowerLegTheta=-0.926837861537933
