[%General]
Highest=164
CenterX=33.3894906302515
CenterY=206.998065326988
XWidth=52

[LeftLeg]
ThighAlpha=-0.0785398185253143
ThighTheta=0.229159519076347
LowerLegAlpha=-0.0285599306225777
LowerLegTheta=0.0564399100840092

[RightLeg]
ThighAlpha=-0.00356999039649963
ThighTheta=-0.2522794008255
LowerLegAlpha=0.00356999784708023
LowerLegTheta=-0.694278359413147
