[%General]
Highest=165
CenterX=36.2713708423998
CenterY=131.266518900947
XWidth=56

[LeftLeg]
ThighAlpha=-0.0107099711894989
ThighTheta=-0.282199323177338
LowerLegAlpha=0.0428399071097374
LowerLegTheta=-0.80715811252594

[RightLeg]
ThighAlpha=0.0856798067688942
ThighTheta=0.312119334936142
LowerLegAlpha=0.00356999784708023
LowerLegTheta=-0.0333198830485344
