[%General]
Highest=166
CenterX=33.8050727250872
CenterY=218.689337660777
XWidth=55

[LeftLeg]
ThighAlpha=-0.0999597683548927
ThighTheta=-0.0333198979496956
LowerLegAlpha=-0.0642598494887352
LowerLegTheta=0.030146598815918

[RightLeg]
ThighAlpha=0.13922968506813
ThighTheta=0.31891930103302
LowerLegAlpha=0.13922968506813
LowerLegTheta=-0.398252427577972
