[%General]
Highest=161
CenterX=33.3032472843634
CenterY=281.346496577652
XWidth=44

[LeftLeg]
ThighAlpha=0.0428399071097374
ThighTheta=-0.249106079339981
LowerLegAlpha=-0.0678298398852348
LowerLegTheta=-0.817131459712982

[RightLeg]
ThighAlpha=0.103529766201973
ThighTheta=0.388732463121414
LowerLegAlpha=-0.082109808921814
LowerLegTheta=-0.24275940656662
