[%General]
Highest=165
CenterX=34.8047624967196
CenterY=105.854238318209
XWidth=54

[LeftLeg]
ThighAlpha=-0.0606898590922356
ThighTheta=-0.461718916893005
LowerLegAlpha=0.00356999784708023
LowerLegTheta=-0.395079076290131

[RightLeg]
ThighAlpha=0.0499798879027367
ThighTheta=0.46489229798317
LowerLegAlpha=-0.0464098900556564
LowerLegTheta=0.31891930103302
