[%General]
Highest=164
CenterX=36.8238955415736
CenterY=40.739489885664
XWidth=53

[LeftLeg]
ThighAlpha=-0.0606898590922356
ThighTheta=0.531532108783722
LowerLegAlpha=-0.0856797993183136
LowerLegTheta=0.18246628344059

[RightLeg]
ThighAlpha=0.13922968506813
ThighTheta=-0.464892268180847
LowerLegAlpha=0.0107099786400795
LowerLegTheta=-0.531532108783722
