[%General]
Highest=165
CenterX=36.4714560086722
CenterY=53.4559026264007
XWidth=54

[LeftLeg]
ThighAlpha=-0.024989940226078
ThighTheta=0.395079135894775
LowerLegAlpha=-0.13922968506813
LowerLegTheta=0.0401199460029602

[RightLeg]
ThighAlpha=0.121379725635052
ThighTheta=-0.342039197683334
LowerLegAlpha=0.0249899476766586
LowerLegTheta=-0.777238190174103
