[%General]
Highest=165
CenterX=34.820394922426
CenterY=117.521664315938
XWidth=55

[LeftLeg]
ThighAlpha=-0.0392699092626572
ThighTheta=-0.391905754804611
LowerLegAlpha=-0.0142799615859985
LowerLegTheta=-0.607691943645477

[RightLeg]
ThighAlpha=0.0321299284696579
ThighTheta=0.468065619468689
LowerLegAlpha=0.0249899476766586
LowerLegTheta=0.030146598815918
