[%General]
Highest=168
CenterX=36.6504224331242
CenterY=142.367641396181
XWidth=55

[LeftLeg]
ThighAlpha=0.0107099786400795
ThighTheta=0.106306441128254
LowerLegAlpha=-0.0856797993183136
LowerLegTheta=-1.02974426746368

[RightLeg]
ThighAlpha=0.0678298473358154
ThighTheta=0.106306441128254
LowerLegAlpha=0.0606898665428162
LowerLegTheta=-0.10313306748867
