[%General]
Highest=167
CenterX=36.9007781002609
CenterY=62.6793300884256
XWidth=53

[LeftLeg]
ThighAlpha=0.046409897506237
ThighTheta=0.252279460430145
LowerLegAlpha=-0.157079637050629
LowerLegTheta=-0.0727597996592522

[RightLeg]
ThighAlpha=0.121379725635052
ThighTheta=-0.438598960638046
LowerLegAlpha=-0.00713998079299927
LowerLegTheta=-0.501158833503723
