[%General]
Highest=160
CenterX=32.9697453384604
CenterY=276.860741493144
XWidth=46

[LeftLeg]
ThighAlpha=0.0107099786400795
ThighTheta=-0.259079366922379
LowerLegAlpha=-0.0107099711894989
LowerLegTheta=-0.890117883682251

[RightLeg]
ThighAlpha=0.0678298473358154
ThighTheta=0.371959179639816
LowerLegAlpha=0.00356999784708023
LowerLegTheta=-0.0333198830485344
