[%General]
Highest=164
CenterX=33.3562801932367
CenterY=211.330241015024
XWidth=54

[LeftLeg]
ThighAlpha=-0.0785398185253143
ThighTheta=0.176119610667229
LowerLegAlpha=-0.0856797993183136
LowerLegTheta=0.0333199352025986

[RightLeg]
ThighAlpha=0.0107099786400795
ThighTheta=0.0333199352025986
LowerLegAlpha=-0.0142799615859985
LowerLegTheta=-0.959931075572968
