[%General]
Highest=165
CenterX=36.2713708423998
CenterY=131.266518900947
XWidth=56

[LeftLeg]
ThighAlpha=-0.0107099711894989
ThighTheta=-0.322092592716217
LowerLegAlpha=0.0249899476766586
LowerLegTheta=-0.677505135536194

[RightLeg]
ThighAlpha=0.0856798067688942
ThighTheta=0.322092622518539
LowerLegAlpha=0.00356999784708023
LowerLegTheta=-0.10313306748867
