[%General]
Highest=168
CenterX=35.8077245058672
CenterY=95.4064730337557
XWidth=57

[LeftLeg]
ThighAlpha=-0.0392699092626572
ThighTheta=-0.401879042387009
LowerLegAlpha=-0.0285599306225777
LowerLegTheta=-0.169319570064545

[RightLeg]
ThighAlpha=0.0856798067688942
ThighTheta=0.342039257287979
LowerLegAlpha=-0.0999597683548927
LowerLegTheta=0.146199703216553
