[%General]
Highest=167
CenterX=37.7128596880873
CenterY=23.9141263759061
XWidth=48

[LeftLeg]
ThighAlpha=-0.024989940226078
ThighTheta=0.31891930103302
LowerLegAlpha=0.00356999784708023
LowerLegTheta=0.0364932715892792

[RightLeg]
ThighAlpha=0.103529766201973
ThighTheta=-0.391905754804611
LowerLegAlpha=-0.00713998079299927
LowerLegTheta=-0.106306403875351
