[%General]
Highest=167
CenterX=37.1918850884623
CenterY=66.0120733467747
XWidth=52

[LeftLeg]
ThighAlpha=0.0142799690365791
ThighTheta=0.249106109142303
LowerLegAlpha=-0.0678298398852348
LowerLegTheta=-0.176119565963745

[RightLeg]
ThighAlpha=0.13922968506813
ThighTheta=-0.322092592716217
LowerLegAlpha=-0.0428398996591568
LowerLegTheta=-0.534705400466919
