[%General]
Highest=169
CenterX=36.1151912799619
CenterY=86.8103735647389
XWidth=57

[LeftLeg]
ThighAlpha=-0.0107099711894989
ThighTheta=-0.176119565963745
LowerLegAlpha=-0.13922968506813
LowerLegTheta=-0.249106079339981

[RightLeg]
ThighAlpha=0.0678298473358154
ThighTheta=0.322092622518539
LowerLegAlpha=0.00713998824357986
LowerLegTheta=-0.325265914201736
