[%General]
Highest=168
CenterX=37.9540900724587
CenterY=16.6414459122574
XWidth=47

[LeftLeg]
ThighAlpha=-0.00356999039649963
ThighTheta=0.199239581823349
LowerLegAlpha=0.00356999784708023
LowerLegTheta=-0.365159124135971

[RightLeg]
ThighAlpha=0.0856798067688942
ThighTheta=-0.229159444570541
LowerLegAlpha=0.0999597758054733
LowerLegTheta=-0.0265199020504951
