[%General]
Highest=163
CenterX=34.4826290860729
CenterY=184.253214027392
XWidth=58

[LeftLeg]
ThighAlpha=-0.117809727787971
ThighTheta=0.537878811359406
LowerLegAlpha=-0.0499798804521561
LowerLegTheta=0.18291962146759

[RightLeg]
ThighAlpha=0.121379725635052
ThighTheta=-0.461718916893005
LowerLegAlpha=0.021419957280159
LowerLegTheta=-0.484838873147964
