[%General]
Highest=168
CenterX=37.9540900724587
CenterY=16.6414459122574
XWidth=47

[LeftLeg]
ThighAlpha=0
ThighTheta=0.196349546313286
LowerLegAlpha=0
LowerLegTheta=-0.353429168462753

[RightLeg]
ThighAlpha=0.0981747731566429
ThighTheta=-0.196349546313286
LowerLegAlpha=0.0981747731566429
LowerLegTheta=-0.0785398185253143
