[%General]
Highest=169
CenterX=36.3223979670077
CenterY=154.685620084562
XWidth=58

[LeftLeg]
ThighAlpha=-0.00356999039649963
ThighTheta=0.235959500074387
LowerLegAlpha=-0.0142799615859985
LowerLegTheta=-0.295799285173416

[RightLeg]
ThighAlpha=0.13922968506813
ThighTheta=-0.176119565963745
LowerLegAlpha=-0.00713998079299927
LowerLegTheta=-0.10267972946167
