[%General]
Highest=165
CenterX=35.4598988854418
CenterY=173.176617258417
XWidth=59

[LeftLeg]
ThighAlpha=-0.0999597683548927
ThighTheta=0.46171897649765
LowerLegAlpha=-0.0856797993183136
LowerLegTheta=0.46489229798317

[RightLeg]
ThighAlpha=0.121379725635052
ThighTheta=-0.461718916893005
LowerLegAlpha=0.0642598569393158
LowerLegTheta=-0.322092592716217
