[%General]
Highest=164
CenterX=35.6863255397445
CenterY=126.877065580881
XWidth=57

[LeftLeg]
ThighAlpha=-0.0589048638939857
ThighTheta=-0.353429168462753
LowerLegAlpha=0.0785398185253143
LowerLegTheta=-0.746128261089325

[RightLeg]
ThighAlpha=0.0589048638939857
ThighTheta=0.353429168462753
LowerLegAlpha=0
LowerLegTheta=0.0392699092626572
