[%General]
Highest=160
CenterX=33.0661473302072
CenterY=272.177280290425
XWidth=47

[LeftLeg]
ThighAlpha=0.0142799690365791
ThighTheta=-0.342039197683334
LowerLegAlpha=-0.0678298398852348
LowerLegTheta=-0.687478423118591

[RightLeg]
ThighAlpha=0.0499798879027367
ThighTheta=0.371959179639816
LowerLegAlpha=0.00356999784708023
LowerLegTheta=0.116279773414135
