[%General]
Highest=168
CenterX=36.1416465036775
CenterY=69.409362849542
XWidth=54

[LeftLeg]
ThighAlpha=-0.0392699092626572
ThighTheta=0.157079637050629
LowerLegAlpha=-0.0392699092626572
LowerLegTheta=-0.157079637050629

[RightLeg]
ThighAlpha=0.0981747731566429
ThighTheta=-0.0392699092626572
LowerLegAlpha=-0.0392699092626572
LowerLegTheta=-0.746128261089325
