[%General]
Highest=160
CenterX=32.4936359590565
CenterY=261.672155466548
XWidth=50

[LeftLeg]
ThighAlpha=-0.082109808921814
ThighTheta=-0.461718916893005
LowerLegAlpha=0.00356999784708023
LowerLegTheta=-0.454918920993805

[RightLeg]
ThighAlpha=0.0499798879027367
ThighTheta=0.424999058246613
LowerLegAlpha=0.00713998824357986
LowerLegTheta=0.31891930103302
