[%General]
Highest=160
CenterX=32.3339136390879
CenterY=253.028967721682
XWidth=53

[LeftLeg]
ThighAlpha=-0.0981747731566429
ThighTheta=-0.471238911151886
LowerLegAlpha=0
LowerLegTheta=-0.314159274101257

[RightLeg]
ThighAlpha=0.0392699092626572
ThighTheta=0.471238911151886
LowerLegAlpha=0
LowerLegTheta=0.431968986988068
