[%General]
Highest=164
CenterX=36.9927599226687
CenterY=37.5772988543032
XWidth=52

[LeftLeg]
ThighAlpha=-0.0785398185253143
ThighTheta=0.471238911151886
LowerLegAlpha=-0.0196349546313286
LowerLegTheta=0.235619455575943

[RightLeg]
ThighAlpha=0.0981747731566429
ThighTheta=-0.471238911151886
LowerLegAlpha=0.0589048638939857
LowerLegTheta=-0.471238911151886
