[%General]
Highest=154
CenterX=33.5755389027662
CenterY=298.05544762081
XWidth=44

[LeftLeg]
ThighAlpha=-0.0999597683548927
ThighTheta=0.249106109142303
LowerLegAlpha=0.021419957280159
LowerLegTheta=-0.176119565963745

[RightLeg]
ThighAlpha=0.13922968506813
ThighTheta=-0.106306403875351
LowerLegAlpha=-0.0214199498295784
LowerLegTheta=-0.0364932343363762
