[%General]
Highest=168
CenterX=37.9246033581572
CenterY=20.3625745871687
XWidth=48

[LeftLeg]
ThighAlpha=-0.0214199498295784
ThighTheta=0.235959500074387
LowerLegAlpha=0.0606898665428162
LowerLegTheta=-0.123079679906368

[RightLeg]
ThighAlpha=0.103529766201973
ThighTheta=-0.312119245529175
LowerLegAlpha=0.00713998824357986
LowerLegTheta=-0.116279698908329
