[%General]
Highest=166
CenterX=35.5486191379291
CenterY=169.557316156255
XWidth=59

[LeftLeg]
ThighAlpha=-0.0999597683548927
ThighTheta=0.391905784606934
LowerLegAlpha=-0.0499798804521561
LowerLegTheta=0.46171897649765

[RightLeg]
ThighAlpha=0.121379725635052
ThighTheta=-0.391905754804611
LowerLegAlpha=0.0107099786400795
LowerLegTheta=-0.322092592716217
