[%General]
Highest=167
CenterX=36.4982508684285
CenterY=138.436693711719
XWidth=57

[LeftLeg]
ThighAlpha=-0.0196349546313286
ThighTheta=-0.117809727787971
LowerLegAlpha=0.0589048638939857
LowerLegTheta=-0.785398185253143

[RightLeg]
ThighAlpha=0.0785398185253143
ThighTheta=0.196349546313286
LowerLegAlpha=0.0392699092626572
LowerLegTheta=-0.117809727787971
