[%General]
Highest=168
CenterX=36.6504224331242
CenterY=142.367641396181
XWidth=55

[LeftLeg]
ThighAlpha=-0.0392699092626572
ThighTheta=-0.0392699092626572
LowerLegAlpha=0.0981747731566429
LowerLegTheta=-0.746128261089325

[RightLeg]
ThighAlpha=0.0981747731566429
ThighTheta=0.117809727787971
LowerLegAlpha=0
LowerLegTheta=-0.117809727787971
