[%General]
Highest=165
CenterX=35.4598988854418
CenterY=173.176617258417
XWidth=59

[LeftLeg]
ThighAlpha=-0.117809727787971
ThighTheta=0.431799054145813
LowerLegAlpha=-0.0499798804521561
LowerLegTheta=0.484838932752609

[RightLeg]
ThighAlpha=0.13922968506813
ThighTheta=-0.431798994541168
LowerLegAlpha=0.0285599380731583
LowerLegTheta=-0.342039197683334
