[%General]
Highest=165
CenterX=33.4355437505659
CenterY=233.481120400833
XWidth=55

[LeftLeg]
ThighAlpha=-0.0606898590922356
ThighTheta=-0.318919241428375
LowerLegAlpha=-0.082109808921814
LowerLegTheta=-0.0333198979496956

[RightLeg]
ThighAlpha=0.046409897506237
ThighTheta=0.391905784606934
LowerLegAlpha=-0.0107099711894989
LowerLegTheta=0.0364932715892792
