[%General]
Highest=169
CenterX=36.3223979670077
CenterY=154.685620084562
XWidth=58

[LeftLeg]
ThighAlpha=-0.0589048638939857
ThighTheta=0.157079637050629
LowerLegAlpha=0.0196349546313286
LowerLegTheta=-0.157079637050629

[RightLeg]
ThighAlpha=0.0981747731566429
ThighTheta=-0.117809727787971
LowerLegAlpha=0.0392699092626572
LowerLegTheta=-0.157079637050629
