[%General]
Highest=164
CenterX=35.408352966374
CenterY=122.039294638395
XWidth=56

[LeftLeg]
ThighAlpha=-0.0464098900556564
ThighTheta=-0.371959120035172
LowerLegAlpha=0.0428399071097374
LowerLegTheta=-0.717398345470428

[RightLeg]
ThighAlpha=0.0321299284696579
ThighTheta=0.401879131793976
LowerLegAlpha=0.0428399071097374
LowerLegTheta=0.109479792416096
