[%General]
Highest=164
CenterX=33.219173809064
CenterY=202.868139213618
XWidth=50

[LeftLeg]
ThighAlpha=-0.0785398185253143
ThighTheta=0.322092622518539
LowerLegAlpha=-0.0321299210190773
LowerLegTheta=0.103133104741573

[RightLeg]
ThighAlpha=-0.024989940226078
ThighTheta=-0.249106079339981
LowerLegAlpha=0.0249899476766586
LowerLegTheta=-0.820304751396179
