[%General]
Highest=152
CenterX=33.417414257762
CenterY=300.655757374386
XWidth=43

[LeftLeg]
ThighAlpha=-0.0981747731566429
ThighTheta=0.471238911151886
LowerLegAlpha=-0.0785398185253143
LowerLegTheta=-0.785398185253143

[RightLeg]
ThighAlpha=0.0981747731566429
ThighTheta=-0.0785398185253143
LowerLegAlpha=0
LowerLegTheta=-0.157079637050629
