[%General]
Highest=166
CenterX=34.1941438339318
CenterY=222.480151507698
XWidth=55

[LeftLeg]
ThighAlpha=-0.0785398185253143
ThighTheta=-0.109479740262032
LowerLegAlpha=-0.0856797993183136
LowerLegTheta=-0.0333198979496956

[RightLeg]
ThighAlpha=0.103529766201973
ThighTheta=0.245932787656784
LowerLegAlpha=-0.0464098900556564
LowerLegTheta=-0.38555908203125
