[%General]
Highest=160
CenterX=32.3339136390879
CenterY=253.028967721682
XWidth=53

[LeftLeg]
ThighAlpha=-0.0785398185253143
ThighTheta=-0.534705400466919
LowerLegAlpha=-0.0499798804521561
LowerLegTheta=-0.179292917251587

[RightLeg]
ThighAlpha=0.0107099786400795
ThighTheta=0.46489229798317
LowerLegAlpha=0.0249899476766586
LowerLegTheta=0.46171897649765
