[%General]
Highest=163
CenterX=34.4826290860729
CenterY=184.253214027392
XWidth=58

[LeftLeg]
ThighAlpha=-0.0999597683548927
ThighTheta=0.537878811359406
LowerLegAlpha=-0.0499798804521561
LowerLegTheta=0.172946274280548

[RightLeg]
ThighAlpha=0.13922968506813
ThighTheta=-0.461718916893005
LowerLegAlpha=0.021419957280159
LowerLegTheta=-0.464892268180847
