[%General]
Highest=163
CenterX=33.4988507206807
CenterY=193.452536668995
XWidth=53

[LeftLeg]
ThighAlpha=-0.0606898590922356
ThighTheta=0.46489229798317
LowerLegAlpha=-0.0856797993183136
LowerLegTheta=0.103133104741573

[RightLeg]
ThighAlpha=0.0678298473358154
ThighTheta=-0.461718916893005
LowerLegAlpha=0.00356999784708023
LowerLegTheta=-0.537878751754761
