[%General]
Highest=167
CenterX=35.5120469508089
CenterY=99.1351897411933
XWidth=56

[LeftLeg]
ThighAlpha=-0.00713998079299927
ThighTheta=-0.388732433319092
LowerLegAlpha=-0.0856797993183136
LowerLegTheta=-0.255452752113342

[RightLeg]
ThighAlpha=0.0499798879027367
ThighTheta=0.391905784606934
LowerLegAlpha=-0.0785398185253143
LowerLegTheta=0.249106109142303
