[%General]
Highest=152
CenterX=33.417414257762
CenterY=300.655757374386
XWidth=43

[LeftLeg]
ThighAlpha=-0.117809727787971
ThighTheta=0.431799054145813
LowerLegAlpha=-0.157079637050629
LowerLegTheta=-0.754118263721466

[RightLeg]
ThighAlpha=0.0856798067688942
ThighTheta=-0.116279698908329
LowerLegAlpha=-0.00713998079299927
LowerLegTheta=-0.0564398318529129
