[%General]
Highest=162
CenterX=33.0800574771631
CenterY=242.059925807539
XWidth=54

[LeftLeg]
ThighAlpha=-0.0606898590922356
ThighTheta=-0.461718916893005
LowerLegAlpha=-0.0678298398852348
LowerLegTheta=-0.112653076648712

[RightLeg]
ThighAlpha=0.0321299284696579
ThighTheta=0.391905784606934
LowerLegAlpha=-0.0464098900556564
LowerLegTheta=0.46489229798317
