[%General]
Highest=165
CenterX=37.41193789122
CenterY=34.1530446358854
XWidth=52

[LeftLeg]
ThighAlpha=-0.0785398185253143
ThighTheta=0.408679097890854
LowerLegAlpha=-0.0107099711894989
LowerLegTheta=0.335239291191101

[RightLeg]
ThighAlpha=0.13922968506813
ThighTheta=-0.484838873147964
LowerLegAlpha=-0.0107099711894989
LowerLegTheta=-0.318919241428375
