[%General]
Highest=161
CenterX=32.5061012056624
CenterY=249.152712375898
XWidth=54

[LeftLeg]
ThighAlpha=-0.0785398185253143
ThighTheta=-0.514758765697479
LowerLegAlpha=-0.0321299210190773
LowerLegTheta=-0.176119565963745

[RightLeg]
ThighAlpha=0.0142799690365791
ThighTheta=0.454919010400772
LowerLegAlpha=0.00713998824357986
LowerLegTheta=0.521558880805969
