[%General]
Highest=161
CenterX=32.5061012056624
CenterY=249.152712375898
XWidth=54

[LeftLeg]
ThighAlpha=-0.0785398185253143
ThighTheta=-0.464892268180847
LowerLegAlpha=-0.0499798804521561
LowerLegTheta=-0.2459327429533

[RightLeg]
ThighAlpha=0.0142799690365791
ThighTheta=0.46489229798317
LowerLegAlpha=0.00713998824357986
LowerLegTheta=0.531532108783722
