[%General]
Highest=158
CenterX=33.8620074349442
CenterY=288.150721189591
XWidth=45

[LeftLeg]
ThighAlpha=-0.0428398996591568
ThighTheta=-0.0396665707230568
LowerLegAlpha=0.0606898665428162
LowerLegTheta=-0.81395810842514

[RightLeg]
ThighAlpha=0.13922968506813
ThighTheta=0.179292947053909
LowerLegAlpha=-0.0678298398852348
LowerLegTheta=-0.106306403875351
