[%General]
Highest=167
CenterX=38.4050370186797
CenterY=9.94202472042378
XWidth=47

[LeftLeg]
ThighAlpha=-0.13922968506813
ThighTheta=-0.106306403875351
LowerLegAlpha=-0.13922968506813
LowerLegTheta=-0.0396665707230568

[RightLeg]
ThighAlpha=0.13922968506813
ThighTheta=-0.106306403875351
LowerLegAlpha=-0.00713998079299927
LowerLegTheta=-0.109479740262032
