[%General]
Highest=169
CenterX=36.5504013890526
CenterY=158.415954812917
XWidth=59

[LeftLeg]
ThighAlpha=-0.0428398996591568
ThighTheta=0.378759175539017
LowerLegAlpha=0.0606898665428162
LowerLegTheta=-0.152999609708786

[RightLeg]
ThighAlpha=0.13922968506813
ThighTheta=-0.229159444570541
LowerLegAlpha=0.00713998824357986
LowerLegTheta=-0.176119565963745
