[%General]
Highest=166
CenterX=36.9772103271002
CenterY=58.3704875430767
XWidth=55

[LeftLeg]
ThighAlpha=-0.0606898590922356
ThighTheta=0.305319339036942
LowerLegAlpha=-0.0321299210190773
LowerLegTheta=-0.0197199191898108

[RightLeg]
ThighAlpha=0.13922968506813
ThighTheta=-0.229159444570541
LowerLegAlpha=0.0249899476766586
LowerLegTheta=-0.920037806034088
