[%General]
Highest=151
CenterX=33.4679163662581
CenterY=302.843066570536
XWidth=43

[LeftLeg]
ThighAlpha=-0.0392699092626572
ThighTheta=0.60451865196228
LowerLegAlpha=0.021419957280159
LowerLegTheta=-0.318919241428375

[RightLeg]
ThighAlpha=0.0678298473358154
ThighTheta=-0.179292917251587
LowerLegAlpha=-0.0142799615859985
LowerLegTheta=-0.10313306748867
