[%General]
Highest=168
CenterX=37.9246033581572
CenterY=20.3625745871687
XWidth=48

[LeftLeg]
ThighAlpha=-0.0214199498295784
ThighTheta=0.245932787656784
LowerLegAlpha=0.0428399071097374
LowerLegTheta=-0.10313306748867

[RightLeg]
ThighAlpha=0.103529766201973
ThighTheta=-0.322092592716217
LowerLegAlpha=-0.0285599306225777
LowerLegTheta=-0.106306403875351
