[%General]
Highest=169
CenterX=36.3998033476114
CenterY=146.508866310281
XWidth=54

[LeftLeg]
ThighAlpha=0.0107099786400795
ThighTheta=0.109479777514935
LowerLegAlpha=-0.0321299210190773
LowerLegTheta=-0.534705400466919

[RightLeg]
ThighAlpha=0.0856798067688942
ThighTheta=0.0364932715892792
LowerLegAlpha=0.0678298473358154
LowerLegTheta=-0.176119565963745
