[%General]
Highest=168
CenterX=35.8077245058672
CenterY=95.4064730337557
XWidth=57

[LeftLeg]
ThighAlpha=-0.0214199498295784
ThighTheta=-0.391905754804611
LowerLegAlpha=-0.0642598494887352
LowerLegTheta=-0.179292917251587

[RightLeg]
ThighAlpha=0.0856798067688942
ThighTheta=0.322092622518539
LowerLegAlpha=-0.0999597683548927
LowerLegTheta=0.176119610667229
