[%General]
Highest=165
CenterX=34.8047624967196
CenterY=105.854238318209
XWidth=54

[LeftLeg]
ThighAlpha=-0.0392699092626572
ThighTheta=-0.431968986988068
LowerLegAlpha=-0.0392699092626572
LowerLegTheta=-0.431968986988068

[RightLeg]
ThighAlpha=0.0196349546313286
ThighTheta=0.431968986988068
LowerLegAlpha=0
LowerLegTheta=0.392699092626572
