[%General]
Highest=159
CenterX=33.65695175489
CenterY=51.2658307858506
XWidth=52

[LeftLeg]
ThighAlpha=-0.0785398185253143
ThighTheta=-0.0364932343363762
LowerLegAlpha=-0.157079637050629
LowerLegTheta=-0.176119565963745

[RightLeg]
ThighAlpha=0.103529766201973
ThighTheta=0.249106109142303
LowerLegAlpha=-0.0499798804521561
LowerLegTheta=-0.106306403875351
