[%General]
Highest=155
CenterX=31.4322114026794
CenterY=166.349828701941
XWidth=53

[LeftLeg]
ThighAlpha=-0.0999597683548927
ThighTheta=0.60451865196228
LowerLegAlpha=-0.121379718184471
LowerLegTheta=0.0396666079759598

[RightLeg]
ThighAlpha=0.0856798067688942
ThighTheta=-0.322092592716217
LowerLegAlpha=0.00356999784708023
LowerLegTheta=-0.747318267822266
