[%General]
Highest=152
CenterX=31.4271113831089
CenterY=240.703901468788
XWidth=52

[LeftLeg]
ThighAlpha=-0.0785398185253143
ThighTheta=-0.431798994541168
LowerLegAlpha=-0.0142799615859985
LowerLegTheta=-0.537878751754761

[RightLeg]
ThighAlpha=0.0678298473358154
ThighTheta=0.401879131793976
LowerLegAlpha=0.0249899476766586
LowerLegTheta=0.371959179639816
