[%General]
Highest=153
CenterX=31.1538854964198
CenterY=226.663246644555
XWidth=52

[LeftLeg]
ThighAlpha=-0.0785398185253143
ThighTheta=-0.464892268180847
LowerLegAlpha=-0.0678298398852348
LowerLegTheta=-0.249106079339981

[RightLeg]
ThighAlpha=0.0321299284696579
ThighTheta=0.46171897649765
LowerLegAlpha=0.00356999784708023
LowerLegTheta=0.537878811359406
