[%General]
Highest=158
CenterX=33.5979123312672
CenterY=38.2042265276371
XWidth=49

[LeftLeg]
ThighAlpha=-0.0785398185253143
ThighTheta=0.229159519076347
LowerLegAlpha=-0.0499798804521561
LowerLegTheta=-0.116279698908329

[RightLeg]
ThighAlpha=0.103529766201973
ThighTheta=-0.176119565963745
LowerLegAlpha=-0.103529758751392
LowerLegTheta=-0.680678427219391
