[%General]
Highest=154
CenterX=34.4451164420187
CenterY=18.8325742629027
XWidth=47

[LeftLeg]
ThighAlpha=-0.117809727787971
ThighTheta=0.335239291191101
LowerLegAlpha=-0.0678298398852348
LowerLegTheta=0.199239581823349

[RightLeg]
ThighAlpha=0.13922968506813
ThighTheta=0.252279460430145
LowerLegAlpha=0.13922968506813
LowerLegTheta=0.288999378681183
