[%General]
Highest=154
CenterX=34.4451164420187
CenterY=18.8325742629027
XWidth=47

[LeftLeg]
ThighAlpha=-0.0999597683548927
ThighTheta=0.325265944004059
LowerLegAlpha=-0.0499798804521561
LowerLegTheta=0.179292947053909

[RightLeg]
ThighAlpha=0.13922968506813
ThighTheta=0.252279460430145
LowerLegAlpha=0.13922968506813
LowerLegTheta=0.31891930103302
