[%General]
Highest=156
CenterX=33.2161504718862
CenterY=91.6747707031769
XWidth=52

[LeftLeg]
ThighAlpha=0.0142799690365791
ThighTheta=-0.2522794008255
LowerLegAlpha=-0.082109808921814
LowerLegTheta=-0.886944591999054

[RightLeg]
ThighAlpha=0.13922968506813
ThighTheta=0.531532108783722
LowerLegAlpha=0.0142799690365791
LowerLegTheta=0.0396666079759598
