[%General]
Highest=154
CenterX=31.0347696531405
CenterY=259.492533815455
XWidth=50

[LeftLeg]
ThighAlpha=-0.00713998079299927
ThighTheta=0.0333199352025986
LowerLegAlpha=-0.0999597683548927
LowerLegTheta=-0.956757783889771

[RightLeg]
ThighAlpha=0.0499798879027367
ThighTheta=0.249106109142303
LowerLegAlpha=0.00356999784708023
LowerLegTheta=-0.0333198979496956
