[%General]
Highest=148
CenterX=32.1449662381261
CenterY=294.887193377332
XWidth=46

[LeftLeg]
ThighAlpha=-0.0392699092626572
ThighTheta=0.886944651603699
LowerLegAlpha=-0.13922968506813
LowerLegTheta=0.0428399443626404

[RightLeg]
ThighAlpha=0.0856798067688942
ThighTheta=-0.318919241428375
LowerLegAlpha=0.0642598569393158
LowerLegTheta=-0.395079076290131
