[%General]
Highest=150
CenterX=32.4612921951134
CenterY=288.667909725765
XWidth=50

[LeftLeg]
ThighAlpha=-0.0214199498295784
ThighTheta=0.674331784248352
LowerLegAlpha=0.0249899476766586
LowerLegTheta=0.255452781915665

[RightLeg]
ThighAlpha=0.103529766201973
ThighTheta=-0.325265914201736
LowerLegAlpha=0.0428399071097374
LowerLegTheta=-0.24275940656662
