[%General]
Highest=157
CenterX=31.7325305175278
CenterY=180.548532824365
XWidth=54

[LeftLeg]
ThighAlpha=-0.0589048638939857
ThighTheta=0.117809727787971
LowerLegAlpha=-0.0981747731566429
LowerLegTheta=0.353429168462753

[RightLeg]
ThighAlpha=0.0196349546313286
ThighTheta=-0.117809727787971
LowerLegAlpha=0.0785398185253143
LowerLegTheta=-0.785398185253143
