[%General]
Highest=158
CenterX=32.247135756569
CenterY=202.824348376379
XWidth=55

[LeftLeg]
ThighAlpha=-0.0392699092626572
ThighTheta=-0.116279698908329
LowerLegAlpha=-0.178499579429626
LowerLegTheta=-0.146199628710747

[RightLeg]
ThighAlpha=0.13922968506813
ThighTheta=0.401879131793976
LowerLegAlpha=-0.157079637050629
LowerLegTheta=-0.282199323177338
