[%General]
Highest=155
CenterX=31.8295990909621
CenterY=269.254180991784
XWidth=51

[LeftLeg]
ThighAlpha=-0.0785398185253143
ThighTheta=-0.157079637050629
LowerLegAlpha=0.0589048638939857
LowerLegTheta=-0.0785398185253143

[RightLeg]
ThighAlpha=0.0196349546313286
ThighTheta=0
LowerLegAlpha=0.0785398185253143
LowerLegTheta=0.0785398185253143
