[%General]
Highest=154
CenterX=34.8295862847757
CenterY=22.1329090100263
XWidth=48

[LeftLeg]
ThighAlpha=-0.0785398185253143
ThighTheta=0.342039257287979
LowerLegAlpha=-0.103529758751392
LowerLegTheta=0.116279773414135

[RightLeg]
ThighAlpha=0.13922968506813
ThighTheta=0.259079456329346
LowerLegAlpha=0.13922968506813
LowerLegTheta=0.222359538078308
