[%General]
Highest=156
CenterX=34.2807560137457
CenterY=29.0601804123711
XWidth=50

[LeftLeg]
ThighAlpha=-0.0999597683548927
ThighTheta=0.388732463121414
LowerLegAlpha=-0.0678298398852348
LowerLegTheta=-0.0333198979496956

[RightLeg]
ThighAlpha=0.13922968506813
ThighTheta=0.252279460430145
LowerLegAlpha=0.13922968506813
LowerLegTheta=0.172946274280548
