[%General]
Highest=158
CenterX=32.0043341072811
CenterY=126.310531642555
XWidth=56

[LeftLeg]
ThighAlpha=-0.0606898590922356
ThighTheta=0.531532108783722
LowerLegAlpha=-0.0999597683548927
LowerLegTheta=-0.747318267822266

[RightLeg]
ThighAlpha=0.121379725635052
ThighTheta=-0.106306403875351
LowerLegAlpha=0.021419957280159
LowerLegTheta=-0.179292917251587
