[%General]
Highest=156
CenterX=31.3753885536661
CenterY=171.191028219662
XWidth=53

[LeftLeg]
ThighAlpha=-0.082109808921814
ThighTheta=0.448119014501572
LowerLegAlpha=-0.13922968506813
LowerLegTheta=0.070039875805378

[RightLeg]
ThighAlpha=0.0678298473358154
ThighTheta=-0.342039197683334
LowerLegAlpha=0.0428399071097374
LowerLegTheta=-0.694278359413147
