[%General]
Highest=159
CenterX=33.5690752483741
CenterY=55.5184034499948
XWidth=52

[LeftLeg]
ThighAlpha=-0.0606898590922356
ThighTheta=-0.106306403875351
LowerLegAlpha=-0.157079637050629
LowerLegTheta=-0.315745919942856

[RightLeg]
ThighAlpha=0.0678298473358154
ThighTheta=0.325265944004059
LowerLegAlpha=-0.00356999039649963
LowerLegTheta=-0.325265914201736
