[%General]
Highest=157
CenterX=31.7325305175278
CenterY=180.548532824365
XWidth=54

[LeftLeg]
ThighAlpha=-0.0428398996591568
ThighTheta=0.325265944004059
LowerLegAlpha=-0.13922968506813
LowerLegTheta=0.030146598815918

[RightLeg]
ThighAlpha=0.0142799690365791
ThighTheta=-0.106306403875351
LowerLegAlpha=0.0606898665428162
LowerLegTheta=-0.890117883682251
