[%General]
Highest=157
CenterX=32.1925224279443
CenterY=130.106866768467
XWidth=56

[LeftLeg]
ThighAlpha=-0.0428398996591568
ThighTheta=0.391905784606934
LowerLegAlpha=-0.0142799615859985
LowerLegTheta=-0.322092592716217

[RightLeg]
ThighAlpha=0.103529766201973
ThighTheta=-0.176119565963745
LowerLegAlpha=0.0606898665428162
LowerLegTheta=-0.176119565963745
