[%General]
Highest=158
CenterX=32.5032245011507
CenterY=198.243127386763
XWidth=55

[LeftLeg]
ThighAlpha=-0.0428398996591568
ThighTheta=-0.109479740262032
LowerLegAlpha=-0.13922968506813
LowerLegTheta=-0.0333198979496956

[RightLeg]
ThighAlpha=0.0678298473358154
ThighTheta=0.255452781915665
LowerLegAlpha=-0.0285599306225777
LowerLegTheta=-0.112653076648712
