[%General]
Highest=157
CenterX=32.4056243563013
CenterY=134.215039312718
XWidth=56

[LeftLeg]
ThighAlpha=-0.0428398996591568
ThighTheta=0.46489229798317
LowerLegAlpha=0.00356999784708023
LowerLegTheta=-0.112653076648712

[RightLeg]
ThighAlpha=0.13922968506813
ThighTheta=-0.318919241428375
LowerLegAlpha=0.0428399071097374
LowerLegTheta=-0.109479740262032
