[%General]
Highest=159
CenterX=33.6340407151869
CenterY=59.9143298816736
XWidth=53

[LeftLeg]
ThighAlpha=-0.0606898590922356
ThighTheta=-0.172946244478226
LowerLegAlpha=-0.103529758751392
LowerLegTheta=-0.255452752113342

[RightLeg]
ThighAlpha=0.0856798067688942
ThighTheta=0.391905784606934
LowerLegAlpha=-0.0999597683548927
LowerLegTheta=-0.2522794008255
