[%General]
Highest=135
CenterX=31.2125734205625
CenterY=314.79363449692
XWidth=41

[LeftLeg]
ThighAlpha=-0.157079637050629
ThighTheta=-0.371959120035172
LowerLegAlpha=-0.196349546313286
LowerLegTheta=-0.627638518810272

[RightLeg]
ThighAlpha=-0.00356999039649963
ThighTheta=-0.2522794008255
LowerLegAlpha=0.00713998824357986
LowerLegTheta=-0.747318267822266
