[%General]
Highest=155
CenterX=31.0362645741335
CenterY=218.791482669886
XWidth=53

[LeftLeg]
ThighAlpha=-0.13922968506813
ThighTheta=-0.388732433319092
LowerLegAlpha=0.00713998824357986
LowerLegTheta=-0.255452752113342

[RightLeg]
ThighAlpha=0.0321299284696579
ThighTheta=0.391905784606934
LowerLegAlpha=-0.0856797993183136
LowerLegTheta=0.60451865196228
