[%General]
Highest=158
CenterX=33.8539840470695
CenterY=64.0247186711472
XWidth=55

[LeftLeg]
ThighAlpha=-0.082109808921814
ThighTheta=-0.322092592716217
LowerLegAlpha=-0.0499798804521561
LowerLegTheta=-0.176119565963745

[RightLeg]
ThighAlpha=0.0821098163723946
ThighTheta=0.391905784606934
LowerLegAlpha=-0.0678298398852348
LowerLegTheta=-0.0333198979496956
