[%General]
Highest=157
CenterX=32.506954429414
CenterY=108.13624226063
XWidth=55

[LeftLeg]
ThighAlpha=0.0107099786400795
ThighTheta=0.172946274280548
LowerLegAlpha=0.00356999784708023
LowerLegTheta=-1.09955739974976

[RightLeg]
ThighAlpha=0.13922968506813
ThighTheta=0.249106109142303
LowerLegAlpha=0.0249899476766586
LowerLegTheta=-0.106306403875351
