[%General]
Highest=156
CenterX=33.2161504718862
CenterY=91.6747707031769
XWidth=52

[LeftLeg]
ThighAlpha=-0.0785398185253143
ThighTheta=-0.392699092626572
LowerLegAlpha=0.0589048638939857
LowerLegTheta=-0.667588412761688

[RightLeg]
ThighAlpha=0.0981747731566429
ThighTheta=0.510508835315704
LowerLegAlpha=0.0589048638939857
LowerLegTheta=0.0785398185253143
