[%General]
Highest=157
CenterX=33.0533255363881
CenterY=104.611294432146
XWidth=53

[LeftLeg]
ThighAlpha=0.0321299284696579
ThighTheta=-0.106306403875351
LowerLegAlpha=0.00356999784708023
LowerLegTheta=-0.890117883682251

[RightLeg]
ThighAlpha=0.13922968506813
ThighTheta=0.249106109142303
LowerLegAlpha=0.0499798879027367
LowerLegTheta=0.0333199352025986
