[%General]
Highest=155
CenterX=30.5897098260884
CenterY=214.89976394264
XWidth=52

[LeftLeg]
ThighAlpha=-0.157079637050629
ThighTheta=-0.325719207525253
LowerLegAlpha=0.00356999784708023
LowerLegTheta=-0.2454794049263

[RightLeg]
ThighAlpha=0.0142799690365791
ThighTheta=0.424999058246613
LowerLegAlpha=-0.0856797993183136
LowerLegTheta=0.378759175539017
