[%General]
Highest=153
CenterX=31.093962334137
CenterY=255.226720169952
XWidth=48

[LeftLeg]
ThighAlpha=0.0321299284696579
ThighTheta=-0.109479740262032
LowerLegAlpha=-0.103529758751392
LowerLegTheta=-0.81395810842514

[RightLeg]
ThighAlpha=0.0499798879027367
ThighTheta=0.31891930103302
LowerLegAlpha=0.00356999784708023
LowerLegTheta=0.0364932715892792
