[%General]
Highest=152
CenterX=31.1509487115751
CenterY=251.192078879775
XWidth=50

[LeftLeg]
ThighAlpha=0.0107099786400795
ThighTheta=-0.109479740262032
LowerLegAlpha=-0.13922968506813
LowerLegTheta=-1.09955739974976

[RightLeg]
ThighAlpha=0.0856798067688942
ThighTheta=0.395079135894775
LowerLegAlpha=-0.0107099711894989
LowerLegTheta=0.030146598815918
