[%General]
Highest=156
CenterX=31.4869666692891
CenterY=175.981708756195
XWidth=53

[LeftLeg]
ThighAlpha=-0.0428398996591568
ThighTheta=0.46171897649765
LowerLegAlpha=-0.157079637050629
LowerLegTheta=-0.0632398128509521

[RightLeg]
ThighAlpha=0.0321299284696579
ThighTheta=-0.139399647712708
LowerLegAlpha=0.021419957280159
LowerLegTheta=-0.890117883682251
