[%General]
Highest=156
CenterX=33.8733070091506
CenterY=78.7339056372384
XWidth=53

[LeftLeg]
ThighAlpha=-0.0392699092626572
ThighTheta=-0.431798994541168
LowerLegAlpha=-0.0678298398852348
LowerLegTheta=-0.424998998641968

[RightLeg]
ThighAlpha=0.13922968506813
ThighTheta=0.454919010400772
LowerLegAlpha=-0.0214199498295784
LowerLegTheta=0.378759175539017
