[%General]
Highest=152
CenterX=32.868436743713
CenterY=286.30896846831
XWidth=50

[LeftLeg]
ThighAlpha=-0.0214199498295784
ThighTheta=0.60451865196228
LowerLegAlpha=0.00356999784708023
LowerLegTheta=0.252279460430145

[RightLeg]
ThighAlpha=0.121379725635052
ThighTheta=-0.318919241428375
LowerLegAlpha=0.0321299284696579
LowerLegTheta=-0.106306403875351
