[%General]
Highest=155
CenterX=31.8295990909621
CenterY=269.254180991784
XWidth=51

[LeftLeg]
ThighAlpha=-0.0392699092626572
ThighTheta=-0.146199628710747
LowerLegAlpha=0.00356999784708023
LowerLegTheta=-0.0795597806572914

[RightLeg]
ThighAlpha=0.0321299284696579
ThighTheta=-0.0265199020504951
LowerLegAlpha=0.0606898665428162
LowerLegTheta=0.116279773414135
