[%General]
Highest=154
CenterX=31.6698969494302
CenterY=277.019518187402
XWidth=51

[LeftLeg]
ThighAlpha=-0.0981747731566429
ThighTheta=0.274889349937439
LowerLegAlpha=0.0785398185253143
LowerLegTheta=-0.0392699092626572

[RightLeg]
ThighAlpha=0.0981747731566429
ThighTheta=-0.157079637050629
LowerLegAlpha=0.0196349546313286
LowerLegTheta=0
