[%General]
Highest=154
CenterX=31.8577393786632
CenterY=264.312004615992
XWidth=51

[LeftLeg]
ThighAlpha=-0.0196349546313286
ThighTheta=-0.0392699092626572
LowerLegAlpha=0.0589048638939857
LowerLegTheta=-0.549778699874878

[RightLeg]
ThighAlpha=0.0196349546313286
ThighTheta=0.117809727787971
LowerLegAlpha=0.0981747731566429
LowerLegTheta=0
