[%General]
Highest=158
CenterX=33.9234678069034
CenterY=67.4622544463035
XWidth=55

[LeftLeg]
ThighAlpha=-0.0642598494887352
ThighTheta=-0.388732433319092
LowerLegAlpha=-0.082109808921814
LowerLegTheta=-0.182466238737106

[RightLeg]
ThighAlpha=0.0999597758054733
ThighTheta=0.391905784606934
LowerLegAlpha=-0.0856797993183136
LowerLegTheta=0.245932787656784
