[%General]
Highest=152
CenterX=31.3140914123043
CenterY=231.008338964531
XWidth=52

[LeftLeg]
ThighAlpha=-0.0999597683548927
ThighTheta=-0.388732433319092
LowerLegAlpha=-0.0321299210190773
LowerLegTheta=-0.541052103042603

[RightLeg]
ThighAlpha=-0.0214199498295784
ThighTheta=0.46489229798317
LowerLegAlpha=0.00356999784708023
LowerLegTheta=0.531532108783722
