[%General]
Highest=157
CenterX=31.0298698445114
CenterY=117.018508705037
XWidth=54

[LeftLeg]
ThighAlpha=0.0107099786400795
ThighTheta=0.31891930103302
LowerLegAlpha=-0.121379718184471
LowerLegTheta=-0.817131459712982

[RightLeg]
ThighAlpha=0.0499798879027367
ThighTheta=0.0364932715892792
LowerLegAlpha=0.0606898665428162
LowerLegTheta=-0.0364932343363762
