[%General]
Highest=136
CenterX=31.4433697972252
CenterY=309.049937744575
XWidth=43

[LeftLeg]
ThighAlpha=-0.157079637050629
ThighTheta=-0.544678747653961
LowerLegAlpha=-0.196349546313286
LowerLegTheta=-0.448118954896927

[RightLeg]
ThighAlpha=0.0499798879027367
ThighTheta=-0.312119245529175
LowerLegAlpha=0.0107099786400795
LowerLegTheta=-0.634438514709473
