[%General]
Highest=157
CenterX=31.9908197397698
CenterY=184.571533825501
XWidth=52

[LeftLeg]
ThighAlpha=-0.0464098900556564
ThighTheta=0.249106109142303
LowerLegAlpha=-0.13922968506813
LowerLegTheta=-0.0333198979496956

[RightLeg]
ThighAlpha=0.0678298473358154
ThighTheta=-0.388732433319092
LowerLegAlpha=-0.0464098900556564
LowerLegTheta=-0.255452752113342
