[%General]
Highest=158
CenterX=33.5979123312672
CenterY=38.2042265276371
XWidth=49

[LeftLeg]
ThighAlpha=-0.0428398996591568
ThighTheta=0.249106109142303
LowerLegAlpha=-0.13922968506813
LowerLegTheta=-0.176119565963745

[RightLeg]
ThighAlpha=0.103529766201973
ThighTheta=-0.176119565963745
LowerLegAlpha=-0.103529758751392
LowerLegTheta=-0.680678427219391
