[%General]
Highest=158
CenterX=32.5032245011507
CenterY=198.243127386763
XWidth=55

[LeftLeg]
ThighAlpha=0
ThighTheta=-0.157079637050629
LowerLegAlpha=-0.0981747731566429
LowerLegTheta=0.0785398185253143

[RightLeg]
ThighAlpha=0.0785398185253143
ThighTheta=0.628318548202515
LowerLegAlpha=0.0981747731566429
LowerLegTheta=-0.706858336925507
