[%General]
Highest=154
CenterX=34.2950090365633
CenterY=16.7617127763103
XWidth=48

[LeftLeg]
ThighAlpha=-0.0999597683548927
ThighTheta=0.252279460430145
LowerLegAlpha=-0.0678298398852348
LowerLegTheta=0.31891930103302

[RightLeg]
ThighAlpha=0.13922968506813
ThighTheta=0.249106109142303
LowerLegAlpha=0.13922968506813
LowerLegTheta=0.322092622518539
