[%General]
Highest=156
CenterX=34.2807560137457
CenterY=29.0601804123711
XWidth=50

[LeftLeg]
ThighAlpha=-0.117809727787971
ThighTheta=0.378759175539017
LowerLegAlpha=-0.0499798804521561
LowerLegTheta=-0.0333198830485344

[RightLeg]
ThighAlpha=0.13922968506813
ThighTheta=0.252279460430145
LowerLegAlpha=0.13922968506813
LowerLegTheta=0.123079754412174
