[%General]
Highest=155
CenterX=33.5401627198255
CenterY=87.0816534794643
XWidth=52

[LeftLeg]
ThighAlpha=-0.00356999039649963
ThighTheta=-0.461718916893005
LowerLegAlpha=-0.0678298398852348
LowerLegTheta=-0.534705400466919

[RightLeg]
ThighAlpha=0.13922968506813
ThighTheta=0.46171897649765
LowerLegAlpha=0.0285599380731583
LowerLegTheta=0.249106109142303
