[%General]
Highest=158
CenterX=32.7302290014891
CenterY=188.463127674703
XWidth=54

[LeftLeg]
ThighAlpha=0.0499798879027367
ThighTheta=0.179292947053909
LowerLegAlpha=-0.157079637050629
LowerLegTheta=-0.0364932343363762

[RightLeg]
ThighAlpha=0.121379725635052
ThighTheta=-0.322092592716217
LowerLegAlpha=-0.0785398185253143
LowerLegTheta=0.0396666079759598
