[%General]
Highest=159
CenterX=33.8414320247102
CenterY=42.0675835981915
XWidth=52

[LeftLeg]
ThighAlpha=-0.0785398185253143
ThighTheta=0.235619455575943
LowerLegAlpha=-0.0392699092626572
LowerLegTheta=-0.314159274101257

[RightLeg]
ThighAlpha=0.0981747731566429
ThighTheta=-0.314159274101257
LowerLegAlpha=-0.0981747731566429
LowerLegTheta=-0.235619455575943
