[%General]
Highest=153
CenterX=31.2719250378085
CenterY=222.618812267107
XWidth=53

[LeftLeg]
ThighAlpha=-0.0999597683548927
ThighTheta=-0.391905754804611
LowerLegAlpha=-0.0499798804521561
LowerLegTheta=-0.398252427577972

[RightLeg]
ThighAlpha=0.0499798879027367
ThighTheta=0.46171897649765
LowerLegAlpha=-0.0464098900556564
LowerLegTheta=0.534705460071564
