[%General]
Highest=158
CenterX=32.5032245011507
CenterY=198.243127386763
XWidth=55

[LeftLeg]
ThighAlpha=0.0107099786400795
ThighTheta=-0.199239507317543
LowerLegAlpha=-0.157079637050629
LowerLegTheta=0.146199703216553

[RightLeg]
ThighAlpha=0.13922968506813
ThighTheta=0.215559557080269
LowerLegAlpha=-0.117809727787971
LowerLegTheta=-0.0727597996592522
