[%General]
Highest=157
CenterX=31.0298698445114
CenterY=117.018508705037
XWidth=54

[LeftLeg]
ThighAlpha=0.0196349546313286
ThighTheta=0.353429168462753
LowerLegAlpha=-0.0589048638939857
LowerLegTheta=-0.785398185253143

[RightLeg]
ThighAlpha=0.0392699092626572
ThighTheta=0.0785398185253143
LowerLegAlpha=0.0981747731566429
LowerLegTheta=-0.157079637050629
