[%General]
Highest=152
CenterX=31.4271113831089
CenterY=240.703901468788
XWidth=52

[LeftLeg]
ThighAlpha=-0.0606898590922356
ThighTheta=-0.391905754804611
LowerLegAlpha=0.00356999784708023
LowerLegTheta=-0.607691943645477

[RightLeg]
ThighAlpha=0.0678298473358154
ThighTheta=0.391905784606934
LowerLegAlpha=0.0249899476766586
LowerLegTheta=0.391905784606934
