[%General]
Highest=159
CenterX=33.5822150653069
CenterY=46.4668433530149
XWidth=52

[LeftLeg]
ThighAlpha=-0.0606898590922356
ThighTheta=0.176119610667229
LowerLegAlpha=-0.13922968506813
LowerLegTheta=-0.179292917251587

[RightLeg]
ThighAlpha=0.121379725635052
ThighTheta=-0.2459327429533
LowerLegAlpha=-0.117809727787971
LowerLegTheta=-0.109479740262032
