[%General]
Highest=153
CenterX=32.0735233657668
CenterY=280.272714814307
XWidth=51

[LeftLeg]
ThighAlpha=-0.0392699092626572
ThighTheta=0.484838932752609
LowerLegAlpha=0.0606898665428162
LowerLegTheta=-0.0795597806572914

[RightLeg]
ThighAlpha=0.103529766201973
ThighTheta=-0.206039488315582
LowerLegAlpha=0.0285599380731583
LowerLegTheta=-0.0795597806572914
