[%General]
Highest=156
CenterX=32.2980080648424
CenterY=142.075105530756
XWidth=56

[LeftLeg]
ThighAlpha=-0.0981747731566429
ThighTheta=0.471238911151886
LowerLegAlpha=-0.0392699092626572
LowerLegTheta=0.353429168462753

[RightLeg]
ThighAlpha=0.0981747731566429
ThighTheta=-0.431968986988068
LowerLegAlpha=0.0981747731566429
LowerLegTheta=-0.196349546313286
