[%General]
Highest=133
CenterX=30.9093842623578
CenterY=320.408189119419
XWidth=40

[LeftLeg]
ThighAlpha=-0.157079637050629
ThighTheta=0.030146598815918
LowerLegAlpha=-0.157079637050629
LowerLegTheta=-1.02974426746368

[RightLeg]
ThighAlpha=-0.0214199498295784
ThighTheta=-0.109479740262032
LowerLegAlpha=0.021419957280159
LowerLegTheta=-0.959931075572968
