[%General]
Highest=153
CenterX=31.093962334137
CenterY=255.226720169952
XWidth=48

[LeftLeg]
ThighAlpha=0.0321299284696579
ThighTheta=-0.139399647712708
LowerLegAlpha=-0.121379718184471
LowerLegTheta=-0.81395810842514

[RightLeg]
ThighAlpha=0.0499798879027367
ThighTheta=0.288999378681183
LowerLegAlpha=0.00356999784708023
LowerLegTheta=0.0863598436117172
