[%General]
Highest=154
CenterX=31.0347696531405
CenterY=259.492533815455
XWidth=50

[LeftLeg]
ThighAlpha=-0.00713998079299927
ThighTheta=0.0632398948073387
LowerLegAlpha=-0.0999597683548927
LowerLegTheta=-0.956757783889771

[RightLeg]
ThighAlpha=0.0499798879027367
ThighTheta=0.259079456329346
LowerLegAlpha=0.00356999784708023
LowerLegTheta=-0.00339995324611664
