[%General]
Highest=155
CenterX=32.2888306055027
CenterY=153.490265553678
XWidth=54

[LeftLeg]
ThighAlpha=-0.0606898590922356
ThighTheta=0.534705460071564
LowerLegAlpha=-0.157079637050629
LowerLegTheta=0.391905784606934

[RightLeg]
ThighAlpha=0.13922968506813
ThighTheta=-0.461718916893005
LowerLegAlpha=0.0821098163723946
LowerLegTheta=-0.468065589666367
