[%General]
Highest=156
CenterX=33.8698756873681
CenterY=74.5295275077533
XWidth=53

[LeftLeg]
ThighAlpha=-0.0428398996591568
ThighTheta=-0.464892268180847
LowerLegAlpha=-0.0678298398852348
LowerLegTheta=-0.24275940656662

[RightLeg]
ThighAlpha=0.0856798067688942
ThighTheta=0.391905784606934
LowerLegAlpha=0.0142799690365791
LowerLegTheta=0.458545625209808
