[%General]
Highest=155
CenterX=34.715044607284
CenterY=25.8760058122276
XWidth=48

[LeftLeg]
ThighAlpha=-0.117809727787971
ThighTheta=0.371959179639816
LowerLegAlpha=-0.0285599306225777
LowerLegTheta=0.00340002961456776

[RightLeg]
ThighAlpha=0.13922968506813
ThighTheta=0.282199382781982
LowerLegAlpha=0.13922968506813
LowerLegTheta=0.123079754412174
