[%General]
Highest=156
CenterX=34.0390456338867
CenterY=70.9143030844438
XWidth=53

[LeftLeg]
ThighAlpha=-0.0428398996591568
ThighTheta=-0.391905754804611
LowerLegAlpha=-0.0856797993183136
LowerLegTheta=-0.322092592716217

[RightLeg]
ThighAlpha=0.103529766201973
ThighTheta=0.391905784606934
LowerLegAlpha=-0.0499798804521561
LowerLegTheta=0.388732463121414
