[%General]
Highest=157
CenterX=32.5276626923333
CenterY=138.536308532605
XWidth=56

[LeftLeg]
ThighAlpha=-0.0392699092626572
ThighTheta=0.46171897649765
LowerLegAlpha=0.00356999784708023
LowerLegTheta=0.106306441128254

[RightLeg]
ThighAlpha=0.13922968506813
ThighTheta=-0.395079076290131
LowerLegAlpha=0.021419957280159
LowerLegTheta=-0.10313306748867
