[%General]
Highest=152
CenterX=32.868436743713
CenterY=286.30896846831
XWidth=50

[LeftLeg]
ThighAlpha=-0.0392699092626572
ThighTheta=0.60451865196228
LowerLegAlpha=0.021419957280159
LowerLegTheta=0.222359538078308

[RightLeg]
ThighAlpha=0.103529766201973
ThighTheta=-0.288999319076538
LowerLegAlpha=0.0499798879027367
LowerLegTheta=-0.176119565963745
