[%General]
Highest=152
CenterX=31.4034638484101
CenterY=235.45905302854
XWidth=52

[LeftLeg]
ThighAlpha=-0.0606898590922356
ThighTheta=-0.391905754804611
LowerLegAlpha=-0.0464098900556564
LowerLegTheta=-0.534705400466919

[RightLeg]
ThighAlpha=0.0678298473358154
ThighTheta=0.46171897649765
LowerLegAlpha=0.021419957280159
LowerLegTheta=0.395079135894775
