[%General]
Highest=157
CenterX=34.0750294156099
CenterY=32.2264086808733
XWidth=51

[LeftLeg]
ThighAlpha=-0.0981747731566429
ThighTheta=0.314159274101257
LowerLegAlpha=-0.0785398185253143
LowerLegTheta=0

[RightLeg]
ThighAlpha=0.0196349546313286
ThighTheta=-0.235619455575943
LowerLegAlpha=0.0981747731566429
LowerLegTheta=-0.785398185253143
