[%General]
Highest=152
CenterX=31.1509487115751
CenterY=251.192078879775
XWidth=50

[LeftLeg]
ThighAlpha=0.0196349546313286
ThighTheta=-0.274889349937439
LowerLegAlpha=-0.0981747731566429
LowerLegTheta=-0.785398185253143

[RightLeg]
ThighAlpha=0.0785398185253143
ThighTheta=0.353429168462753
LowerLegAlpha=0
LowerLegTheta=0.117809727787971
