[%General]
Highest=159
CenterX=33.5822150653069
CenterY=46.4668433530149
XWidth=52

[LeftLeg]
ThighAlpha=-0.0785398185253143
ThighTheta=0.0564399100840092
LowerLegAlpha=-0.0856797993183136
LowerLegTheta=-0.139399647712708

[RightLeg]
ThighAlpha=0.13922968506813
ThighTheta=-0.206039488315582
LowerLegAlpha=-0.117809727787971
LowerLegTheta=-0.109479710459709
