[%General]
Highest=148
CenterX=31.9900679991758
CenterY=298.326725736658
XWidth=45

[LeftLeg]
ThighAlpha=-0.0392699092626572
ThighTheta=0.926837921142578
LowerLegAlpha=0.021419957280159
LowerLegTheta=0.0727598741650581

[RightLeg]
ThighAlpha=0.0856798067688942
ThighTheta=-0.312119245529175
LowerLegAlpha=0.0642598569393158
LowerLegTheta=-0.514758765697479
