[%General]
Highest=156
CenterX=30.7101299091387
CenterY=210.871682811444
XWidth=55

[LeftLeg]
ThighAlpha=-0.0785398185253143
ThighTheta=-0.2459327429533
LowerLegAlpha=-0.13922968506813
LowerLegTheta=-0.249106079339981

[RightLeg]
ThighAlpha=0.0285599380731583
ThighTheta=0.395079135894775
LowerLegAlpha=-0.0678298398852348
LowerLegTheta=0.172946274280548
