[%General]
Highest=155
CenterX=33.5401627198255
CenterY=87.0816534794643
XWidth=52

[LeftLeg]
ThighAlpha=0
ThighTheta=-0.431968986988068
LowerLegAlpha=-0.0785398185253143
LowerLegTheta=-0.589048624038696

[RightLeg]
ThighAlpha=0.0981747731566429
ThighTheta=0.471238911151886
LowerLegAlpha=0.0785398185253143
LowerLegTheta=0.235619455575943
