[%General]
Highest=156
CenterX=33.2826432337434
CenterY=100.735353251318
XWidth=53

[LeftLeg]
ThighAlpha=0.0499798879027367
ThighTheta=-0.249106079339981
LowerLegAlpha=-0.0499798804521561
LowerLegTheta=-0.820304751396179

[RightLeg]
ThighAlpha=0.13922968506813
ThighTheta=0.322092622518539
LowerLegAlpha=0.021419957280159
LowerLegTheta=0.109479777514935
