[%General]
Highest=157
CenterX=33.7655470803909
CenterY=34.9598222180305
XWidth=51

[LeftLeg]
ThighAlpha=-0.0642598494887352
ThighTheta=0.408679097890854
LowerLegAlpha=-0.103529758751392
LowerLegTheta=-0.24275940656662

[RightLeg]
ThighAlpha=0.0856798067688942
ThighTheta=-0.312119245529175
LowerLegAlpha=-0.00713998079299927
LowerLegTheta=-0.634438514709473
