[%General]
Highest=156
CenterX=32.862865819989
CenterY=96.4863059083379
XWidth=52

[LeftLeg]
ThighAlpha=0.0321299284696579
ThighTheta=-0.322092592716217
LowerLegAlpha=-0.0678298398852348
LowerLegTheta=-0.747318267822266

[RightLeg]
ThighAlpha=0.13922968506813
ThighTheta=0.395079135894775
LowerLegAlpha=0.0428399071097374
LowerLegTheta=0.103133104741573
