[%General]
Highest=156
CenterX=31.3753885536661
CenterY=171.191028219662
XWidth=53

[LeftLeg]
ThighAlpha=-0.0642598494887352
ThighTheta=0.468065619468689
LowerLegAlpha=-0.13922968506813
LowerLegTheta=0.030146598815918

[RightLeg]
ThighAlpha=0.0678298473358154
ThighTheta=-0.322092592716217
LowerLegAlpha=0.0428399071097374
LowerLegTheta=-0.744144916534424
