[%General]
Highest=155
CenterX=30.5897098260884
CenterY=214.89976394264
XWidth=52

[LeftLeg]
ThighAlpha=-0.0785398185253143
ThighTheta=-0.392699092626572
LowerLegAlpha=-0.0981747731566429
LowerLegTheta=-0.0785398185253143

[RightLeg]
ThighAlpha=0.0196349546313286
ThighTheta=0.392699092626572
LowerLegAlpha=-0.0981747731566429
LowerLegTheta=0.471238911151886
