[%General]
Highest=148
CenterX=32.1449662381261
CenterY=294.887193377332
XWidth=46

[LeftLeg]
ThighAlpha=-0.0785398185253143
ThighTheta=0.785398185253143
LowerLegAlpha=0.0589048638939857
LowerLegTheta=0.235619455575943

[RightLeg]
ThighAlpha=0.0981747731566429
ThighTheta=-0.392699092626572
LowerLegAlpha=0.0392699092626572
LowerLegTheta=-0.314159274101257
