[%General]
Highest=154
CenterX=31.0347696531405
CenterY=259.492533815455
XWidth=50

[LeftLeg]
ThighAlpha=-0.0196349546313286
ThighTheta=0
LowerLegAlpha=0
LowerLegTheta=-0.785398185253143

[RightLeg]
ThighAlpha=0.0589048638939857
ThighTheta=0.274889349937439
LowerLegAlpha=0
LowerLegTheta=-0.0392699092626572
