[%General]
Highest=157
CenterX=33.0533255363881
CenterY=104.611294432146
XWidth=53

[LeftLeg]
ThighAlpha=0.0142799690365791
ThighTheta=-0.176119565963745
LowerLegAlpha=0.00356999784708023
LowerLegTheta=-0.80035811662674

[RightLeg]
ThighAlpha=0.13922968506813
ThighTheta=0.288999378681183
LowerLegAlpha=0.0678298473358154
LowerLegTheta=-0.0265199020504951
