[%General]
Highest=158
CenterX=33.8539840470695
CenterY=64.0247186711472
XWidth=55

[LeftLeg]
ThighAlpha=-0.082109808921814
ThighTheta=-0.312119245529175
LowerLegAlpha=-0.0678298398852348
LowerLegTheta=-0.176119565963745

[RightLeg]
ThighAlpha=0.0821098163723946
ThighTheta=0.371959179639816
LowerLegAlpha=-0.0678298398852348
LowerLegTheta=-0.00339995324611664
