[%General]
Highest=157
CenterX=31.8635064192526
CenterY=121.827602786008
XWidth=55

[LeftLeg]
ThighAlpha=-0.0464098900556564
ThighTheta=0.391905784606934
LowerLegAlpha=0.00713998824357986
LowerLegTheta=-0.956757783889771

[RightLeg]
ThighAlpha=0.121379725635052
ThighTheta=-0.0364932343363762
LowerLegAlpha=0.0999597758054733
LowerLegTheta=-0.109479740262032
