[%General]
Highest=157
CenterX=33.7655470803909
CenterY=34.9598222180305
XWidth=51

[LeftLeg]
ThighAlpha=-0.0107099711894989
ThighTheta=0.249106109142303
LowerLegAlpha=-0.157079637050629
LowerLegTheta=-0.0333198979496956

[RightLeg]
ThighAlpha=0.0856798067688942
ThighTheta=-0.322092592716217
LowerLegAlpha=0.0107099786400795
LowerLegTheta=-0.604518592357635
