[%General]
Highest=155
CenterX=30.5897098260884
CenterY=214.89976394264
XWidth=52

[LeftLeg]
ThighAlpha=-0.13922968506813
ThighTheta=-0.315745919942856
LowerLegAlpha=-0.0142799615859985
LowerLegTheta=-0.255452752113342

[RightLeg]
ThighAlpha=0.0321299284696579
ThighTheta=0.395079135894775
LowerLegAlpha=-0.121379718184471
LowerLegTheta=0.458545625209808
