[%General]
Highest=154
CenterX=31.8577393786632
CenterY=264.312004615992
XWidth=51

[LeftLeg]
ThighAlpha=-0.0214199498295784
ThighTheta=0.0333199352025986
LowerLegAlpha=0.0249899476766586
LowerLegTheta=-0.674331784248352

[RightLeg]
ThighAlpha=0.0499798879027367
ThighTheta=0.106306441128254
LowerLegAlpha=0.00356999784708023
LowerLegTheta=0.0396666079759598
