[%General]
Highest=156
CenterX=33.2161504718862
CenterY=91.6747707031769
XWidth=52

[LeftLeg]
ThighAlpha=0
ThighTheta=-0.392699092626572
LowerLegAlpha=-0.0589048638939857
LowerLegTheta=-0.628318548202515

[RightLeg]
ThighAlpha=0.0785398185253143
ThighTheta=0.392699092626572
LowerLegAlpha=0.0981747731566429
LowerLegTheta=0.235619455575943
