[%General]
Highest=158
CenterX=32.4330146341463
CenterY=192.9712
XWidth=54

[LeftLeg]
ThighAlpha=0.0196349546313286
ThighTheta=0
LowerLegAlpha=-0.0981747731566429
LowerLegTheta=0.0785398185253143

[RightLeg]
ThighAlpha=0.0981747731566429
ThighTheta=-0.274889349937439
LowerLegAlpha=-0.0589048638939857
LowerLegTheta=0.157079637050629
