[%General]
Highest=155
CenterX=32.2888306055027
CenterY=153.490265553678
XWidth=54

[LeftLeg]
ThighAlpha=-0.0785398185253143
ThighTheta=0.544678807258606
LowerLegAlpha=-0.121379718184471
LowerLegTheta=0.371959179639816

[RightLeg]
ThighAlpha=0.13922968506813
ThighTheta=-0.461718916893005
LowerLegAlpha=0.0821098163723946
LowerLegTheta=-0.448118954896927
