[%General]
Highest=152
CenterX=31.4028296444728
CenterY=245.91108783435
XWidth=52

[LeftLeg]
ThighAlpha=-0.0214199498295784
ThighTheta=-0.322092592716217
LowerLegAlpha=-0.0499798804521561
LowerLegTheta=-0.747318267822266

[RightLeg]
ThighAlpha=0.0856798067688942
ThighTheta=0.391905784606934
LowerLegAlpha=0.0249899476766586
LowerLegTheta=0.252279460430145
