[%General]
Highest=149
CenterX=32.4078221356702
CenterY=291.837318330989
XWidth=48

[LeftLeg]
ThighAlpha=-0.0606898590922356
ThighTheta=0.817131459712982
LowerLegAlpha=-0.082109808921814
LowerLegTheta=0.112653113901615

[RightLeg]
ThighAlpha=0.121379725635052
ThighTheta=-0.388732433319092
LowerLegAlpha=0.0428399071097374
LowerLegTheta=-0.2522794008255
