[%General]
Highest=148
CenterX=31.9900679991758
CenterY=298.326725736658
XWidth=45

[LeftLeg]
ThighAlpha=-0.00356999039649963
ThighTheta=0.886944651603699
LowerLegAlpha=-0.103529758751392
LowerLegTheta=0.0428399443626404

[RightLeg]
ThighAlpha=0.0856798067688942
ThighTheta=-0.322092592716217
LowerLegAlpha=0.0642598569393158
LowerLegTheta=-0.464892268180847
