[%General]
Highest=156
CenterX=33.6794232941333
CenterY=82.8813766527141
XWidth=53

[LeftLeg]
ThighAlpha=-0.00356999039649963
ThighTheta=-0.461718916893005
LowerLegAlpha=-0.103529758751392
LowerLegTheta=-0.464892268180847

[RightLeg]
ThighAlpha=0.13922968506813
ThighTheta=0.46489229798317
LowerLegAlpha=0.00356999784708023
LowerLegTheta=0.31891930103302
