[%General]
Highest=157
CenterX=31.8635064192526
CenterY=121.827602786008
XWidth=55

[LeftLeg]
ThighAlpha=-0.0464098900556564
ThighTheta=0.401879131793976
LowerLegAlpha=-0.0999597683548927
LowerLegTheta=-0.956757783889771

[RightLeg]
ThighAlpha=0.121379725635052
ThighTheta=-0.0564398318529129
LowerLegAlpha=0.0999597758054733
LowerLegTheta=-0.109479710459709
