[%General]
Highest=157
CenterX=34.0750294156099
CenterY=32.2264086808733
XWidth=51

[LeftLeg]
ThighAlpha=-0.0999597683548927
ThighTheta=0.31891930103302
LowerLegAlpha=-0.0678298398852348
LowerLegTheta=-0.0364932343363762

[RightLeg]
ThighAlpha=0.0678298473358154
ThighTheta=-0.0396665707230568
LowerLegAlpha=0.0107099786400795
LowerLegTheta=-1.09955739974976
