[%General]
Highest=156
CenterX=32.862865819989
CenterY=96.4863059083379
XWidth=52

[LeftLeg]
ThighAlpha=0.0321299284696579
ThighTheta=-0.282199323177338
LowerLegAlpha=-0.0678298398852348
LowerLegTheta=-0.837078034877777

[RightLeg]
ThighAlpha=0.13922968506813
ThighTheta=0.395079135894775
LowerLegAlpha=0.0249899476766586
LowerLegTheta=0.123079754412174
