[%General]
Highest=133
CenterX=30.9093842623578
CenterY=320.408189119419
XWidth=40

[LeftLeg]
ThighAlpha=-0.157079637050629
ThighTheta=-0.139399647712708
LowerLegAlpha=-0.157079637050629
LowerLegTheta=-0.920037806034088

[RightLeg]
ThighAlpha=-0.0214199498295784
ThighTheta=-0.169319570064545
LowerLegAlpha=0.00356999784708023
LowerLegTheta=-0.860197961330414
