[%General]
Highest=153
CenterX=32.0735233657668
CenterY=280.272714814307
XWidth=51

[LeftLeg]
ThighAlpha=-0.0392699092626572
ThighTheta=0.534705460071564
LowerLegAlpha=0.0249899476766586
LowerLegTheta=-0.179292917251587

[RightLeg]
ThighAlpha=0.0856798067688942
ThighTheta=-0.176119565963745
LowerLegAlpha=0.046409897506237
LowerLegTheta=-0.109479740262032
