[%General]
Highest=154
CenterX=31.5648845478967
CenterY=273.53064488579
XWidth=51

[LeftLeg]
ThighAlpha=-0.0981747731566429
ThighTheta=0.314159274101257
LowerLegAlpha=-0.0392699092626572
LowerLegTheta=-0.392699092626572

[RightLeg]
ThighAlpha=0.0981747731566429
ThighTheta=-0.0785398185253143
LowerLegAlpha=0
LowerLegTheta=-0.0785398185253143
