[%General]
Highest=155
CenterX=31.6367121491084
CenterY=161.757597921763
XWidth=54

[LeftLeg]
ThighAlpha=-0.0999597683548927
ThighTheta=0.60451865196228
LowerLegAlpha=-0.157079637050629
LowerLegTheta=0.109479777514935

[RightLeg]
ThighAlpha=0.103529766201973
ThighTheta=-0.395079076290131
LowerLegAlpha=0.0821098163723946
LowerLegTheta=-0.67115843296051
