[%General]
Highest=156
CenterX=34.0390456338867
CenterY=70.9143030844438
XWidth=53

[LeftLeg]
ThighAlpha=-0.0428398996591568
ThighTheta=-0.401879042387009
LowerLegAlpha=-0.0856797993183136
LowerLegTheta=-0.282199323177338

[RightLeg]
ThighAlpha=0.0856798067688942
ThighTheta=0.371959179639816
LowerLegAlpha=-0.0321299210190773
LowerLegTheta=0.408679097890854
