[%General]
Highest=157
CenterX=31.7172148238761
CenterY=112.414898940755
XWidth=56

[LeftLeg]
ThighAlpha=0.0142799690365791
ThighTheta=0.315745949745178
LowerLegAlpha=-0.0142799615859985
LowerLegTheta=-0.886944591999054

[RightLeg]
ThighAlpha=0.13922968506813
ThighTheta=0.18246628344059
LowerLegAlpha=0.0107099786400795
LowerLegTheta=-0.182466238737106
