[%General]
Highest=154
CenterX=31.6698969494302
CenterY=277.019518187402
XWidth=51

[LeftLeg]
ThighAlpha=-0.0785398185253143
ThighTheta=0.31891930103302
LowerLegAlpha=0.0428399071097374
LowerLegTheta=-0.10313306748867

[RightLeg]
ThighAlpha=0.121379725635052
ThighTheta=-0.176119565963745
LowerLegAlpha=0.021419957280159
LowerLegTheta=0.0333199352025986
