[%General]
Highest=156
CenterX=33.8733070091506
CenterY=78.7339056372384
XWidth=53

[LeftLeg]
ThighAlpha=-0.0392699092626572
ThighTheta=-0.461718916893005
LowerLegAlpha=-0.0678298398852348
LowerLegTheta=-0.395079076290131

[RightLeg]
ThighAlpha=0.13922968506813
ThighTheta=0.46489229798317
LowerLegAlpha=-0.0214199498295784
LowerLegTheta=0.388732463121414
