[%General]
Highest=154
CenterX=34.8295862847757
CenterY=22.1329090100263
XWidth=48

[LeftLeg]
ThighAlpha=-0.0606898590922356
ThighTheta=0.391905784606934
LowerLegAlpha=-0.121379718184471
LowerLegTheta=0.0364932715892792

[RightLeg]
ThighAlpha=0.13922968506813
ThighTheta=0.249106109142303
LowerLegAlpha=0.13922968506813
LowerLegTheta=0.252279460430145
