[%General]
Highest=154
CenterX=31.5648845478967
CenterY=273.53064488579
XWidth=51

[LeftLeg]
ThighAlpha=-0.0785398185253143
ThighTheta=0.31891930103302
LowerLegAlpha=0.021419957280159
LowerLegTheta=-0.2459327429533

[RightLeg]
ThighAlpha=0.121379725635052
ThighTheta=-0.0364932343363762
LowerLegAlpha=-0.0606898590922356
LowerLegTheta=-0.0396665707230568
