[%General]
Highest=158
CenterX=32.4330146341463
CenterY=192.9712
XWidth=54

[LeftLeg]
ThighAlpha=0.0107099786400795
ThighTheta=0.109479777514935
LowerLegAlpha=-0.157079637050629
LowerLegTheta=-0.106306403875351

[RightLeg]
ThighAlpha=0.0499798879027367
ThighTheta=0.46171897649765
LowerLegAlpha=0.13922968506813
LowerLegTheta=-0.956757783889771
