[%General]
Highest=155
CenterX=32.570739840761
CenterY=149.311058835694
XWidth=55

[LeftLeg]
ThighAlpha=-0.0606898590922356
ThighTheta=0.46489229798317
LowerLegAlpha=-0.0999597683548927
LowerLegTheta=0.534705460071564

[RightLeg]
ThighAlpha=0.13922968506813
ThighTheta=-0.464892268180847
LowerLegAlpha=0.0428399071097374
LowerLegTheta=-0.315745919942856
