[%General]
Highest=158
CenterX=32.247135756569
CenterY=202.824348376379
XWidth=55

[LeftLeg]
ThighAlpha=-0.0392699092626572
ThighTheta=-0.106306403875351
LowerLegAlpha=-0.178499579429626
LowerLegTheta=-0.176119565963745

[RightLeg]
ThighAlpha=0.103529766201973
ThighTheta=0.249106109142303
LowerLegAlpha=-0.121379718184471
LowerLegTheta=-0.112653076648712
