[%General]
Highest=142
CenterX=31.8224052304017
CenterY=303.250330043377
XWidth=43

[LeftLeg]
ThighAlpha=-0.157079637050629
ThighTheta=-0.391905754804611
LowerLegAlpha=-0.178499579429626
LowerLegTheta=-0.468065589666367

[RightLeg]
ThighAlpha=0.0678298473358154
ThighTheta=-0.322092592716217
LowerLegAlpha=0.0642598569393158
LowerLegTheta=-0.601345241069794
