[%General]
Highest=153
CenterX=32.4838999629884
CenterY=283.469483071609
XWidth=51

[LeftLeg]
ThighAlpha=-0.0606898590922356
ThighTheta=0.534705460071564
LowerLegAlpha=0.021419957280159
LowerLegTheta=0.176119610667229

[RightLeg]
ThighAlpha=0.0856798067688942
ThighTheta=-0.2459327429533
LowerLegAlpha=0.046409897506237
LowerLegTheta=-0.109479740262032
