[%General]
Highest=149
CenterX=32.4078221356702
CenterY=291.837318330989
XWidth=48

[LeftLeg]
ThighAlpha=-0.0785398185253143
ThighTheta=0.777238249778748
LowerLegAlpha=0.0606898665428162
LowerLegTheta=0.19243960082531

[RightLeg]
ThighAlpha=0.103529766201973
ThighTheta=-0.348839163780212
LowerLegAlpha=0.0606898665428162
LowerLegTheta=-0.312119245529175
