[%General]
Highest=159
CenterX=33.8414320247102
CenterY=42.0675835981915
XWidth=52

[LeftLeg]
ThighAlpha=-0.024989940226078
ThighTheta=0.179292947053909
LowerLegAlpha=-0.157079637050629
LowerLegTheta=-0.176119565963745

[RightLeg]
ThighAlpha=0.13922968506813
ThighTheta=-0.315745919942856
LowerLegAlpha=-0.117809727787971
LowerLegTheta=-0.112653076648712
