[%General]
CenterX=29.5684261421503
CenterY=99.5644449473803
Highest=161
XWidth=54

[LeftLeg]
LowerLegAlpha=-0.0981747731566429
LowerLegTheta=0
ThighAlpha=-0.0589048638939857
ThighTheta=0

[RightLeg]
LowerLegAlpha=0.0392699092626572
LowerLegTheta=-0.785398185253143
ThighAlpha=0.0589048638939857
ThighTheta=0.157079637050629
