[%General]
CenterX=31.283559479755
CenterY=80.7470622605986
Highest=159
XWidth=58

[LeftLeg]
LowerLegAlpha=-0.0392699092626572
LowerLegTheta=0.0785398185253143
ThighAlpha=-0.0589048638939857
ThighTheta=0.392699092626572

[RightLeg]
LowerLegAlpha=0.0981747731566429
LowerLegTheta=-0.785398185253143
ThighAlpha=0.0981747731566429
ThighTheta=-0.235619455575943
