[%General]
CenterX=25.9764519261012
CenterY=274.530556429226
Highest=154
XWidth=48

[LeftLeg]
LowerLegAlpha=-0.0196349546313286
LowerLegTheta=-0.471238911151886
ThighAlpha=-0.0392699092626572
ThighTheta=-0.392699092626572

[RightLeg]
LowerLegAlpha=0.0196349546313286
LowerLegTheta=0.314159274101257
ThighAlpha=-0.0196349546313286
ThighTheta=0.471238911151886
