[%General]
CenterX=28.5248964830442
CenterY=322.31938256722
Highest=128
XWidth=38

[LeftLeg]
LowerLegAlpha=0.235619455575943
LowerLegTheta=-0.471238911151886
ThighAlpha=-0.392699092626572
ThighTheta=-0.117809727787971

[RightLeg]
LowerLegAlpha=0.0785398185253143
LowerLegTheta=-0.392699092626572
ThighAlpha=-0.0785398185253143
ThighTheta=-0.235619455575943
