[%General]
CenterX=28.2671976346177
CenterY=299.851098118083
Highest=149
XWidth=47

[LeftLeg]
LowerLegAlpha=0.0589048638939857
LowerLegTheta=-0.785398185253143
ThighAlpha=-0.0589048638939857
ThighTheta=0.0785398185253143

[RightLeg]
LowerLegAlpha=-0.0589048638939857
LowerLegTheta=-0.235619455575943
ThighAlpha=0.0981747731566429
ThighTheta=0.235619455575943
