[%General]
CenterX=31.7586787452207
CenterY=76.4104535974974
Highest=158
XWidth=59

[LeftLeg]
LowerLegAlpha=-0.0589048638939857
LowerLegTheta=0.0785398185253143
ThighAlpha=-0.0785398185253143
ThighTheta=0.471238911151886

[RightLeg]
LowerLegAlpha=0.0981747731566429
LowerLegTheta=-0.706858336925507
ThighAlpha=0.0981747731566429
ThighTheta=-0.314159274101257
