[%General]
CenterX=30.6759000929985
CenterY=151.453500730703
Highest=159
XWidth=59

[LeftLeg]
LowerLegAlpha=0
LowerLegTheta=-0.785398185253143
ThighAlpha=-0.0589048638939857
ThighTheta=-0.235619455575943

[RightLeg]
LowerLegAlpha=-0.0196349546313286
LowerLegTheta=-0.0785398185253143
ThighAlpha=0.0981747731566429
ThighTheta=0.471238911151886
