[%General]
CenterX=28.0106161452278
CenterY=219.326545473127
Highest=156
XWidth=56

[LeftLeg]
LowerLegAlpha=-0.0392699092626572
LowerLegTheta=0.0785398185253143
ThighAlpha=-0.0392699092626572
ThighTheta=0.392699092626572

[RightLeg]
LowerLegAlpha=0.0196349546313286
LowerLegTheta=-0.785398185253143
ThighAlpha=0.0589048638939857
ThighTheta=-0.235619455575943
