[%General]
CenterX=33.1300730674159
CenterY=57.0058802391297
Highest=158
XWidth=58

[LeftLeg]
LowerLegAlpha=-0.0196349546313286
LowerLegTheta=0.314159274101257
ThighAlpha=-0.0785398185253143
ThighTheta=0.471238911151886

[RightLeg]
LowerLegAlpha=0.0981747731566429
LowerLegTheta=-0.314159274101257
ThighAlpha=0.0981747731566429
ThighTheta=-0.392699092626572
