[%General]
CenterX=28.2658614626272
CenterY=325.152690899657
Highest=126
XWidth=38

[LeftLeg]
LowerLegAlpha=0.274889349937439
LowerLegTheta=-0.628318548202515
ThighAlpha=-0.392699092626572
ThighTheta=-0.117809727787971

[RightLeg]
LowerLegAlpha=0
LowerLegTheta=-0.431968986988068
ThighAlpha=-0.0785398185253143
ThighTheta=-0.274889349937439
