[%General]
CenterX=29.7053292216817
CenterY=92.1835150277971
Highest=160
XWidth=55

[LeftLeg]
LowerLegAlpha=-0.0392699092626572
LowerLegTheta=-0.0785398185253143
ThighAlpha=-0.0785398185253143
ThighTheta=0.235619455575943

[RightLeg]
LowerLegAlpha=0
LowerLegTheta=-0.785398185253143
ThighAlpha=0.0981747731566429
ThighTheta=-0.0785398185253143
