[%General]
CenterX=29.8516653229606
CenterY=118.386359115039
Highest=160
XWidth=58

[LeftLeg]
LowerLegAlpha=-0.0196349546313286
LowerLegTheta=0
ThighAlpha=-0.0785398185253143
ThighTheta=-0.392699092626572

[RightLeg]
LowerLegAlpha=-0.0392699092626572
LowerLegTheta=0.157079637050629
ThighAlpha=0.0196349546313286
ThighTheta=0.392699092626572
