[%General]
CenterX=33.5056473052445
CenterY=12.0019012325787
Highest=156
XWidth=47

[LeftLeg]
LowerLegAlpha=0
LowerLegTheta=0
ThighAlpha=-0.314159274101257
ThighTheta=0.314159274101257

[RightLeg]
LowerLegAlpha=0.0785398185253143
LowerLegTheta=0.235619455575943
ThighAlpha=0.0785398185253143
ThighTheta=0.157079637050629
