[%General]
CenterX=30.7523982687846
CenterY=193.495448866679
Highest=156
XWidth=61

[LeftLeg]
LowerLegAlpha=-0.0196349546313286
LowerLegTheta=0.392699092626572
ThighAlpha=-0.0785398185253143
ThighTheta=0.549778699874878

[RightLeg]
LowerLegAlpha=0.0589048638939857
LowerLegTheta=-0.235619455575943
ThighAlpha=0.0981747731566429
ThighTheta=-0.392699092626572
