[%General]
CenterX=28.3703803107974
CenterY=302.888107571325
Highest=148
XWidth=47

[LeftLeg]
LowerLegAlpha=0.0589048638939857
LowerLegTheta=-0.235619455575943
ThighAlpha=-0.0981747731566429
ThighTheta=0

[RightLeg]
LowerLegAlpha=0
LowerLegTheta=-0.235619455575943
ThighAlpha=0.0981747731566429
ThighTheta=0.157079637050629
