[%General]
CenterX=30.8536677590118
CenterY=178.89244601294
Highest=159
XWidth=60

[LeftLeg]
LowerLegAlpha=0.0785398185253143
LowerLegTheta=0.0785398185253143
ThighAlpha=-0.0785398185253143
ThighTheta=0.392699092626572

[RightLeg]
LowerLegAlpha=0
LowerLegTheta=0
ThighAlpha=0.0981747731566429
ThighTheta=-0.235619455575943
