[%General]
CenterX=29.0346179115975
CenterY=316.920886291035
Highest=133
XWidth=41

[LeftLeg]
LowerLegAlpha=0.274889349937439
LowerLegTheta=-0.235619455575943
ThighAlpha=-0.392699092626572
ThighTheta=-0.157079637050629

[RightLeg]
LowerLegAlpha=0.0392699092626572
LowerLegTheta=-0.235619455575943
ThighAlpha=-0.0392699092626572
ThighTheta=-0.196349546313286
