[%General]
CenterX=34.0648969056388
CenterY=22.8573002642399
Highest=159
XWidth=52

[LeftLeg]
LowerLegAlpha=-0.0589048638939857
LowerLegTheta=0.785398185253143
ThighAlpha=-0.0589048638939857
ThighTheta=-0.471238911151886

[RightLeg]
LowerLegAlpha=0.0785398185253143
LowerLegTheta=0
ThighAlpha=0.0981747731566429
ThighTheta=0.157079637050629
