[%General]
CenterX=30.9548649484992
CenterY=189.573758896601
Highest=157
XWidth=61

[LeftLeg]
LowerLegAlpha=0.0196349546313286
LowerLegTheta=0.471238911151886
ThighAlpha=-0.0785398185253143
ThighTheta=0.471238911151886

[RightLeg]
LowerLegAlpha=0.0785398185253143
LowerLegTheta=-0.157079637050629
ThighAlpha=0.0785398185253143
ThighTheta=-0.392699092626572
