[%General]
CenterX=29.7872255698192
CenterY=124.591123919308
Highest=158
XWidth=58

[LeftLeg]
LowerLegAlpha=-0.0392699092626572
LowerLegTheta=-0.0785398185253143
ThighAlpha=-0.0785398185253143
ThighTheta=-0.471238911151886

[RightLeg]
LowerLegAlpha=0.0196349546313286
LowerLegTheta=0.471238911151886
ThighAlpha=-0.0785398185253143
ThighTheta=0.471238911151886
