[%General]
Highest=144
CenterX=24.4937978687979
CenterY=262.449071761572
XWidth=44

[LeftLeg]
ThighAlpha=-0.0606898590922356
ThighTheta=-0.312119245529175
LowerLegAlpha=0.00356999784708023
LowerLegTheta=-0.687478423118591

[RightLeg]
ThighAlpha=0.0142799690365791
ThighTheta=0.401879131793976
LowerLegAlpha=0.103529766201973
LowerLegTheta=0.199239581823349
