[%General]
Highest=147
CenterX=24.6878716038233
CenterY=224.609091593287
XWidth=48

[LeftLeg]
ThighAlpha=-0.0785398185253143
ThighTheta=-0.176119565963745
LowerLegAlpha=-0.082109808921814
LowerLegTheta=-0.0564398318529129

[RightLeg]
ThighAlpha=0.0142799690365791
ThighTheta=0.454919010400772
LowerLegAlpha=0.021419957280159
LowerLegTheta=-0.0496398508548737
