[%General]
Highest=143
CenterX=23.3646340104728
CenterY=244.122052215249
XWidth=45

[LeftLeg]
ThighAlpha=-0.13922968506813
ThighTheta=-0.431798994541168
LowerLegAlpha=0.00356999784708023
LowerLegTheta=-0.358359158039093

[RightLeg]
ThighAlpha=-0.0392699092626572
ThighTheta=0.574598729610443
LowerLegAlpha=0.0606898665428162
LowerLegTheta=0.484838932752609
