[%General]
Highest=149
CenterX=38.9546204887522
CenterY=96.1545233856611
XWidth=50

[LeftLeg]
ThighAlpha=-0.0606898590922356
ThighTheta=-0.318919241428375
LowerLegAlpha=-0.103529758751392
LowerLegTheta=-0.10267972946167

[RightLeg]
ThighAlpha=0.0499798879027367
ThighTheta=0.507958889007568
LowerLegAlpha=-0.00356999039649963
LowerLegTheta=0.0102000124752522
