[%General]
Highest=146
CenterX=23.9757246098255
CenterY=228.577592834627
XWidth=48

[LeftLeg]
ThighAlpha=-0.117809727787971
ThighTheta=-0.235959425568581
LowerLegAlpha=-0.0321299210190773
LowerLegTheta=-0.10267972946167

[RightLeg]
ThighAlpha=-0.00356999039649963
ThighTheta=0.484838932752609
LowerLegAlpha=0.021419957280159
LowerLegTheta=0.169319659471512
