[%General]
Highest=148
CenterX=25.5720586613739
CenterY=217.25285772044
XWidth=49

[LeftLeg]
ThighAlpha=-0.0785398185253143
ThighTheta=-0.0863597691059113
LowerLegAlpha=-0.121379718184471
LowerLegTheta=0.0265199784189463

[RightLeg]
ThighAlpha=0.121379725635052
ThighTheta=0.371959179639816
LowerLegAlpha=0.0999597758054733
LowerLegTheta=-0.491638839244843
