[%General]
Highest=147
CenterX=26.0125183184138
CenterY=210.096579974222
XWidth=50

[LeftLeg]
ThighAlpha=-0.0392699092626572
ThighTheta=0.0564399100840092
LowerLegAlpha=-0.124949708580971
LowerLegTheta=0.146199703216553

[RightLeg]
ThighAlpha=0.0999597758054733
ThighTheta=0.378759175539017
LowerLegAlpha=-0.121379718184471
LowerLegTheta=-1.09955739974976
