[%General]
Highest=150
CenterX=38.7062038427596
CenterY=80.4877765563796
XWidth=48

[LeftLeg]
ThighAlpha=-0.0785398185253143
ThighTheta=0.0265199784189463
LowerLegAlpha=-0.157079637050629
LowerLegTheta=-0.0863597691059113

[RightLeg]
ThighAlpha=0.13922968506813
ThighTheta=0.109479792416096
LowerLegAlpha=0.13922968506813
LowerLegTheta=-0.215559482574463
