[%General]
Highest=146
CenterX=39.7844994110718
CenterY=38.5077659992148
XWidth=51

[LeftLeg]
ThighAlpha=-0.0785398185253143
ThighTheta=0.507958889007568
LowerLegAlpha=-0.0856797993183136
LowerLegTheta=0.32571929693222

[RightLeg]
ThighAlpha=0.13922968506813
ThighTheta=-0.514758765697479
LowerLegAlpha=0.0999597758054733
LowerLegTheta=-0.318919241428375
