[%General]
Highest=144
CenterX=24.5279408197914
CenterY=289.903880669415
XWidth=42

[LeftLeg]
ThighAlpha=-0.117809727787971
ThighTheta=0.185639619827271
LowerLegAlpha=-0.13922968506813
LowerLegTheta=-0.424998998641968

[RightLeg]
ThighAlpha=0.13922968506813
ThighTheta=-0.0863597691059113
LowerLegAlpha=-0.00713998079299927
LowerLegTheta=0.00340002961456776
