[%General]
Highest=149
CenterX=33.7981189365326
CenterY=155.674961119751
XWidth=52

[LeftLeg]
ThighAlpha=0.0428399071097374
ThighTheta=0.424999058246613
LowerLegAlpha=-0.157079637050629
LowerLegTheta=-0.192439526319504

[RightLeg]
ThighAlpha=0.0856798067688942
ThighTheta=-0.146199628710747
LowerLegAlpha=-0.00713998079299927
LowerLegTheta=-0.0795597806572914
