[%General]
Highest=147
CenterX=25.9611272904871
CenterY=205.864406779661
XWidth=51

[LeftLeg]
ThighAlpha=-0.0785398185253143
ThighTheta=0.199239581823349
LowerLegAlpha=-0.0678298398852348
LowerLegTheta=0.0863598436117172

[RightLeg]
ThighAlpha=0.046409897506237
ThighTheta=0.212839543819427
LowerLegAlpha=-0.0678298398852348
LowerLegTheta=-1.09955739974976
