[%General]
Highest=145
CenterX=23.9159592334415
CenterY=286.544988151931
XWidth=41

[LeftLeg]
ThighAlpha=-0.117809727787971
ThighTheta=0.206039562821388
LowerLegAlpha=-0.121379718184471
LowerLegTheta=-0.265879362821579

[RightLeg]
ThighAlpha=0.121379725635052
ThighTheta=0.00340002961456776
LowerLegAlpha=0.0499798879027367
LowerLegTheta=-0.0632398128509521
