[%General]
Highest=147
CenterX=32.9459538932016
CenterY=163.153904963538
XWidth=53

[LeftLeg]
ThighAlpha=-0.0392699092626572
ThighTheta=0.544678807258606
LowerLegAlpha=0.00356999784708023
LowerLegTheta=0.162519663572311

[RightLeg]
ThighAlpha=0.103529766201973
ThighTheta=-0.335239201784134
LowerLegAlpha=-0.0642598494887352
LowerLegTheta=-0.00339995324611664
