[%General]
Highest=145
CenterX=27.0541307193931
CenterY=197.860351136325
XWidth=53

[LeftLeg]
ThighAlpha=-0.117809727787971
ThighTheta=0.401879131793976
LowerLegAlpha=0.021419957280159
LowerLegTheta=0.146199703216553

[RightLeg]
ThighAlpha=0.0321299284696579
ThighTheta=-0.162519589066505
LowerLegAlpha=-0.0499798804521561
LowerLegTheta=-0.837078034877777
