[%General]
Highest=148
CenterX=36.288503543143
CenterY=140.448837015423
XWidth=49

[LeftLeg]
ThighAlpha=-0.082109808921814
ThighTheta=0.0931598246097565
LowerLegAlpha=-0.0142799615859985
LowerLegTheta=-0.956757783889771

[RightLeg]
ThighAlpha=0.121379725635052
ThighTheta=0.176119640469551
LowerLegAlpha=-0.0428398996591568
LowerLegTheta=0.0265199784189463
