[%General]
Highest=149
CenterX=38.4403652242954
CenterY=99.6072886065899
XWidth=50

[LeftLeg]
ThighAlpha=-0.082109808921814
ThighTheta=-0.348839163780212
LowerLegAlpha=-0.0678298398852348
LowerLegTheta=-0.162519589066505

[RightLeg]
ThighAlpha=0.0142799690365791
ThighTheta=0.544678807258606
LowerLegAlpha=-0.0107099711894989
LowerLegTheta=0.19243960082531
