[%General]
Highest=145
CenterX=39.8479670100446
CenterY=42.2940855556625
XWidth=50

[LeftLeg]
ThighAlpha=-0.0785398185253143
ThighTheta=0.507958889007568
LowerLegAlpha=-0.0999597683548927
LowerLegTheta=0.49163892865181

[RightLeg]
ThighAlpha=0.13922968506813
ThighTheta=-0.544678747653961
LowerLegAlpha=0.13922968506813
LowerLegTheta=-0.342039197683334
