[%General]
Highest=150
CenterX=39.0246244193453
CenterY=84.2407910886013
XWidth=48

[LeftLeg]
ThighAlpha=-0.0999597683548927
ThighTheta=-0.0265199020504951
LowerLegAlpha=-0.157079637050629
LowerLegTheta=-0.109479710459709

[RightLeg]
ThighAlpha=0.13922968506813
ThighTheta=0.259079456329346
LowerLegAlpha=0.0606898665428162
LowerLegTheta=-0.484838873147964
