[%General]
Highest=149
CenterX=33.9365481006334
CenterY=151.961432462488
XWidth=51

[LeftLeg]
ThighAlpha=-0.082109808921814
ThighTheta=0.288999378681183
LowerLegAlpha=-0.157079637050629
LowerLegTheta=-0.37875908613205

[RightLeg]
ThighAlpha=0.0678298473358154
ThighTheta=-0.116279698908329
LowerLegAlpha=0.0642598569393158
LowerLegTheta=0.0632398948073387
