[%General]
Highest=143
CenterX=24.6500787711698
CenterY=270.15557306026
XWidth=42

[LeftLeg]
ThighAlpha=-0.0214199498295784
ThighTheta=0.0102000124752522
LowerLegAlpha=0.0249899476766586
LowerLegTheta=-1.09955739974976

[RightLeg]
ThighAlpha=0.13922968506813
ThighTheta=0.395079135894775
LowerLegAlpha=-0.0392699092626572
LowerLegTheta=-0.0727597996592522
