[%General]
Highest=146
CenterX=31.7382712730206
CenterY=171.972621768159
XWidth=53

[LeftLeg]
ThighAlpha=-0.0392699092626572
ThighTheta=0.514758884906769
LowerLegAlpha=-0.103529758751392
LowerLegTheta=0.544678807258606

[RightLeg]
ThighAlpha=0.0678298473358154
ThighTheta=-0.461718916893005
LowerLegAlpha=-0.00713998079299927
LowerLegTheta=-0.109479710459709
