[%General]
Highest=149
CenterX=33.2774466750314
CenterY=159.292717006958
XWidth=53

[LeftLeg]
ThighAlpha=-0.0428398996591568
ThighTheta=0.454919010400772
LowerLegAlpha=0.021419957280159
LowerLegTheta=0.0632398948073387

[RightLeg]
ThighAlpha=0.0678298473358154
ThighTheta=-0.2522794008255
LowerLegAlpha=0.00356999784708023
LowerLegTheta=-0.010199936106801
