[%General]
Highest=148
CenterX=39.0613615030943
CenterY=69.2673051529663
XWidth=51

[LeftLeg]
ThighAlpha=-0.0785398185253143
ThighTheta=0.282199382781982
LowerLegAlpha=-0.103529758751392
LowerLegTheta=0.0102000124752522

[RightLeg]
ThighAlpha=0.13922968506813
ThighTheta=-0.109479710459709
LowerLegAlpha=0.0107099786400795
LowerLegTheta=-1.06963741779327
