[%General]
Highest=147
CenterX=38.2826543469131
CenterY=110.820954350144
XWidth=48

[LeftLeg]
ThighAlpha=-0.0642598494887352
ThighTheta=-0.461718916893005
LowerLegAlpha=-0.0999597683548927
LowerLegTheta=-0.358359158039093

[RightLeg]
ThighAlpha=0.0321299284696579
ThighTheta=0.60451865196228
LowerLegAlpha=0.0642598569393158
LowerLegTheta=0.312119334936142
