[%General]
Highest=140
CenterX=24.575183960755
CenterY=302.925562546657
XWidth=40

[LeftLeg]
ThighAlpha=-0.157079637050629
ThighTheta=-0.431798994541168
LowerLegAlpha=-0.13922968506813
LowerLegTheta=-0.10267972946167

[RightLeg]
ThighAlpha=0.0678298473358154
ThighTheta=-0.365159124135971
LowerLegAlpha=0.103529766201973
LowerLegTheta=-0.212839469313622
