[%General]
Highest=146
CenterX=39.6726463335926
CenterY=59.847783275688
XWidth=52

[LeftLeg]
ThighAlpha=-0.0999597683548927
ThighTheta=0.507958889007568
LowerLegAlpha=-0.0999597683548927
LowerLegTheta=0.0401199460029602

[RightLeg]
ThighAlpha=0.13922968506813
ThighTheta=-0.395079076290131
LowerLegAlpha=0.0606898665428162
LowerLegTheta=-0.717398345470428
