[%General]
Highest=147
CenterX=25.5790398350074
CenterY=220.930489248749
XWidth=49

[LeftLeg]
ThighAlpha=-0.117809727787971
ThighTheta=-0.109479710459709
LowerLegAlpha=-0.0499798804521561
LowerLegTheta=-0.0265199020504951

[RightLeg]
ThighAlpha=0.0678298473358154
ThighTheta=0.431799054145813
LowerLegAlpha=0.021419957280159
LowerLegTheta=-0.371959120035172
