[%General]
Highest=146
CenterX=38.1057628136679
CenterY=123.990873598505
XWidth=47

[LeftLeg]
ThighAlpha=-0.0642598494887352
ThighTheta=-0.424998998641968
LowerLegAlpha=-0.0107099711894989
LowerLegTheta=-0.597718596458435

[RightLeg]
ThighAlpha=0.0856798067688942
ThighTheta=0.514758884906769
LowerLegAlpha=0.0285599380731583
LowerLegTheta=0.116279773414135
