[%General]
Highest=145
CenterX=28.775831903368
CenterY=189.169526597355
XWidth=54

[LeftLeg]
ThighAlpha=-0.117809727787971
ThighTheta=0.537878811359406
LowerLegAlpha=0.0821098163723946
LowerLegTheta=0.18291962146759

[RightLeg]
ThighAlpha=0.0856798067688942
ThighTheta=-0.424998998641968
LowerLegAlpha=-0.0464098900556564
LowerLegTheta=-0.551478683948517
