[%General]
Highest=145
CenterX=39.760620079539
CenterY=46.4414901387874
XWidth=51

[LeftLeg]
ThighAlpha=-0.117809727787971
ThighTheta=0.60451865196228
LowerLegAlpha=-0.0856797993183136
LowerLegTheta=0.288999378681183

[RightLeg]
ThighAlpha=0.13922968506813
ThighTheta=-0.567798674106598
LowerLegAlpha=0.13922968506813
LowerLegTheta=-0.38555908203125
