[%General]
Highest=143
CenterX=23.5511677741163
CenterY=240.277204545045
XWidth=44

[LeftLeg]
ThighAlpha=-0.117809727787971
ThighTheta=-0.454918920993805
LowerLegAlpha=0.00356999784708023
LowerLegTheta=-0.152999609708786

[RightLeg]
ThighAlpha=-0.0428398996591568
ThighTheta=0.537878811359406
LowerLegAlpha=0.0428399071097374
LowerLegTheta=0.611318647861481
