[%General]
Highest=145
CenterX=23.786699943935
CenterY=232.202195576294
XWidth=46

[LeftLeg]
ThighAlpha=-0.117809727787971
ThighTheta=-0.259079366922379
LowerLegAlpha=-0.0142799615859985
LowerLegTheta=-0.215559482574463

[RightLeg]
ThighAlpha=-0.0392699092626572
ThighTheta=0.507958889007568
LowerLegAlpha=0.0428399071097374
LowerLegTheta=0.378759175539017
