[%General]
Highest=149
CenterX=37.3908327501749
CenterY=136.84907860975
XWidth=47

[LeftLeg]
ThighAlpha=-0.024989940226078
ThighTheta=-0.0795597806572914
LowerLegAlpha=0.00356999784708023
LowerLegTheta=-0.956757783889771

[RightLeg]
ThighAlpha=0.103529766201973
ThighTheta=0.229159519076347
LowerLegAlpha=-0.00713998079299927
LowerLegTheta=0.0863598436117172
