[%General]
Highest=150
CenterX=39.00505360372
CenterY=92.4665945492121
XWidth=49

[LeftLeg]
ThighAlpha=-0.0606898590922356
ThighTheta=-0.259079366922379
LowerLegAlpha=-0.121379718184471
LowerLegTheta=-0.0863597691059113

[RightLeg]
ThighAlpha=0.0499798879027367
ThighTheta=0.454919010400772
LowerLegAlpha=-0.00356999039649963
LowerLegTheta=-0.215559482574463
