[%General]
Highest=145
CenterX=30.9957014097527
CenterY=176.094183807103
XWidth=54

[LeftLeg]
ThighAlpha=-0.0999597683548927
ThighTheta=0.537878811359406
LowerLegAlpha=-0.024989940226078
LowerLegTheta=0.498438894748688

[RightLeg]
ThighAlpha=0.0856798067688942
ThighTheta=-0.491638839244843
LowerLegAlpha=-0.0107099711894989
LowerLegTheta=-0.192439526319504
