[%General]
Highest=143
CenterX=24.1243698499787
CenterY=274.799809689632
XWidth=41

[LeftLeg]
ThighAlpha=-0.0785398185253143
ThighTheta=0.0931598246097565
LowerLegAlpha=0.021419957280159
LowerLegTheta=-1.06963741779327

[RightLeg]
ThighAlpha=0.13922968506813
ThighTheta=0.342039257287979
LowerLegAlpha=-0.082109808921814
LowerLegTheta=-0.169319570064545
