[%General]
Highest=157
CenterX=31.0284825380132
CenterY=195.328367147218
XWidth=61

[LeftLeg]
ThighAlpha=-0.0981747731566429
ThighTheta=0.431968986988068
LowerLegAlpha=0.0196349546313286
LowerLegTheta=0.117809727787971

[RightLeg]
ThighAlpha=0.0392699092626572
ThighTheta=-0.274889349937439
LowerLegAlpha=0
LowerLegTheta=-0.746128261089325
