[%General]
Highest=161
CenterX=32.5674029030079
CenterY=58.4462151394422
XWidth=58

[LeftLeg]
ThighAlpha=-0.0785398185253143
ThighTheta=0.0392699092626572
LowerLegAlpha=0
LowerLegTheta=0.157079637050629

[RightLeg]
ThighAlpha=0.0981747731566429
ThighTheta=0.0785398185253143
LowerLegAlpha=0
LowerLegTheta=-0.785398185253143
