[%General]
Highest=156
CenterX=33.4344347960724
CenterY=170.207359715108
XWidth=63

[LeftLeg]
ThighAlpha=-0.0785398185253143
ThighTheta=0.471238911151886
LowerLegAlpha=-0.0785398185253143
LowerLegTheta=0.628318548202515

[RightLeg]
ThighAlpha=0.0392699092626572
ThighTheta=-0.510508835315704
LowerLegAlpha=-0.0196349546313286
LowerLegTheta=-0.196349546313286
