[%General]
Highest=159
CenterX=33.9103415629946
CenterY=14.0883123030724
XWidth=51

[LeftLeg]
ThighAlpha=-0.0785398185253143
ThighTheta=0.274889349937439
LowerLegAlpha=0.0981747731566429
LowerLegTheta=0.196349546313286

[RightLeg]
ThighAlpha=-0.0196349546313286
ThighTheta=-0.392699092626572
LowerLegAlpha=0
LowerLegTheta=0.0392699092626572
