[%General]
Highest=160
CenterX=35.1661994500704
CenterY=126.721816108913
XWidth=60

[LeftLeg]
ThighAlpha=-0.0785398185253143
ThighTheta=-0.196349546313286
LowerLegAlpha=0.0589048638939857
LowerLegTheta=-0.785398185253143

[RightLeg]
ThighAlpha=0
ThighTheta=0.274889349937439
LowerLegAlpha=0
LowerLegTheta=0.117809727787971
