[%General]
Highest=143
CenterX=37.0976356957465
CenterY=226.699661026565
XWidth=51

[LeftLeg]
ThighAlpha=-0.0196349546313286
ThighTheta=-0.0785398185253143
LowerLegAlpha=-0.0392699092626572
LowerLegTheta=-0.785398185253143

[RightLeg]
ThighAlpha=0.0589048638939857
ThighTheta=0.314159274101257
LowerLegAlpha=0.0196349546313286
LowerLegTheta=0
