[%General]
Highest=144
CenterX=38.4203338001567
CenterY=63.241728874099
XWidth=50

[LeftLeg]
ThighAlpha=0.0196349546313286
ThighTheta=-0.314159274101257
LowerLegAlpha=-0.0785398185253143
LowerLegTheta=-0.157079637050629

[RightLeg]
ThighAlpha=0.0589048638939857
ThighTheta=0.471238911151886
LowerLegAlpha=-0.0589048638939857
LowerLegTheta=0.0785398185253143
