[%General]
Highest=143
CenterX=37.2471694900826
CenterY=233.964600891008
XWidth=50

[LeftLeg]
ThighAlpha=-0.0589048638939857
ThighTheta=0.157079637050629
LowerLegAlpha=0.0589048638939857
LowerLegTheta=-0.785398185253143

[RightLeg]
ThighAlpha=0.0589048638939857
ThighTheta=0.157079637050629
LowerLegAlpha=0.0785398185253143
LowerLegTheta=0
