[%General]
Highest=143
CenterX=38.0892319576503
CenterY=35.0491542559838
XWidth=49

[LeftLeg]
ThighAlpha=0
ThighTheta=0.471238911151886
LowerLegAlpha=-0.0981747731566429
LowerLegTheta=-0.314159274101257

[RightLeg]
ThighAlpha=0.0981747731566429
ThighTheta=-0.471238911151886
LowerLegAlpha=0.0196349546313286
LowerLegTheta=-0.392699092626572
