[%General]
Highest=146
CenterX=37.434725044242
CenterY=117.779930523694
XWidth=54

[LeftLeg]
ThighAlpha=-0.0785398185253143
ThighTheta=0.392699092626572
LowerLegAlpha=0.0589048638939857
LowerLegTheta=-0.157079637050629

[RightLeg]
ThighAlpha=0
ThighTheta=-0.0785398185253143
LowerLegAlpha=0.0981747731566429
LowerLegTheta=-0.157079637050629
