[%General]
Highest=141
CenterX=35.4073538788523
CenterY=201.424512929508
XWidth=54

[LeftLeg]
ThighAlpha=-0.0785398185253143
ThighTheta=-0.471238911151886
LowerLegAlpha=-0.0392699092626572
LowerLegTheta=-0.157079637050629

[RightLeg]
ThighAlpha=-0.0785398185253143
ThighTheta=0.471238911151886
LowerLegAlpha=0.0589048638939857
LowerLegTheta=0.549778699874878
