[%General]
Highest=151
CenterX=31.8202894243094
CenterY=291.914640263045
XWidth=49

[LeftLeg]
ThighAlpha=-0.0981747731566429
ThighTheta=0.667588412761688
LowerLegAlpha=0.0785398185253143
LowerLegTheta=0.0392699092626572

[RightLeg]
ThighAlpha=0.0981747731566429
ThighTheta=-0.274889349937439
LowerLegAlpha=0.0589048638939857
LowerLegTheta=-0.117809727787971
