[%General]
Highest=158
CenterX=31.3901440174732
CenterY=115.793938980274
XWidth=55

[LeftLeg]
ThighAlpha=0.0107099786400795
ThighTheta=0.315745949745178
LowerLegAlpha=-0.0107099711894989
LowerLegTheta=-0.817131459712982

[RightLeg]
ThighAlpha=0.0678298473358154
ThighTheta=0.106306441128254
LowerLegAlpha=0.0821098163723946
LowerLegTheta=-0.106306403875351
