[%General]
Highest=159
CenterX=31.8850367386686
CenterY=59.3617652266289
XWidth=55

[LeftLeg]
ThighAlpha=-0.0642598494887352
ThighTheta=-0.176119565963745
LowerLegAlpha=-0.103529758751392
LowerLegTheta=-0.255452752113342

[RightLeg]
ThighAlpha=0.121379725635052
ThighTheta=0.391905784606934
LowerLegAlpha=-0.157079637050629
LowerLegTheta=-0.2522794008255
