[%General]
Highest=158
CenterX=32.7121066622131
CenterY=107.054681084993
XWidth=53

[LeftLeg]
ThighAlpha=0.0196349546313286
ThighTheta=-0.157079637050629
LowerLegAlpha=0
LowerLegTheta=-0.785398185253143

[RightLeg]
ThighAlpha=0.0981747731566429
ThighTheta=0.314159274101257
LowerLegAlpha=0.0589048638939857
LowerLegTheta=-0.0785398185253143
