[%General]
Highest=153
CenterX=30.1025184610775
CenterY=264.476392731887
XWidth=46

[LeftLeg]
ThighAlpha=-0.00356999039649963
ThighTheta=0.106306441128254
LowerLegAlpha=-0.121379718184471
LowerLegTheta=-1.09955739974976

[RightLeg]
ThighAlpha=0.103529766201973
ThighTheta=0.31891930103302
LowerLegAlpha=-0.0285599306225777
LowerLegTheta=-0.10313306748867
