[%General]
Highest=158
CenterX=31.8598353625255
CenterY=130.698673320486
XWidth=55

[LeftLeg]
ThighAlpha=-0.0606898590922356
ThighTheta=0.322092622518539
LowerLegAlpha=-0.0142799615859985
LowerLegTheta=-0.2522794008255

[RightLeg]
ThighAlpha=0.0856798067688942
ThighTheta=-0.2459327429533
LowerLegAlpha=0.0606898665428162
LowerLegTheta=-0.0396665707230568
