[%General]
Highest=159
CenterX=31.7498253850117
CenterY=54.5214862311788
XWidth=55

[LeftLeg]
ThighAlpha=-0.0999597683548927
ThighTheta=-0.106306403875351
LowerLegAlpha=-0.0999597683548927
LowerLegTheta=-0.249106079339981

[RightLeg]
ThighAlpha=0.0856798067688942
ThighTheta=0.322092622518539
LowerLegAlpha=-0.117809727787971
LowerLegTheta=-0.325265914201736
