[%General]
Highest=158
CenterX=32.5875251000846
CenterY=67.8916434083073
XWidth=56

[LeftLeg]
ThighAlpha=-0.0428398996591568
ThighTheta=-0.371959120035172
LowerLegAlpha=-0.0678298398852348
LowerLegTheta=-0.206039488315582

[RightLeg]
ThighAlpha=0.0999597758054733
ThighTheta=0.365159213542938
LowerLegAlpha=-0.103529758751392
LowerLegTheta=0.212839543819427
