[%General]
Highest=153
CenterX=32.0491958372753
CenterY=17.2599767781887
XWidth=49

[LeftLeg]
ThighAlpha=-0.0785398185253143
ThighTheta=0.322092622518539
LowerLegAlpha=-0.0678298398852348
LowerLegTheta=0.245932787656784

[RightLeg]
ThighAlpha=0.13922968506813
ThighTheta=0.252279460430145
LowerLegAlpha=0.13922968506813
LowerLegTheta=0.315745949745178
