[%General]
Highest=152
CenterX=31.4187671920143
CenterY=289.51576907773
XWidth=50

[LeftLeg]
ThighAlpha=-0.0214199498295784
ThighTheta=0.531532108783722
LowerLegAlpha=-0.0142799615859985
LowerLegTheta=-0.0333198979496956

[RightLeg]
ThighAlpha=0.121379725635052
ThighTheta=-0.249106079339981
LowerLegAlpha=-0.00713998079299927
LowerLegTheta=-0.0396665707230568
