[%General]
Highest=157
CenterX=31.4457690247518
CenterY=121.008470670304
XWidth=54

[LeftLeg]
ThighAlpha=-0.0214199498295784
ThighTheta=-0.106306403875351
LowerLegAlpha=-0.157079637050629
LowerLegTheta=-0.0364932343363762

[RightLeg]
ThighAlpha=0.0142799690365791
ThighTheta=-0.0364932343363762
LowerLegAlpha=0.0606898665428162
LowerLegTheta=0.0333199352025986
