[%General]
Highest=151
CenterX=30.327505407354
CenterY=244.364308186406
XWidth=51

[LeftLeg]
ThighAlpha=-0.082109808921814
ThighTheta=-0.461718916893005
LowerLegAlpha=-0.0142799615859985
LowerLegTheta=-0.597718596458435

[RightLeg]
ThighAlpha=0.0678298473358154
ThighTheta=0.424999058246613
LowerLegAlpha=0.0606898665428162
LowerLegTheta=0.431799054145813
