[%General]
Highest=155
CenterX=31.2914835581149
CenterY=164.493648027479
XWidth=55

[LeftLeg]
ThighAlpha=-0.0981747731566429
ThighTheta=0.589048624038696
LowerLegAlpha=-0.0785398185253143
LowerLegTheta=0.157079637050629

[RightLeg]
ThighAlpha=0.0981747731566429
ThighTheta=-0.392699092626572
LowerLegAlpha=0.0785398185253143
LowerLegTheta=-0.706858336925507
