[%General]
Highest=153
CenterX=30.6397530165913
CenterY=286.554015837104
XWidth=50

[LeftLeg]
ThighAlpha=-0.0392699092626572
ThighTheta=0.322092622518539
LowerLegAlpha=0.021419957280159
LowerLegTheta=-0.0333198979496956

[RightLeg]
ThighAlpha=0.103529766201973
ThighTheta=-0.179292917251587
LowerLegAlpha=0.0428399071097374
LowerLegTheta=-0.0333198979496956
