[%General]
Highest=158
CenterX=31.3901440174732
CenterY=115.793938980274
XWidth=55

[LeftLeg]
ThighAlpha=0.0392699092626572
ThighTheta=0.314159274101257
LowerLegAlpha=-0.0196349546313286
LowerLegTheta=-0.785398185253143

[RightLeg]
ThighAlpha=0.0981747731566429
ThighTheta=0.117809727787971
LowerLegAlpha=0.0196349546313286
LowerLegTheta=-0.117809727787971
