[%General]
Highest=150
CenterX=32.0860975656766
CenterY=294.878862055008
XWidth=48

[LeftLeg]
ThighAlpha=-0.0392699092626572
ThighTheta=0.817131459712982
LowerLegAlpha=0.021419957280159
LowerLegTheta=0.0396666079759598

[RightLeg]
ThighAlpha=0.103529766201973
ThighTheta=-0.322092592716217
LowerLegAlpha=0.0821098163723946
LowerLegTheta=-0.176119565963745
