[%General]
Highest=152
CenterX=30.3864752125782
CenterY=234.029343815177
XWidth=51

[LeftLeg]
ThighAlpha=-0.0981747731566429
ThighTheta=-0.431968986988068
LowerLegAlpha=-0.0196349546313286
LowerLegTheta=-0.471238911151886

[RightLeg]
ThighAlpha=0.0392699092626572
ThighTheta=0.510508835315704
LowerLegAlpha=0.0196349546313286
LowerLegTheta=0.510508835315704
