[%General]
Highest=148
CenterX=32.1003650359084
CenterY=298.196107606237
XWidth=46

[LeftLeg]
ThighAlpha=-0.157079637050629
ThighTheta=-0.322092592716217
LowerLegAlpha=-0.107099749147892
LowerLegTheta=-0.461718916893005

[RightLeg]
ThighAlpha=0.0856798067688942
ThighTheta=-0.318919241428375
LowerLegAlpha=0.121379725635052
LowerLegTheta=-0.322092592716217
