[%General]
Highest=157
CenterX=32.744690616264
CenterY=102.916802269788
XWidth=53

[LeftLeg]
ThighAlpha=0.0285599380731583
ThighTheta=-0.179292917251587
LowerLegAlpha=0.00713998824357986
LowerLegTheta=-0.890117883682251

[RightLeg]
ThighAlpha=0.13922968506813
ThighTheta=0.391905784606934
LowerLegAlpha=-0.0142799615859985
LowerLegTheta=-0.0333198979496956
