[%General]
Highest=153
CenterX=30.6397530165913
CenterY=286.554015837104
XWidth=50

[LeftLeg]
ThighAlpha=-0.0392699092626572
ThighTheta=0.342039257287979
LowerLegAlpha=0.021419957280159
LowerLegTheta=-0.00339995324611664

[RightLeg]
ThighAlpha=0.121379725635052
ThighTheta=-0.176119565963745
LowerLegAlpha=-0.00713998079299927
LowerLegTheta=-0.0197199191898108
