[%General]
Highest=153
CenterX=30.1025184610775
CenterY=264.476392731887
XWidth=46

[LeftLeg]
ThighAlpha=-0.00356999039649963
ThighTheta=0.116279773414135
LowerLegAlpha=-0.121379718184471
LowerLegTheta=-1.09955739974976

[RightLeg]
ThighAlpha=0.0856798067688942
ThighTheta=0.288999378681183
LowerLegAlpha=-0.0107099711894989
LowerLegTheta=-0.00339995324611664
