[%General]
Highest=156
CenterX=33.1042443875045
CenterY=79.1139094300546
XWidth=55

[LeftLeg]
ThighAlpha=-0.00356999039649963
ThighTheta=-0.461718916893005
LowerLegAlpha=-0.0678298398852348
LowerLegTheta=-0.395079076290131

[RightLeg]
ThighAlpha=0.13922968506813
ThighTheta=0.46171897649765
LowerLegAlpha=-0.0285599306225777
LowerLegTheta=0.46489229798317
