[%General]
Highest=157
CenterX=31.693380010326
CenterY=33.74087972699
XWidth=51

[LeftLeg]
ThighAlpha=-0.0999597683548927
ThighTheta=0.31891930103302
LowerLegAlpha=-0.0321299210190773
LowerLegTheta=-0.106306403875351

[RightLeg]
ThighAlpha=0.0856798067688942
ThighTheta=-0.249106079339981
LowerLegAlpha=-0.0142799615859985
LowerLegTheta=-0.750491619110107
