[%General]
Highest=152
CenterX=30.2701306358023
CenterY=239.011651720607
XWidth=51

[LeftLeg]
ThighAlpha=-0.0392699092626572
ThighTheta=-0.454918920993805
LowerLegAlpha=-0.103529758751392
LowerLegTheta=-0.507958829402924

[RightLeg]
ThighAlpha=0.0142799690365791
ThighTheta=0.46171897649765
LowerLegAlpha=0.0606898665428162
LowerLegTheta=0.454919010400772
