[%General]
Highest=157
CenterX=31.693380010326
CenterY=33.74087972699
XWidth=51

[LeftLeg]
ThighAlpha=-0.117809727787971
ThighTheta=0.288999378681183
LowerLegAlpha=-0.0142799615859985
LowerLegTheta=-0.0265199020504951

[RightLeg]
ThighAlpha=0.0678298473358154
ThighTheta=-0.259079366922379
LowerLegAlpha=0.021419957280159
LowerLegTheta=-0.740518271923065
