[%General]
Highest=159
CenterX=31.5915427302997
CenterY=44.7600887902331
XWidth=51

[LeftLeg]
ThighAlpha=-0.0392699092626572
ThighTheta=0.157079637050629
LowerLegAlpha=-0.0785398185253143
LowerLegTheta=-0.235619455575943

[RightLeg]
ThighAlpha=0.0981747731566429
ThighTheta=-0.314159274101257
LowerLegAlpha=-0.0981747731566429
LowerLegTheta=0
