[%General]
Highest=154
CenterX=30.7567715496674
CenterY=274.966570297808
XWidth=49

[LeftLeg]
ThighAlpha=-0.0589048638939857
ThighTheta=-0.196349546313286
LowerLegAlpha=0
LowerLegTheta=-0.0392699092626572

[RightLeg]
ThighAlpha=0.0392699092626572
ThighTheta=0
LowerLegAlpha=0.0981747731566429
LowerLegTheta=0.117809727787971
