[%General]
Highest=154
CenterX=30.3765653747997
CenterY=225.501810196451
XWidth=53

[LeftLeg]
ThighAlpha=-0.117809727787971
ThighTheta=-0.454918920993805
LowerLegAlpha=-0.0321299210190773
LowerLegTheta=-0.169319570064545

[RightLeg]
ThighAlpha=0.0499798879027367
ThighTheta=0.454919010400772
LowerLegAlpha=-0.0499798804521561
LowerLegTheta=0.551478803157806
