[%General]
Highest=156
CenterX=32.9224711018505
CenterY=74.701381654016
XWidth=55

[LeftLeg]
ThighAlpha=-0.024989940226078
ThighTheta=-0.391905754804611
LowerLegAlpha=-0.0678298398852348
LowerLegTheta=-0.38555908203125

[RightLeg]
ThighAlpha=0.0856798067688942
ThighTheta=0.391905784606934
LowerLegAlpha=-0.0285599306225777
LowerLegTheta=0.531532108783722
