[%General]
Highest=159
CenterX=31.6736117453649
CenterY=40.6360398209882
XWidth=50

[LeftLeg]
ThighAlpha=-0.0785398185253143
ThighTheta=0.030146598815918
LowerLegAlpha=-0.0678298398852348
LowerLegTheta=0.112653113901615

[RightLeg]
ThighAlpha=0.121379725635052
ThighTheta=-0.176119565963745
LowerLegAlpha=-0.117809727787971
LowerLegTheta=-0.541052103042603
