[%General]
Highest=152
CenterX=30.3833527982071
CenterY=255.129494018497
XWidth=51

[LeftLeg]
ThighAlpha=-0.0428398996591568
ThighTheta=-0.249106079339981
LowerLegAlpha=-0.0142799615859985
LowerLegTheta=-0.890117883682251

[RightLeg]
ThighAlpha=0.0856798067688942
ThighTheta=0.391905784606934
LowerLegAlpha=0.0428399071097374
LowerLegTheta=0.179292947053909
