[%General]
Highest=156
CenterX=29.6474278740847
CenterY=216.875117341511
XWidth=55

[LeftLeg]
ThighAlpha=-0.117809727787971
ThighTheta=-0.318919241428375
LowerLegAlpha=-0.0856797993183136
LowerLegTheta=-0.255452752113342

[RightLeg]
ThighAlpha=0.0321299284696579
ThighTheta=0.46171897649765
LowerLegAlpha=-0.0856797993183136
LowerLegTheta=0.249106109142303
