[%General]
Highest=156
CenterX=32.9224711018505
CenterY=74.701381654016
XWidth=55

[LeftLeg]
ThighAlpha=-0.0392699092626572
ThighTheta=-0.431968986988068
LowerLegAlpha=-0.0392699092626572
LowerLegTheta=-0.314159274101257

[RightLeg]
ThighAlpha=0.0981747731566429
ThighTheta=0.392699092626572
LowerLegAlpha=-0.0392699092626572
LowerLegTheta=0.510508835315704
