[%General]
Highest=141
CenterX=32.3876441927289
CenterY=301.859388664473
XWidth=46

[LeftLeg]
ThighAlpha=-0.157079637050629
ThighTheta=-0.391905754804611
LowerLegAlpha=-0.103529758751392
LowerLegTheta=-0.464892268180847

[RightLeg]
ThighAlpha=0.13922968506813
ThighTheta=-0.391905754804611
LowerLegAlpha=0.0821098163723946
LowerLegTheta=-0.388732433319092
