[%General]
Highest=158
CenterX=32.2304886685552
CenterY=63.9225094428706
XWidth=55

[LeftLeg]
ThighAlpha=-0.0392699092626572
ThighTheta=-0.318919241428375
LowerLegAlpha=-0.0856797993183136
LowerLegTheta=-0.192439526319504

[RightLeg]
ThighAlpha=0.103529766201973
ThighTheta=0.378759175539017
LowerLegAlpha=-0.0999597683548927
LowerLegTheta=-0.0333198830485344
