[%General]
Highest=157
CenterX=32.7926256609502
CenterY=71.0991907782166
XWidth=55

[LeftLeg]
ThighAlpha=-0.0464098900556564
ThighTheta=-0.391905754804611
LowerLegAlpha=-0.0464098900556564
LowerLegTheta=-0.255452752113342

[RightLeg]
ThighAlpha=0.103529766201973
ThighTheta=0.391905784606934
LowerLegAlpha=-0.0785398185253143
LowerLegTheta=0.31891930103302
