[%General]
Highest=158
CenterX=31.844892313772
CenterY=198.310548804584
XWidth=55

[LeftLeg]
ThighAlpha=-0.0196349546313286
ThighTheta=-0.117809727787971
LowerLegAlpha=-0.0981747731566429
LowerLegTheta=0

[RightLeg]
ThighAlpha=0.0785398185253143
ThighTheta=0.628318548202515
LowerLegAlpha=0.0981747731566429
LowerLegTheta=-0.746128261089325
