[%General]
Highest=156
CenterX=31.2607234603902
CenterY=179.225189196695
XWidth=54

[LeftLeg]
ThighAlpha=-0.00356999039649963
ThighTheta=0.391905784606934
LowerLegAlpha=-0.157079637050629
LowerLegTheta=0.0396666079759598

[RightLeg]
ThighAlpha=0.0499798879027367
ThighTheta=-0.182466238737106
LowerLegAlpha=0.00713998824357986
LowerLegTheta=-0.81395810842514
