[%General]
Highest=158
CenterX=32.3650012165276
CenterY=111.080405318372
XWidth=54

[LeftLeg]
ThighAlpha=0.0196349546313286
ThighTheta=0
LowerLegAlpha=-0.0196349546313286
LowerLegTheta=-0.785398185253143

[RightLeg]
ThighAlpha=0.0981747731566429
ThighTheta=0.235619455575943
LowerLegAlpha=0.0392699092626572
LowerLegTheta=-0.0785398185253143
