[%General]
Highest=141
CenterX=32.3876441927289
CenterY=301.859388664473
XWidth=46

[LeftLeg]
ThighAlpha=-0.157079637050629
ThighTheta=-0.431798994541168
LowerLegAlpha=-0.121379718184471
LowerLegTheta=-0.365159124135971

[RightLeg]
ThighAlpha=0.13922968506813
ThighTheta=-0.401879042387009
LowerLegAlpha=0.0821098163723946
LowerLegTheta=-0.318919241428375
