[%General]
Highest=154
CenterX=30.7567715496674
CenterY=274.966570297808
XWidth=49

[LeftLeg]
ThighAlpha=-0.00356999039649963
ThighTheta=-0.176119565963745
LowerLegAlpha=0.00356999784708023
LowerLegTheta=-0.106306403875351

[RightLeg]
ThighAlpha=0.0499798879027367
ThighTheta=-0.0333198979496956
LowerLegAlpha=0.0606898665428162
LowerLegTheta=0.103133104741573
