[%General]
Highest=156
CenterX=31.2650011091393
CenterY=174.558423913043
XWidth=54

[LeftLeg]
ThighAlpha=-0.0999597683548927
ThighTheta=0.534705460071564
LowerLegAlpha=-0.0856797993183136
LowerLegTheta=0.0364932715892792

[RightLeg]
ThighAlpha=0.0678298473358154
ThighTheta=-0.2522794008255
LowerLegAlpha=0.0249899476766586
LowerLegTheta=-0.81395810842514
