[%General]
Highest=155
CenterX=31.9020706108107
CenterY=155.608100924449
XWidth=55

[LeftLeg]
ThighAlpha=-0.0785398185253143
ThighTheta=0.514758884906769
LowerLegAlpha=-0.0999597683548927
LowerLegTheta=0.431799054145813

[RightLeg]
ThighAlpha=0.13922968506813
ThighTheta=-0.491638839244843
LowerLegAlpha=0.0606898665428162
LowerLegTheta=-0.424998998641968
