[%General]
Highest=158
CenterX=32.7121066622131
CenterY=107.054681084993
XWidth=53

[LeftLeg]
ThighAlpha=-0.00356999039649963
ThighTheta=-0.172946244478226
LowerLegAlpha=0.00356999784708023
LowerLegTheta=-0.750491619110107

[RightLeg]
ThighAlpha=0.103529766201973
ThighTheta=0.31891930103302
LowerLegAlpha=0.046409897506237
LowerLegTheta=-0.10313306748867
