[%General]
Highest=156
CenterX=33.0154935633852
CenterY=93.0585611008089
XWidth=53

[LeftLeg]
ThighAlpha=0.0499798879027367
ThighTheta=-0.391905754804611
LowerLegAlpha=-0.0499798804521561
LowerLegTheta=-0.677505135536194

[RightLeg]
ThighAlpha=0.13922968506813
ThighTheta=0.531532108783722
LowerLegAlpha=-0.0142799615859985
LowerLegTheta=0.112653113901615
