[%General]
Highest=155
CenterX=31.2914835581149
CenterY=164.493648027479
XWidth=55

[LeftLeg]
ThighAlpha=-0.13922968506813
ThighTheta=0.60451865196228
LowerLegAlpha=-0.121379718184471
LowerLegTheta=0.179292947053909

[RightLeg]
ThighAlpha=0.121379725635052
ThighTheta=-0.461718916893005
LowerLegAlpha=0.021419957280159
LowerLegTheta=-0.607691943645477
