[%General]
Highest=158
CenterX=31.844892313772
CenterY=198.310548804584
XWidth=55

[LeftLeg]
ThighAlpha=-0.0589048638939857
ThighTheta=-0.314159274101257
LowerLegAlpha=-0.0589048638939857
LowerLegTheta=0.471238911151886

[RightLeg]
ThighAlpha=0.0785398185253143
ThighTheta=0.628318548202515
LowerLegAlpha=0.0981747731566429
LowerLegTheta=-0.706858336925507
