[%General]
Highest=151
CenterX=31.8202894243094
CenterY=291.914640263045
XWidth=49

[LeftLeg]
ThighAlpha=-0.0606898590922356
ThighTheta=0.664358496665955
LowerLegAlpha=0.021419957280159
LowerLegTheta=0.0496399253606796

[RightLeg]
ThighAlpha=0.103529766201973
ThighTheta=-0.288999319076538
LowerLegAlpha=0.0499798879027367
LowerLegTheta=-0.10267972946167
