[%General]
Highest=155
CenterX=32.8666455537522
CenterY=83.5097845163163
XWidth=54

[LeftLeg]
ThighAlpha=-0.00356999039649963
ThighTheta=-0.431798994541168
LowerLegAlpha=-0.0499798804521561
LowerLegTheta=-0.544678747653961

[RightLeg]
ThighAlpha=0.13922968506813
ThighTheta=0.507958889007568
LowerLegAlpha=-0.0142799615859985
LowerLegTheta=0.355639219284058
