[%General]
Highest=157
CenterX=31.4457690247518
CenterY=121.008470670304
XWidth=54

[LeftLeg]
ThighAlpha=-0.0392699092626572
ThighTheta=-0.176119565963745
LowerLegAlpha=-0.121379718184471
LowerLegTheta=0.0632398948073387

[RightLeg]
ThighAlpha=0.0678298473358154
ThighTheta=-0.0564398318529129
LowerLegAlpha=0.0249899476766586
LowerLegTheta=0.0632398948073387
