[%General]
Highest=157
CenterX=31.8990355250636
CenterY=184.65158165367
XWidth=54

[LeftLeg]
ThighAlpha=-0.0464098900556564
ThighTheta=0.31891930103302
LowerLegAlpha=-0.121379718184471
LowerLegTheta=-0.0333198979496956

[RightLeg]
ThighAlpha=0.0856798067688942
ThighTheta=-0.176119565963745
LowerLegAlpha=-0.0107099711894989
LowerLegTheta=-0.820304751396179
