[%General]
Highest=158
CenterX=31.3975007640327
CenterY=36.8195071705887
XWidth=49

[LeftLeg]
ThighAlpha=-0.00356999039649963
ThighTheta=0.249106109142303
LowerLegAlpha=-0.13922968506813
LowerLegTheta=-0.106306403875351

[RightLeg]
ThighAlpha=0.13922968506813
ThighTheta=-0.388732433319092
LowerLegAlpha=-0.117809727787971
LowerLegTheta=-0.464892268180847
