[%General]
Highest=158
CenterX=31.844892313772
CenterY=198.310548804584
XWidth=55

[LeftLeg]
ThighAlpha=-0.0285599306225777
ThighTheta=-0.109479740262032
LowerLegAlpha=-0.157079637050629
LowerLegTheta=0.176119610667229

[RightLeg]
ThighAlpha=0.0856798067688942
ThighTheta=0.60451865196228
LowerLegAlpha=0.021419957280159
LowerLegTheta=-0.744144916534424
