[%General]
Highest=157
CenterX=30.843124334025
CenterY=208.857453311648
XWidth=56

[LeftLeg]
ThighAlpha=-0.0999597683548927
ThighTheta=-0.176119565963745
LowerLegAlpha=-0.121379718184471
LowerLegTheta=-0.182466238737106

[RightLeg]
ThighAlpha=0.0821098163723946
ThighTheta=0.391905784606934
LowerLegAlpha=-0.0464098900556564
LowerLegTheta=-0.391905754804611
