[%General]
Highest=151
CenterX=31.8202894243094
CenterY=291.914640263045
XWidth=49

[LeftLeg]
ThighAlpha=-0.0606898590922356
ThighTheta=0.674331784248352
LowerLegAlpha=-0.0142799615859985
LowerLegTheta=0.0396666079759598

[RightLeg]
ThighAlpha=0.0856798067688942
ThighTheta=-0.249106079339981
LowerLegAlpha=0.103529766201973
LowerLegTheta=-0.182466238737106
