[%General]
Highest=158
CenterX=32.2304886685552
CenterY=63.9225094428706
XWidth=55

[LeftLeg]
ThighAlpha=-0.0392699092626572
ThighTheta=-0.318919241428375
LowerLegAlpha=-0.0678298398852348
LowerLegTheta=-0.2522794008255

[RightLeg]
ThighAlpha=0.103529766201973
ThighTheta=0.388732463121414
LowerLegAlpha=-0.117809727787971
LowerLegTheta=-0.0333198979496956
