[%General]
Highest=158
CenterX=31.3975007640327
CenterY=36.8195071705887
XWidth=49

[LeftLeg]
ThighAlpha=-0.0589048638939857
ThighTheta=0.274889349937439
LowerLegAlpha=-0.0785398185253143
LowerLegTheta=-0.157079637050629

[RightLeg]
ThighAlpha=-0.0785398185253143
ThighTheta=-0.392699092626572
LowerLegAlpha=0.0981747731566429
LowerLegTheta=-0.471238911151886
