[%General]
Highest=152
CenterX=30.3864752125782
CenterY=234.029343815177
XWidth=51

[LeftLeg]
ThighAlpha=-0.0999597683548927
ThighTheta=-0.484838873147964
LowerLegAlpha=-0.0285599306225777
LowerLegTheta=-0.318919241428375

[RightLeg]
ThighAlpha=0.0321299284696579
ThighTheta=0.514758884906769
LowerLegAlpha=0.0285599380731583
LowerLegTheta=0.484838932752609
