[%General]
Highest=155
CenterX=32.614517527561
CenterY=151.265279326149
XWidth=55

[LeftLeg]
ThighAlpha=-0.0606898590922356
ThighTheta=0.46489229798317
LowerLegAlpha=-0.157079637050629
LowerLegTheta=0.531532108783722

[RightLeg]
ThighAlpha=0.13922968506813
ThighTheta=-0.464892268180847
LowerLegAlpha=0.0606898665428162
LowerLegTheta=-0.315745919942856
