[%General]
Highest=157
CenterX=31.693380010326
CenterY=33.74087972699
XWidth=51

[LeftLeg]
ThighAlpha=-0.0785398185253143
ThighTheta=0.314159274101257
LowerLegAlpha=-0.0589048638939857
LowerLegTheta=-0.0785398185253143

[RightLeg]
ThighAlpha=0.0392699092626572
ThighTheta=-0.235619455575943
LowerLegAlpha=0.0785398185253143
LowerLegTheta=-0.785398185253143
