[%General]
Highest=156
CenterX=31.1739710137198
CenterY=169.732030239597
XWidth=54

[LeftLeg]
ThighAlpha=-0.157079637050629
ThighTheta=0.574598729610443
LowerLegAlpha=-0.0678298398852348
LowerLegTheta=0.079559862613678

[RightLeg]
ThighAlpha=0.0678298473358154
ThighTheta=-0.348839163780212
LowerLegAlpha=0.0606898665428162
LowerLegTheta=-0.740518271923065
