[%General]
Highest=158
CenterX=31.844892313772
CenterY=198.310548804584
XWidth=55

[LeftLeg]
ThighAlpha=-0.0285599306225777
ThighTheta=-0.109479710459709
LowerLegAlpha=-0.157079637050629
LowerLegTheta=0.176119640469551

[RightLeg]
ThighAlpha=0.0856798067688942
ThighTheta=0.634438574314117
LowerLegAlpha=-0.121379718184471
LowerLegTheta=-0.81395810842514
