[%General]
Highest=154
CenterX=30.7831046132688
CenterY=278.946153616169
XWidth=48

[LeftLeg]
ThighAlpha=-0.0856797993183136
ThighTheta=0.315745949745178
LowerLegAlpha=-0.157079637050629
LowerLegTheta=-0.461718916893005

[RightLeg]
ThighAlpha=0.13922968506813
ThighTheta=0.0364932715892792
LowerLegAlpha=0.0999597758054733
LowerLegTheta=-0.0396665707230568
