[%General]
Highest=148
CenterX=32.1003650359084
CenterY=298.196107606237
XWidth=46

[LeftLeg]
ThighAlpha=-0.0981747731566429
ThighTheta=-0.392699092626572
LowerLegAlpha=-0.0981747731566429
LowerLegTheta=-0.235619455575943

[RightLeg]
ThighAlpha=0.0981747731566429
ThighTheta=-0.353429168462753
LowerLegAlpha=0.0981747731566429
LowerLegTheta=-0.235619455575943
