[%General]
Highest=156
CenterX=29.9966461297519
CenterY=212.766913405139
XWidth=56

[LeftLeg]
ThighAlpha=-0.0785398185253143
ThighTheta=-0.249106079339981
LowerLegAlpha=-0.13922968506813
LowerLegTheta=-0.172946244478226

[RightLeg]
ThighAlpha=0.0142799690365791
ThighTheta=0.458545625209808
LowerLegAlpha=-0.0464098900556564
LowerLegTheta=0.0364932715892792
