[%General]
Highest=133
CenterX=32.0637386471465
CenterY=309.619655686593
XWidth=40

[LeftLeg]
ThighAlpha=-0.157079637050629
ThighTheta=-0.325265914201736
LowerLegAlpha=-0.157079637050629
LowerLegTheta=-0.607691943645477

[RightLeg]
ThighAlpha=0.103529766201973
ThighTheta=-0.391905754804611
LowerLegAlpha=0.0249899476766586
LowerLegTheta=-0.464892268180847
