[%General]
Highest=135
CenterX=32.1756756756757
CenterY=305.465515682907
XWidth=43

[LeftLeg]
ThighAlpha=-0.157079637050629
ThighTheta=-0.391905754804611
LowerLegAlpha=-0.157079637050629
LowerLegTheta=-0.468065589666367

[RightLeg]
ThighAlpha=0.103529766201973
ThighTheta=-0.391905754804611
LowerLegAlpha=0.121379725635052
LowerLegTheta=-0.531532108783722
