[%General]
Highest=153
CenterX=30.3922054416521
CenterY=229.589635937454
XWidth=52

[LeftLeg]
ThighAlpha=-0.0999597683548927
ThighTheta=-0.461718916893005
LowerLegAlpha=-0.0464098900556564
LowerLegTheta=-0.255452752113342

[RightLeg]
ThighAlpha=0.0142799690365791
ThighTheta=0.46171897649765
LowerLegAlpha=0.00713998824357986
LowerLegTheta=0.60451865196228
