[%General]
Highest=157
CenterX=30.843124334025
CenterY=208.857453311648
XWidth=56

[LeftLeg]
ThighAlpha=-0.117809727787971
ThighTheta=-0.176119565963745
LowerLegAlpha=-0.0856797993183136
LowerLegTheta=-0.162519589066505

[RightLeg]
ThighAlpha=0.0642598569393158
ThighTheta=0.401879131793976
LowerLegAlpha=-0.0464098900556564
LowerLegTheta=-0.371959120035172
