[%General]
Highest=158
CenterX=31.486676413715
CenterY=126.143116540112
XWidth=55

[LeftLeg]
ThighAlpha=-0.0464098900556564
ThighTheta=0.252279460430145
LowerLegAlpha=-0.0142799615859985
LowerLegTheta=-0.325265914201736

[RightLeg]
ThighAlpha=0.121379725635052
ThighTheta=-0.106306403875351
LowerLegAlpha=0.0642598569393158
LowerLegTheta=-0.109479740262032
