[%General]
Highest=158
CenterX=31.3901440174732
CenterY=115.793938980274
XWidth=55

[LeftLeg]
ThighAlpha=0.046409897506237
ThighTheta=0.295799374580383
LowerLegAlpha=-0.117809727787971
LowerLegTheta=-0.747318267822266

[RightLeg]
ThighAlpha=0.0678298473358154
ThighTheta=0.116279773414135
LowerLegAlpha=0.0821098163723946
LowerLegTheta=-0.116279698908329
