[%General]
Highest=152
CenterX=30.2701306358023
CenterY=239.011651720607
XWidth=51

[LeftLeg]
ThighAlpha=-0.0392699092626572
ThighTheta=-0.464892268180847
LowerLegAlpha=-0.121379718184471
LowerLegTheta=-0.537878751754761

[RightLeg]
ThighAlpha=0.0142799690365791
ThighTheta=0.46171897649765
LowerLegAlpha=0.0428399071097374
LowerLegTheta=0.534705460071564
