[%General]
Highest=158
CenterX=31.486676413715
CenterY=126.143116540112
XWidth=55

[LeftLeg]
ThighAlpha=-0.0464098900556564
ThighTheta=0.252279460430145
LowerLegAlpha=-0.0142799615859985
LowerLegTheta=-0.335239201784134

[RightLeg]
ThighAlpha=0.0856798067688942
ThighTheta=-0.116279698908329
LowerLegAlpha=0.0999597758054733
LowerLegTheta=-0.109479710459709
