[%General]
Highest=154
CenterX=32.3211536487735
CenterY=23.6434021006535
XWidth=49

[LeftLeg]
ThighAlpha=-0.13922968506813
ThighTheta=0.468065619468689
LowerLegAlpha=-0.0321299210190773
LowerLegTheta=-0.112653076648712

[RightLeg]
ThighAlpha=0.13922968506813
ThighTheta=0.252279460430145
LowerLegAlpha=0.13922968506813
LowerLegTheta=0.176119610667229
