[%General]
Highest=154
CenterX=30.7831046132688
CenterY=278.946153616169
XWidth=48

[LeftLeg]
ThighAlpha=-0.0981747731566429
ThighTheta=0.549778699874878
LowerLegAlpha=-0.0785398185253143
LowerLegTheta=-0.706858336925507

[RightLeg]
ThighAlpha=0.0981747731566429
ThighTheta=0
LowerLegAlpha=0.0981747731566429
LowerLegTheta=-0.0785398185253143
