[%General]
Highest=156
CenterX=33.1042443875045
CenterY=79.1139094300546
XWidth=55

[LeftLeg]
ThighAlpha=0
ThighTheta=-0.431968986988068
LowerLegAlpha=-0.0785398185253143
LowerLegTheta=-0.431968986988068

[RightLeg]
ThighAlpha=0.0981747731566429
ThighTheta=0.471238911151886
LowerLegAlpha=0.0196349546313286
LowerLegTheta=0.431968986988068
