[%General]
Highest=159
CenterX=31.9731901264565
CenterY=193.257482467281
XWidth=53

[LeftLeg]
ThighAlpha=-0.00356999039649963
ThighTheta=0.249106109142303
LowerLegAlpha=-0.13922968506813
LowerLegTheta=-0.176119565963745

[RightLeg]
ThighAlpha=0.121379725635052
ThighTheta=0.106306441128254
LowerLegAlpha=-0.0999597683548927
LowerLegTheta=-0.677505135536194
