[%General]
Highest=158
CenterX=31.3975007640327
CenterY=36.8195071705887
XWidth=49

[LeftLeg]
ThighAlpha=-0.00356999039649963
ThighTheta=0.34883925318718
LowerLegAlpha=-0.157079637050629
LowerLegTheta=-0.265879362821579

[RightLeg]
ThighAlpha=0.13922968506813
ThighTheta=-0.37875908613205
LowerLegAlpha=-0.117809727787971
LowerLegTheta=-0.484838873147964
