[%General]
Highest=159
CenterX=31.7498253850117
CenterY=54.5214862311788
XWidth=55

[LeftLeg]
ThighAlpha=-0.0785398185253143
ThighTheta=-0.0785398185253143
LowerLegAlpha=-0.0981747731566429
LowerLegTheta=-0.235619455575943

[RightLeg]
ThighAlpha=0.0785398185253143
ThighTheta=0.314159274101257
LowerLegAlpha=-0.0981747731566429
LowerLegTheta=-0.314159274101257
