[%General]
Highest=153
CenterX=30.1341981885093
CenterY=259.671074963451
XWidth=49

[LeftLeg]
ThighAlpha=0.0107099786400795
ThighTheta=-0.0265199020504951
LowerLegAlpha=-0.13922968506813
LowerLegTheta=-1.09955739974976

[RightLeg]
ThighAlpha=0.0678298473358154
ThighTheta=0.31891930103302
LowerLegAlpha=0.0285599380731583
LowerLegTheta=0.109479792416096
