[%General]
Highest=156
CenterX=32.9224711018505
CenterY=74.701381654016
XWidth=55

[LeftLeg]
ThighAlpha=-0.00713998079299927
ThighTheta=-0.401879042387009
LowerLegAlpha=-0.0856797993183136
LowerLegTheta=-0.355639159679413

[RightLeg]
ThighAlpha=0.103529766201973
ThighTheta=0.401879131793976
LowerLegAlpha=-0.0464098900556564
LowerLegTheta=0.521558880805969
