[%General]
Highest=155
CenterX=29.6666718647662
CenterY=221.255263075819
XWidth=55

[LeftLeg]
ThighAlpha=-0.117809727787971
ThighTheta=-0.391905754804611
LowerLegAlpha=-0.0464098900556564
LowerLegTheta=-0.176119565963745

[RightLeg]
ThighAlpha=0.0285599380731583
ThighTheta=0.46171897649765
LowerLegAlpha=-0.0321299210190773
LowerLegTheta=0.391905784606934
