[%General]
Highest=158
CenterX=31.3975007640327
CenterY=36.8195071705887
XWidth=49

[LeftLeg]
ThighAlpha=0
ThighTheta=0.235619455575943
LowerLegAlpha=-0.0981747731566429
LowerLegTheta=-0.0785398185253143

[RightLeg]
ThighAlpha=0.0196349546313286
ThighTheta=-0.471238911151886
LowerLegAlpha=0
LowerLegTheta=-0.392699092626572
