[%General]
Highest=133
CenterX=32.0637386471465
CenterY=309.619655686593
XWidth=40

[LeftLeg]
ThighAlpha=-0.157079637050629
ThighTheta=-0.365159124135971
LowerLegAlpha=-0.157079637050629
LowerLegTheta=-0.567798674106598

[RightLeg]
ThighAlpha=0.103529766201973
ThighTheta=-0.401879042387009
LowerLegAlpha=0.0321299284696579
LowerLegTheta=-0.507958829402924
