[%General]
Highest=152
CenterX=30.3864752125782
CenterY=234.029343815177
XWidth=51

[LeftLeg]
ThighAlpha=-0.0999597683548927
ThighTheta=-0.464892268180847
LowerLegAlpha=-0.0464098900556564
LowerLegTheta=-0.388732433319092

[RightLeg]
ThighAlpha=0.0678298473358154
ThighTheta=0.46489229798317
LowerLegAlpha=0.0107099786400795
LowerLegTheta=0.534705460071564
