[%General]
Highest=159
CenterX=31.7498253850117
CenterY=54.5214862311788
XWidth=55

[LeftLeg]
ThighAlpha=-0.117809727787971
ThighTheta=-0.116279698908329
LowerLegAlpha=-0.117809727787971
LowerLegTheta=-0.259079366922379

[RightLeg]
ThighAlpha=0.103529766201973
ThighTheta=0.282199382781982
LowerLegAlpha=-0.0999597683548927
LowerLegTheta=-0.2454794049263
