[%General]
Highest=155
CenterX=32.7258316288083
CenterY=88.2841129292712
XWidth=54

[LeftLeg]
ThighAlpha=0.0321299284696579
ThighTheta=-0.431798994541168
LowerLegAlpha=-0.0678298398852348
LowerLegTheta=-0.604518592357635

[RightLeg]
ThighAlpha=0.121379725635052
ThighTheta=0.537878811359406
LowerLegAlpha=0.0249899476766586
LowerLegTheta=0.212839543819427
