[%General]
Highest=156
CenterX=29.9966461297519
CenterY=212.766913405139
XWidth=56

[LeftLeg]
ThighAlpha=-0.0785398185253143
ThighTheta=-0.259079366922379
LowerLegAlpha=-0.157079637050629
LowerLegTheta=-0.212839469313622

[RightLeg]
ThighAlpha=0.0142799690365791
ThighTheta=0.438599050045013
LowerLegAlpha=-0.0285599306225777
LowerLegTheta=-0.00339995324611664
