[%General]
Highest=158
CenterX=31.9490279413032
CenterY=188.930204175401
XWidth=53

[LeftLeg]
ThighAlpha=0
ThighTheta=0.235619455575943
LowerLegAlpha=-0.0981747731566429
LowerLegTheta=-0.0785398185253143

[RightLeg]
ThighAlpha=0.0196349546313286
ThighTheta=-0.314159274101257
LowerLegAlpha=0
LowerLegTheta=-0.235619455575943
