[%General]
Highest=158
CenterX=31.2211588677669
CenterY=204.089500208899
XWidth=56

[LeftLeg]
ThighAlpha=-0.0981747731566429
ThighTheta=-0.117809727787971
LowerLegAlpha=-0.0785398185253143
LowerLegTheta=-0.117809727787971

[RightLeg]
ThighAlpha=0.0589048638939857
ThighTheta=0.392699092626572
LowerLegAlpha=-0.0392699092626572
LowerLegTheta=-0.353429168462753
