[%General]
Highest=155
CenterX=32.3356514400913
CenterY=27.6155589241901
XWidth=49

[LeftLeg]
ThighAlpha=-0.117809727787971
ThighTheta=0.31891930103302
LowerLegAlpha=0.00356999784708023
LowerLegTheta=0.0364932715892792

[RightLeg]
ThighAlpha=0.13922968506813
ThighTheta=0.322092622518539
LowerLegAlpha=0.13922968506813
LowerLegTheta=0.0333199352025986
