[%General]
Highest=155
CenterX=32.7258316288083
CenterY=88.2841129292712
XWidth=54

[LeftLeg]
ThighAlpha=0.0321299284696579
ThighTheta=-0.461718916893005
LowerLegAlpha=-0.0678298398852348
LowerLegTheta=-0.534705400466919

[RightLeg]
ThighAlpha=0.121379725635052
ThighTheta=0.537878811359406
LowerLegAlpha=0.00713998824357986
LowerLegTheta=0.172946274280548
