[%General]
Highest=160
CenterX=31.4888494593845
CenterY=49.8773828666482
XWidth=53

[LeftLeg]
ThighAlpha=-0.0606898590922356
ThighTheta=-0.0333198979496956
LowerLegAlpha=-0.13922968506813
LowerLegTheta=-0.109479740262032

[RightLeg]
ThighAlpha=0.0678298473358154
ThighTheta=0.249106109142303
LowerLegAlpha=0.13922968506813
LowerLegTheta=-0.534705400466919
