[%General]
Highest=158
CenterX=32.3650012165276
CenterY=111.080405318372
XWidth=54

[LeftLeg]
ThighAlpha=-0.00713998079299927
ThighTheta=0.176119640469551
LowerLegAlpha=-0.0285599306225777
LowerLegTheta=-1.09955739974976

[RightLeg]
ThighAlpha=0.103529766201973
ThighTheta=0.222359538078308
LowerLegAlpha=0.0499798879027367
LowerLegTheta=-0.10267972946167
