[%General]
Highest=156
CenterX=31.9474161757726
CenterY=30.4952259973757
XWidth=49

[LeftLeg]
ThighAlpha=-0.0785398185253143
ThighTheta=0.322092622518539
LowerLegAlpha=-0.0321299210190773
LowerLegTheta=-0.0396665707230568

[RightLeg]
ThighAlpha=0.13922968506813
ThighTheta=0.322092622518539
LowerLegAlpha=0.13922968506813
LowerLegTheta=0.0364932715892792
