[%General]
Highest=156
CenterX=31.9474161757726
CenterY=30.4952259973757
XWidth=49

[LeftLeg]
ThighAlpha=-0.0785398185253143
ThighTheta=0.342039257287979
LowerLegAlpha=-0.0678298398852348
LowerLegTheta=-0.0197199191898108

[RightLeg]
ThighAlpha=0.13922968506813
ThighTheta=0.312119334936142
LowerLegAlpha=0.13922968506813
LowerLegTheta=0.0265199784189463
