[%General]
Highest=157
CenterX=32.1826691592807
CenterY=139.632388740199
XWidth=55

[LeftLeg]
ThighAlpha=-0.0981747731566429
ThighTheta=0.471238911151886
LowerLegAlpha=0.0392699092626572
LowerLegTheta=0.0785398185253143

[RightLeg]
ThighAlpha=0.0981747731566429
ThighTheta=-0.392699092626572
LowerLegAlpha=0.0785398185253143
LowerLegTheta=-0.157079637050629
