[%General]
Highest=158
CenterX=31.2211588677669
CenterY=204.089500208899
XWidth=56

[LeftLeg]
ThighAlpha=-0.0999597683548927
ThighTheta=-0.106306403875351
LowerLegAlpha=-0.103529758751392
LowerLegTheta=-0.109479740262032

[RightLeg]
ThighAlpha=0.0321299284696579
ThighTheta=0.395079135894775
LowerLegAlpha=0.00356999784708023
LowerLegTheta=-0.391905754804611
