[%General]
Highest=155
CenterX=29.6666718647662
CenterY=221.255263075819
XWidth=55

[LeftLeg]
ThighAlpha=-0.0981747731566429
ThighTheta=-0.392699092626572
LowerLegAlpha=-0.0785398185253143
LowerLegTheta=-0.235619455575943

[RightLeg]
ThighAlpha=0.0392699092626572
ThighTheta=0.431968986988068
LowerLegAlpha=-0.0589048638939857
LowerLegTheta=0.471238911151886
