[%General]
Highest=157
CenterX=32.7926256609502
CenterY=71.0991907782166
XWidth=55

[LeftLeg]
ThighAlpha=-0.0464098900556564
ThighTheta=-0.371959120035172
LowerLegAlpha=-0.0464098900556564
LowerLegTheta=-0.305319279432297

[RightLeg]
ThighAlpha=0.103529766201973
ThighTheta=0.401879131793976
LowerLegAlpha=-0.0785398185253143
LowerLegTheta=0.34883925318718
