[%General]
Highest=152
CenterX=30.4284171885122
CenterY=250.318821321197
XWidth=51

[LeftLeg]
ThighAlpha=-0.0392699092626572
ThighTheta=-0.325265914201736
LowerLegAlpha=-0.0142799615859985
LowerLegTheta=-0.817131459712982

[RightLeg]
ThighAlpha=0.0856798067688942
ThighTheta=0.391905784606934
LowerLegAlpha=0.0642598569393158
LowerLegTheta=0.31891930103302
