[%General]
Highest=154
CenterX=30.5884394647506
CenterY=282.750810638006
XWidth=49

[LeftLeg]
ThighAlpha=-0.082109808921814
ThighTheta=0.325265944004059
LowerLegAlpha=0.00356999784708023
LowerLegTheta=-0.2522794008255

[RightLeg]
ThighAlpha=0.13922968506813
ThighTheta=-0.106306403875351
LowerLegAlpha=0.0107099786400795
LowerLegTheta=-0.0396665707230568
