[%General]
Highest=158
CenterX=32.2304886685552
CenterY=63.9225094428706
XWidth=55

[LeftLeg]
ThighAlpha=-0.0785398185253143
ThighTheta=-0.353429168462753
LowerLegAlpha=-0.0589048638939857
LowerLegTheta=-0.117809727787971

[RightLeg]
ThighAlpha=0.0981747731566429
ThighTheta=0.353429168462753
LowerLegAlpha=-0.0981747731566429
LowerLegTheta=0
