[%General]
Highest=155
CenterX=32.8666455537522
CenterY=83.5097845163163
XWidth=54

[LeftLeg]
ThighAlpha=0.0142799690365791
ThighTheta=-0.461718916893005
LowerLegAlpha=-0.0678298398852348
LowerLegTheta=-0.534705400466919

[RightLeg]
ThighAlpha=0.13922968506813
ThighTheta=0.537878811359406
LowerLegAlpha=-0.0142799615859985
LowerLegTheta=0.315745949745178
