[%General]
Highest=153
CenterX=30.3922054416521
CenterY=229.589635937454
XWidth=52

[LeftLeg]
ThighAlpha=-0.117809727787971
ThighTheta=-0.461718916893005
LowerLegAlpha=-0.0464098900556564
LowerLegTheta=-0.335239201784134

[RightLeg]
ThighAlpha=0.0678298473358154
ThighTheta=0.581398725509644
LowerLegAlpha=-0.0285599306225777
LowerLegTheta=0.395079135894775
