[%General]
Highest=159
CenterX=31.5915427302997
CenterY=44.7600887902331
XWidth=51

[LeftLeg]
ThighAlpha=-0.0785398185253143
ThighTheta=0.0364932715892792
LowerLegAlpha=-0.0856797993183136
LowerLegTheta=-0.0396665707230568

[RightLeg]
ThighAlpha=0.103529766201973
ThighTheta=-0.318919241428375
LowerLegAlpha=-0.117809727787971
LowerLegTheta=-0.112653076648712
