[%General]
Highest=156
CenterX=31.2650011091393
CenterY=174.558423913043
XWidth=54

[LeftLeg]
ThighAlpha=-0.117809727787971
ThighTheta=0.514758884906769
LowerLegAlpha=-0.0678298398852348
LowerLegTheta=0.0564399100840092

[RightLeg]
ThighAlpha=0.0499798879027367
ThighTheta=-0.282199323177338
LowerLegAlpha=0.0606898665428162
LowerLegTheta=-0.784038186073303
