[%General]
Highest=152
CenterX=30.4284171885122
CenterY=250.318821321197
XWidth=51

[LeftLeg]
ThighAlpha=-0.0392699092626572
ThighTheta=-0.431968986988068
LowerLegAlpha=-0.0196349546313286
LowerLegTheta=-0.667588412761688

[RightLeg]
ThighAlpha=0.0785398185253143
ThighTheta=0.392699092626572
LowerLegAlpha=0.0785398185253143
LowerLegTheta=0.314159274101257
