[%General]
Highest=158
CenterX=32.5875251000846
CenterY=67.8916434083073
XWidth=56

[LeftLeg]
ThighAlpha=-0.0606898590922356
ThighTheta=-0.322092592716217
LowerLegAlpha=-0.0499798804521561
LowerLegTheta=-0.315745919942856

[RightLeg]
ThighAlpha=0.0999597758054733
ThighTheta=0.395079135894775
LowerLegAlpha=-0.103529758751392
LowerLegTheta=0.172946274280548
