[%General]
Highest=158
CenterX=32.3650012165276
CenterY=111.080405318372
XWidth=54

[LeftLeg]
ThighAlpha=-0.00713998079299927
ThighTheta=0.176119610667229
LowerLegAlpha=-0.0285599306225777
LowerLegTheta=-1.09955739974976

[RightLeg]
ThighAlpha=0.121379725635052
ThighTheta=0.245932787656784
LowerLegAlpha=0.0107099786400795
LowerLegTheta=-0.106306403875351
