[%General]
Highest=158
CenterX=31.8598353625255
CenterY=130.698673320486
XWidth=55

[LeftLeg]
ThighAlpha=-0.0785398185253143
ThighTheta=0.312119334936142
LowerLegAlpha=0.021419957280159
LowerLegTheta=-0.2522794008255

[RightLeg]
ThighAlpha=0.0856798067688942
ThighTheta=-0.235959425568581
LowerLegAlpha=0.0606898665428162
LowerLegTheta=0.0102000124752522
