[%General]
Highest=158
CenterX=31.9490279413032
CenterY=188.930204175401
XWidth=53

[LeftLeg]
ThighAlpha=-0.0107099711894989
ThighTheta=0.179292947053909
LowerLegAlpha=-0.157079637050629
LowerLegTheta=0.0333199352025986

[RightLeg]
ThighAlpha=0.121379725635052
ThighTheta=0.176119610667229
LowerLegAlpha=-0.103529758751392
LowerLegTheta=-1.09955739974976
