[%General]
Highest=154
CenterX=30.2622806314609
CenterY=269.60339770815
XWidth=49

[LeftLeg]
ThighAlpha=-0.024989940226078
ThighTheta=0.0364932715892792
LowerLegAlpha=-0.0999597683548927
LowerLegTheta=-0.959931075572968

[RightLeg]
ThighAlpha=0.0856798067688942
ThighTheta=0.176119610667229
LowerLegAlpha=-0.0107099711894989
LowerLegTheta=-0.0364932343363762
