[%General]
Highest=157
CenterX=31.9718449574429
CenterY=134.9718082175
XWidth=55

[LeftLeg]
ThighAlpha=-0.0606898590922356
ThighTheta=0.46489229798317
LowerLegAlpha=0.00356999784708023
LowerLegTheta=-0.255452752113342

[RightLeg]
ThighAlpha=0.13922968506813
ThighTheta=-0.322092592716217
LowerLegAlpha=-0.00713998079299927
LowerLegTheta=-0.0999597311019897
