[%General]
Highest=157
CenterX=32.2894775827935
CenterY=143.699007420775
XWidth=56

[LeftLeg]
ThighAlpha=-0.0785398185253143
ThighTheta=0.46489229798317
LowerLegAlpha=-0.0321299210190773
LowerLegTheta=0.31891930103302

[RightLeg]
ThighAlpha=0.13922968506813
ThighTheta=-0.388732433319092
LowerLegAlpha=0.046409897506237
LowerLegTheta=-0.255452752113342
