[%General]
Highest=159
CenterX=31.6736117453649
CenterY=40.6360398209882
XWidth=50

[LeftLeg]
ThighAlpha=-0.0785398185253143
ThighTheta=0.0102000124752522
LowerLegAlpha=-0.0678298398852348
LowerLegTheta=0.132599741220474

[RightLeg]
ThighAlpha=0.121379725635052
ThighTheta=-0.176119565963745
LowerLegAlpha=-0.117809727787971
LowerLegTheta=-0.53107875585556
