[%General]
Highest=156
CenterX=31.1739710137198
CenterY=169.732030239597
XWidth=54

[LeftLeg]
ThighAlpha=-0.13922968506813
ThighTheta=0.60451865196228
LowerLegAlpha=-0.0856797993183136
LowerLegTheta=0.0396666079759598

[RightLeg]
ThighAlpha=0.0678298473358154
ThighTheta=-0.318919241428375
LowerLegAlpha=0.0428399071097374
LowerLegTheta=-0.750491619110107
