[%General]
Highest=135
CenterX=32.1756756756757
CenterY=305.465515682907
XWidth=43

[LeftLeg]
ThighAlpha=-0.157079637050629
ThighTheta=-0.401879042387009
LowerLegAlpha=-0.157079637050629
LowerLegTheta=-0.478038877248764

[RightLeg]
ThighAlpha=0.121379725635052
ThighTheta=-0.431798994541168
LowerLegAlpha=0.0856798067688942
LowerLegTheta=-0.401879042387009
