[%General]
Highest=154
CenterX=33.955475549109
CenterY=257.339670534604
XWidth=54

[LeftLeg]
ThighAlpha=-0.0785398185253143
ThighTheta=0.371959179639816
LowerLegAlpha=-0.0856797993183136
LowerLegTheta=0.687478482723236

[RightLeg]
ThighAlpha=0.0678298473358154
ThighTheta=-0.408679038286209
LowerLegAlpha=0.0678298473358154
LowerLegTheta=-0.162519589066505
