[%General]
Highest=161
CenterX=33.1396204921578
CenterY=171.24570970498
XWidth=58

[LeftLeg]
ThighAlpha=-0.117809727787971
ThighTheta=-0.0564398318529129
LowerLegAlpha=-0.0999597683548927
LowerLegTheta=-0.0333198830485344

[RightLeg]
ThighAlpha=0.0499798879027367
ThighTheta=0.371959179639816
LowerLegAlpha=0.0249899476766586
LowerLegTheta=-0.335239201784134
