[%General]
Highest=162
CenterX=35.4146810402312
CenterY=107.080951322516
XWidth=60

[LeftLeg]
ThighAlpha=-0.0785398185253143
ThighTheta=0.342039257287979
LowerLegAlpha=0.0606898665428162
LowerLegTheta=-0.305319279432297

[RightLeg]
ThighAlpha=0.103529766201973
ThighTheta=-0.0863597691059113
LowerLegAlpha=0.0999597758054733
LowerLegTheta=-0.152999609708786
