[%General]
Highest=159
CenterX=36.2365628134058
CenterY=77.117746894872
XWidth=56

[LeftLeg]
ThighAlpha=0.0321299284696579
ThighTheta=-0.342039197683334
LowerLegAlpha=-0.0142799615859985
LowerLegTheta=-0.634438514709473

[RightLeg]
ThighAlpha=0.13922968506813
ThighTheta=0.431799054145813
LowerLegAlpha=-0.024989940226078
LowerLegTheta=0.079559862613678
