[%General]
Highest=154
CenterX=31.4927215650953
CenterY=291.552829913771
XWidth=45

[LeftLeg]
ThighAlpha=-0.0785398185253143
ThighTheta=-0.00339995324611664
LowerLegAlpha=-0.121379718184471
LowerLegTheta=0.408679097890854

[RightLeg]
ThighAlpha=0.103529766201973
ThighTheta=-0.259079366922379
LowerLegAlpha=0.0606898665428162
LowerLegTheta=0.74731832742691
