[%General]
Highest=158
CenterX=32.4376721069246
CenterY=185.358004791009
XWidth=59

[LeftLeg]
ThighAlpha=-0.0785398185253143
ThighTheta=-0.371959120035172
LowerLegAlpha=-0.121379718184471
LowerLegTheta=-0.0863597691059113

[RightLeg]
ThighAlpha=0.0142799690365791
ThighTheta=0.454919010400772
LowerLegAlpha=-0.0464098900556564
LowerLegTheta=0.34883925318718
