[%General]
Highest=159
CenterX=34.5283665029723
CenterY=127.293292840527
XWidth=60

[LeftLeg]
ThighAlpha=-0.0999597683548927
ThighTheta=0.551478803157806
LowerLegAlpha=-0.117809727787971
LowerLegTheta=0.305319339036942

[RightLeg]
ThighAlpha=0.0856798067688942
ThighTheta=-0.371959120035172
LowerLegAlpha=0.0606898665428162
LowerLegTheta=-0.348839163780212
