[%General]
Highest=154
CenterX=33.7927227593415
CenterY=260.412124379409
XWidth=54

[LeftLeg]
ThighAlpha=-0.0785398185253143
ThighTheta=0.484838932752609
LowerLegAlpha=-0.103529758751392
LowerLegTheta=0.521558880805969

[RightLeg]
ThighAlpha=0.103529766201973
ThighTheta=-0.438598960638046
LowerLegAlpha=0.0642598569393158
LowerLegTheta=-0.192439526319504
