[%General]
Highest=156
CenterX=32.0259190502655
CenterY=196.198756074777
XWidth=58

[LeftLeg]
ThighAlpha=-0.117809727787971
ThighTheta=-0.478038877248764
LowerLegAlpha=-0.0321299210190773
LowerLegTheta=-0.152999609708786

[RightLeg]
ThighAlpha=-0.0214199498295784
ThighTheta=0.454919010400772
LowerLegAlpha=0.00356999784708023
LowerLegTheta=0.46171897649765
