[%General]
Highest=161
CenterX=33.195860649651
CenterY=167.760995480873
XWidth=58

[LeftLeg]
ThighAlpha=-0.0785398185253143
ThighTheta=-0.00339995324611664
LowerLegAlpha=-0.157079637050629
LowerLegTheta=-0.0496398508548737

[RightLeg]
ThighAlpha=0.0856798067688942
ThighTheta=0.312119334936142
LowerLegAlpha=0.13922968506813
LowerLegTheta=-0.401879042387009
