[%General]
Highest=159
CenterX=33.6374415906502
CenterY=141.519196585381
XWidth=59

[LeftLeg]
ThighAlpha=-0.117809727787971
ThighTheta=0.664358496665955
LowerLegAlpha=-0.0499798804521561
LowerLegTheta=-0.116279698908329

[RightLeg]
ThighAlpha=0.0856798067688942
ThighTheta=-0.229159444570541
LowerLegAlpha=0.021419957280159
LowerLegTheta=-0.770438194274902
