[%General]
Highest=154
CenterX=33.426838831801
CenterY=271.206922660898
XWidth=50

[LeftLeg]
ThighAlpha=-0.117809727787971
ThighTheta=0.454919010400772
LowerLegAlpha=-0.0678298398852348
LowerLegTheta=0.34883925318718

[RightLeg]
ThighAlpha=0.0821098163723946
ThighTheta=-0.461718916893005
LowerLegAlpha=0.0249899476766586
LowerLegTheta=-0.365159124135971
