[%General]
Highest=161
CenterX=32.5671222739738
CenterY=153.476363557219
XWidth=56

[LeftLeg]
ThighAlpha=-0.082109808921814
ThighTheta=0.259079456329346
LowerLegAlpha=-0.121379718184471
LowerLegTheta=0.0931598246097565

[RightLeg]
ThighAlpha=0.046409897506237
ThighTheta=-0.146199628710747
LowerLegAlpha=0.00356999784708023
LowerLegTheta=-0.740518271923065
