[%General]
Highest=160
CenterX=36.2450565767242
CenterY=52.3055040704521
XWidth=53

[LeftLeg]
ThighAlpha=0.0142799690365791
ThighTheta=-0.348839163780212
LowerLegAlpha=-0.121379718184471
LowerLegTheta=-0.222359463572502

[RightLeg]
ThighAlpha=0.0856798067688942
ThighTheta=0.431799054145813
LowerLegAlpha=-0.0392699092626572
LowerLegTheta=0.139399722218513
