[%General]
Highest=161
CenterX=37.4565408940495
CenterY=29.7722778093243
XWidth=49

[LeftLeg]
ThighAlpha=0.0142799690365791
ThighTheta=0.0496399253606796
LowerLegAlpha=-0.0856797993183136
LowerLegTheta=-0.0496398508548737

[RightLeg]
ThighAlpha=0.121379725635052
ThighTheta=0.206039562821388
LowerLegAlpha=-0.0678298398852348
LowerLegTheta=-0.926837861537933
