[%General]
Highest=159
CenterX=34.6482505944582
CenterY=229.857912359878
XWidth=56

[LeftLeg]
ThighAlpha=-0.0999597683548927
ThighTheta=0.235959500074387
LowerLegAlpha=0.021419957280159
LowerLegTheta=-0.926837861537933

[RightLeg]
ThighAlpha=0.103529766201973
ThighTheta=0.0863598436117172
LowerLegAlpha=0.0678298473358154
LowerLegTheta=0.0333199612796307
