[%General]
Highest=162
CenterX=35.548684125305
CenterY=99.3426455666141
XWidth=60

[LeftLeg]
ThighAlpha=-0.0428398996591568
ThighTheta=0.288999378681183
LowerLegAlpha=-0.0856797993183136
LowerLegTheta=-0.866998016834259

[RightLeg]
ThighAlpha=0.121379725635052
ThighTheta=0.0265199784189463
LowerLegAlpha=0.0999597758054733
LowerLegTheta=-0.0863597691059113
