[%General]
Highest=146
CenterX=31.6476131796732
CenterY=300.923305280551
XWidth=42

[LeftLeg]
ThighAlpha=-0.117809727787971
ThighTheta=-0.139399647712708
LowerLegAlpha=-0.0321299210190773
LowerLegTheta=0.146199703216553

[RightLeg]
ThighAlpha=0.0285599380731583
ThighTheta=0.424999058246613
LowerLegAlpha=-0.00713998079299927
LowerLegTheta=-0.537878751754761
