[%General]
Highest=160
CenterX=32.6695680486217
CenterY=181.909040590406
XWidth=59

[LeftLeg]
ThighAlpha=-0.0785398185253143
ThighTheta=-0.312119245529175
LowerLegAlpha=-0.0856797993183136
LowerLegTheta=-0.0863597691059113

[RightLeg]
ThighAlpha=0.0142799690365791
ThighTheta=0.424999058246613
LowerLegAlpha=0.00356999784708023
LowerLegTheta=0.212839543819427
