[%General]
Highest=160
CenterX=37.3610456787393
CenterY=26.530213731504
XWidth=49

[LeftLeg]
ThighAlpha=-0.0999597683548927
ThighTheta=0.0496399253606796
LowerLegAlpha=0.021419957280159
LowerLegTheta=0.0632398948073387

[RightLeg]
ThighAlpha=-0.0214199498295784
ThighTheta=-0.0795597806572914
LowerLegAlpha=0.0999597758054733
LowerLegTheta=-0.641238510608673
