[%General]
Highest=158
CenterX=36.0496913712547
CenterY=73.1407475674054
XWidth=54

[LeftLeg]
ThighAlpha=0.0321299284696579
ThighTheta=-0.401879042387009
LowerLegAlpha=-0.0499798804521561
LowerLegTheta=-0.567798674106598

[RightLeg]
ThighAlpha=0.13922968506813
ThighTheta=0.46171897649765
LowerLegAlpha=-0.0428398996591568
LowerLegTheta=0.139399722218513
