[%General]
Highest=159
CenterX=33.9435277962538
CenterY=137.671412019654
XWidth=60

[LeftLeg]
ThighAlpha=-0.117809727787971
ThighTheta=0.634438574314117
LowerLegAlpha=-0.082109808921814
LowerLegTheta=0.0265199784189463

[RightLeg]
ThighAlpha=0.0856798067688942
ThighTheta=-0.312119245529175
LowerLegAlpha=0.0999597758054733
LowerLegTheta=-0.657558441162109
