[%General]
Highest=157
CenterX=32.7522824545025
CenterY=211.157292336045
XWidth=56

[LeftLeg]
ThighAlpha=-0.082109808921814
ThighTheta=-0.348839163780212
LowerLegAlpha=0.00356999784708023
LowerLegTheta=-0.567798674106598

[RightLeg]
ThighAlpha=0.0499798879027367
ThighTheta=0.371959179639816
LowerLegAlpha=0.00356999784708023
LowerLegTheta=0.229159519076347
