[%General]
Highest=156
CenterX=32.1738449490995
CenterY=203.495548460936
XWidth=58

[LeftLeg]
ThighAlpha=-0.0785398185253143
ThighTheta=-0.461718916893005
LowerLegAlpha=-0.0499798804521561
LowerLegTheta=-0.335239201784134

[RightLeg]
ThighAlpha=0.0678298473358154
ThighTheta=0.454919010400772
LowerLegAlpha=0.00713998824357986
LowerLegTheta=0.259079456329346
