[%General]
Highest=154
CenterX=33.5862028115622
CenterY=263.611778023482
XWidth=53

[LeftLeg]
ThighAlpha=-0.117809727787971
ThighTheta=0.484838932752609
LowerLegAlpha=-0.103529758751392
LowerLegTheta=0.46171897649765

[RightLeg]
ThighAlpha=0.0678298473358154
ThighTheta=-0.424998998641968
LowerLegAlpha=0.0606898665428162
LowerLegTheta=-0.24275940656662
