[%General]
Highest=157
CenterX=33.4061811821259
CenterY=219.125674808411
XWidth=56

[LeftLeg]
ThighAlpha=-0.0285599306225777
ThighTheta=-0.109479710459709
LowerLegAlpha=-0.0499798804521561
LowerLegTheta=-0.956757783889771

[RightLeg]
ThighAlpha=0.103529766201973
ThighTheta=0.424999058246613
LowerLegAlpha=-0.0285599306225777
LowerLegTheta=-0.162519589066505
