[%General]
Highest=161
CenterX=32.9299079546758
CenterY=160.378501214415
XWidth=58

[LeftLeg]
ThighAlpha=-0.024989940226078
ThighTheta=0.0197199955582619
LowerLegAlpha=-0.157079637050629
LowerLegTheta=0.212839543819427

[RightLeg]
ThighAlpha=0.13922968506813
ThighTheta=-0.229159444570541
LowerLegAlpha=-0.117809727787971
LowerLegTheta=-0.229159444570541
