[%General]
Highest=162
CenterX=36.5438096078258
CenterY=45.3278344654532
XWidth=52

[LeftLeg]
ThighAlpha=-0.00713998079299927
ThighTheta=-0.229159444570541
LowerLegAlpha=-0.0678298398852348
LowerLegTheta=-0.139399647712708

[RightLeg]
ThighAlpha=0.0856798067688942
ThighTheta=0.371959179639816
LowerLegAlpha=-0.024989940226078
LowerLegTheta=-0.215559482574463
