[%General]
Highest=152
CenterX=31.2279665516326
CenterY=294.877462171489
XWidth=44

[LeftLeg]
ThighAlpha=-0.117809727787971
ThighTheta=0.0333199612796307
LowerLegAlpha=-0.0321299210190773
LowerLegTheta=0.185639619827271

[RightLeg]
ThighAlpha=0.0678298473358154
ThighTheta=0.146199703216553
LowerLegAlpha=-0.157079637050629
LowerLegTheta=-0.694278359413147
