[%General]
Highest=158
CenterX=34.1240030789626
CenterY=133.913789048301
XWidth=60

[LeftLeg]
ThighAlpha=-0.117809727787971
ThighTheta=0.60451865196228
LowerLegAlpha=-0.103529758751392
LowerLegTheta=0.162519663572311

[RightLeg]
ThighAlpha=0.13922968506813
ThighTheta=-0.312119245529175
LowerLegAlpha=0.046409897506237
LowerLegTheta=-0.604518592357635
