[%General]
Highest=156
CenterX=32.9370123668118
CenterY=215.370619829073
XWidth=56

[LeftLeg]
ThighAlpha=-0.0606898590922356
ThighTheta=-0.2522794008255
LowerLegAlpha=-0.0142799615859985
LowerLegTheta=-0.754118263721466

[RightLeg]
ThighAlpha=0.0142799690365791
ThighTheta=0.282199382781982
LowerLegAlpha=0.021419957280159
LowerLegTheta=0.265879422426224
