[%General]
Highest=160
CenterX=36.47823800837
CenterY=85.0603390921773
XWidth=59

[LeftLeg]
ThighAlpha=0.0107099786400795
ThighTheta=-0.199239507317543
LowerLegAlpha=0.00713998824357986
LowerLegTheta=-0.80035811662674

[RightLeg]
ThighAlpha=0.13922968506813
ThighTheta=0.312119334936142
LowerLegAlpha=0.00356999784708023
LowerLegTheta=-0.00339995324611664
