[%General]
Highest=162
CenterX=33.1520297216742
CenterY=163.897863229923
XWidth=58

[LeftLeg]
ThighAlpha=-0.117809727787971
ThighTheta=0.0265199784189463
LowerLegAlpha=-0.0678298398852348
LowerLegTheta=0.0564399100840092

[RightLeg]
ThighAlpha=0.0499798879027367
ThighTheta=0.282199382781982
LowerLegAlpha=0.021419957280159
LowerLegTheta=-0.650758504867554
