[%General]
Highest=161
CenterX=32.5390152975961
CenterY=156.915263315765
XWidth=57

[LeftLeg]
ThighAlpha=-0.0785398185253143
ThighTheta=0.259079456329346
LowerLegAlpha=-0.121379718184471
LowerLegTheta=-0.0265199020504951

[RightLeg]
ThighAlpha=0.0678298473358154
ThighTheta=0.0333199612796307
LowerLegAlpha=0.00713998824357986
LowerLegTheta=-0.926837861537933
