[%General]
Highest=154
CenterX=32.1138289150041
CenterY=287.838343809784
XWidth=48

[LeftLeg]
ThighAlpha=-0.0642598494887352
ThighTheta=0.169319659471512
LowerLegAlpha=-0.103529758751392
LowerLegTheta=0.265879422426224

[RightLeg]
ThighAlpha=-0.0107099711894989
ThighTheta=0.146199703216553
LowerLegAlpha=0.00356999784708023
LowerLegTheta=-1.03971755504608
