[%General]
Highest=159
CenterX=37.5802254109874
CenterY=82.7164271347185
XWidth=58

[LeftLeg]
ThighAlpha=-0.0392699092626572
ThighTheta=0.431799054145813
LowerLegAlpha=-0.0999597683548927
LowerLegTheta=0.0564399100840092

[RightLeg]
ThighAlpha=0.13922968506813
ThighTheta=-0.2522794008255
LowerLegAlpha=0.0249899476766586
LowerLegTheta=-0.81395810842514
