[%General]
Highest=161
CenterX=40.1923058816883
CenterY=34.1614427884117
XWidth=55

[LeftLeg]
ThighAlpha=0.0642598569393158
ThighTheta=0.0364932715892792
LowerLegAlpha=-0.0499798804521561
LowerLegTheta=-0.610865235328674

[RightLeg]
ThighAlpha=0.0499798879027367
ThighTheta=0.0333199352025986
LowerLegAlpha=0.0999597758054733
LowerLegTheta=-0.0333198979496956
