[%General]
Highest=150
CenterX=32.9562074399641
CenterY=289.315367154857
XWidth=46

[LeftLeg]
ThighAlpha=-0.0107099711894989
ThighTheta=-0.318919241428375
LowerLegAlpha=-0.0678298398852348
LowerLegTheta=-0.607691943645477

[RightLeg]
ThighAlpha=-0.00356999039649963
ThighTheta=0.607692003250122
LowerLegAlpha=0.00713998824357986
LowerLegTheta=-0.179292917251587
