[%General]
Highest=159
CenterX=37.3879233866382
CenterY=190.784695525579
XWidth=62

[LeftLeg]
ThighAlpha=-0.0606898590922356
ThighTheta=0.46171897649765
LowerLegAlpha=-0.0142799615859985
LowerLegTheta=0.249106109142303

[RightLeg]
ThighAlpha=0.121379725635052
ThighTheta=-0.318919241428375
LowerLegAlpha=0.00713998824357986
LowerLegTheta=-0.0396665707230568
