[%General]
Highest=161
CenterX=36.7161887583801
CenterY=168.640161681136
XWidth=59

[LeftLeg]
ThighAlpha=-0.0999597683548927
ThighTheta=0.106306441128254
LowerLegAlpha=0.00356999784708023
LowerLegTheta=-0.886944591999054

[RightLeg]
ThighAlpha=0.103529766201973
ThighTheta=0.176119610667229
LowerLegAlpha=0.0107099786400795
LowerLegTheta=-0.0364932343363762
