[%General]
Highest=160
CenterX=35.8857579358343
CenterY=127.221078764217
XWidth=58

[LeftLeg]
ThighAlpha=-0.0785398185253143
ThighTheta=-0.392699092626572
LowerLegAlpha=-0.0392699092626572
LowerLegTheta=-0.235619455575943

[RightLeg]
ThighAlpha=0.117809727787971
ThighTheta=0.392699092626572
LowerLegAlpha=-0.157079637050629
LowerLegTheta=0.471238911151886
