[%General]
Highest=161
CenterX=35.7227859187423
CenterY=98.1468043747597
XWidth=56

[LeftLeg]
ThighAlpha=-0.0642598494887352
ThighTheta=0.179292947053909
LowerLegAlpha=-0.0678298398852348
LowerLegTheta=-0.106306403875351

[RightLeg]
ThighAlpha=0.103529766201973
ThighTheta=0.0364932715892792
LowerLegAlpha=-0.0107099711894989
LowerLegTheta=-0.890117883682251
