[%General]
Highest=158
CenterX=35.7242268041237
CenterY=130.326271548958
XWidth=58

[LeftLeg]
ThighAlpha=-0.0785398185253143
ThighTheta=-0.391905754804611
LowerLegAlpha=-0.0285599306225777
LowerLegTheta=-0.325265914201736

[RightLeg]
ThighAlpha=0.0142799690365791
ThighTheta=0.46489229798317
LowerLegAlpha=-0.0285599306225777
LowerLegTheta=0.531532108783722
