[%General]
Highest=145
CenterX=34.2382803943045
CenterY=301.758844468784
XWidth=49

[LeftLeg]
ThighAlpha=-0.117809727787971
ThighTheta=-0.0785398185253143
LowerLegAlpha=0.157079637050629
LowerLegTheta=-0.785398185253143

[RightLeg]
ThighAlpha=0.157079637050629
ThighTheta=0.314159274101257
LowerLegAlpha=-0.157079637050629
LowerLegTheta=-0.314159274101257
