[%General]
Highest=157
CenterX=38.9795014885039
CenterY=66.6263250980435
XWidth=59

[LeftLeg]
ThighAlpha=-0.0606898590922356
ThighTheta=0.46489229798317
LowerLegAlpha=-0.0499798804521561
LowerLegTheta=0.388732463121414

[RightLeg]
ThighAlpha=0.13922968506813
ThighTheta=-0.395079076290131
LowerLegAlpha=0.046409897506237
LowerLegTheta=-0.461718916893005
