[%General]
Highest=157
CenterX=35.8553886066371
CenterY=142.23865528051
XWidth=56

[LeftLeg]
ThighAlpha=-0.0464098900556564
ThighTheta=-0.461718916893005
LowerLegAlpha=0.00713998824357986
LowerLegTheta=-0.468065589666367

[RightLeg]
ThighAlpha=0.0678298473358154
ThighTheta=0.46489229798317
LowerLegAlpha=0.00356999784708023
LowerLegTheta=0.322092622518539
