[%General]
Highest=157
CenterX=33.6455340969972
CenterY=226.737990152308
XWidth=55

[LeftLeg]
ThighAlpha=-0.0999597683548927
ThighTheta=0.395079135894775
LowerLegAlpha=-0.0142799615859985
LowerLegTheta=0.030146598815918

[RightLeg]
ThighAlpha=0.0499798879027367
ThighTheta=-0.2522794008255
LowerLegAlpha=0.00713998824357986
LowerLegTheta=-0.677505135536194
