[%General]
Highest=156
CenterX=31.5881262850341
CenterY=262.444243047289
XWidth=51

[LeftLeg]
ThighAlpha=-0.0785398185253143
ThighTheta=-0.335239201784134
LowerLegAlpha=-0.103529758751392
LowerLegTheta=-0.152999609708786

[RightLeg]
ThighAlpha=-0.0606898590922356
ThighTheta=0.424999058246613
LowerLegAlpha=-0.0464098900556564
LowerLegTheta=0.498438894748688
