[%General]
Highest=161
CenterX=40.0057999129023
CenterY=45.6844689021735
XWidth=56

[LeftLeg]
ThighAlpha=-0.0392699092626572
ThighTheta=0.314159274101257
LowerLegAlpha=0.117809727787971
LowerLegTheta=-0.314159274101257

[RightLeg]
ThighAlpha=0.0785398185253143
ThighTheta=-0.157079637050629
LowerLegAlpha=0.117809727787971
LowerLegTheta=-0.157079637050629
