[%General]
Highest=160
CenterX=39.6580163260951
CenterY=55.9587686069466
XWidth=58

[LeftLeg]
ThighAlpha=-0.0392699092626572
ThighTheta=0.408679097890854
LowerLegAlpha=0.021419957280159
LowerLegTheta=0.19243960082531

[RightLeg]
ThighAlpha=0.13922968506813
ThighTheta=-0.371959120035172
LowerLegAlpha=0.00713998824357986
LowerLegTheta=-0.229159444570541
