[%General]
Highest=162
CenterX=39.9563568606154
CenterY=41.954933612989
XWidth=55

[LeftLeg]
ThighAlpha=0.0785398185253143
ThighTheta=0.235619455575943
LowerLegAlpha=-0.117809727787971
LowerLegTheta=-0.392699092626572

[RightLeg]
ThighAlpha=0.157079637050629
ThighTheta=-0.314159274101257
LowerLegAlpha=0
LowerLegTheta=0.314159274101257
