[%General]
Highest=160
CenterX=37.1630017139208
CenterY=186.955516472684
XWidth=62

[LeftLeg]
ThighAlpha=-0.0606898590922356
ThighTheta=0.454919010400772
LowerLegAlpha=0.00356999784708023
LowerLegTheta=0.070039875805378

[RightLeg]
ThighAlpha=0.0999597758054733
ThighTheta=-0.229159444570541
LowerLegAlpha=0.021419957280159
LowerLegTheta=-0.0632398128509521
