[%General]
Highest=163
CenterX=35.8707320056261
CenterY=105.51525776138
XWidth=55

[LeftLeg]
ThighAlpha=-0.0606898590922356
ThighTheta=0.0396666079759598
LowerLegAlpha=-0.121379718184471
LowerLegTheta=-0.255452752113342

[RightLeg]
ThighAlpha=0.0856798067688942
ThighTheta=0.249106109142303
LowerLegAlpha=-0.00713998079299927
LowerLegTheta=-0.534705400466919
