[%General]
Highest=159
CenterX=38.1700992123684
CenterY=78.5986786665318
XWidth=59

[LeftLeg]
ThighAlpha=-0.117809727787971
ThighTheta=0.471238911151886
LowerLegAlpha=0
LowerLegTheta=0.0785398185253143

[RightLeg]
ThighAlpha=0.157079637050629
ThighTheta=-0.314159274101257
LowerLegAlpha=0.0392699092626572
LowerLegTheta=-0.785398185253143
