[%General]
Highest=163
CenterX=35.8707320056261
CenterY=105.51525776138
XWidth=55

[LeftLeg]
ThighAlpha=-0.0606898590922356
ThighTheta=0.079559862613678
LowerLegAlpha=-0.13922968506813
LowerLegTheta=-0.215559482574463

[RightLeg]
ThighAlpha=0.0678298473358154
ThighTheta=0.259079456329346
LowerLegAlpha=0.0321299284696579
LowerLegTheta=-0.544678747653961
