[%General]
Highest=161
CenterX=36.8347625953717
CenterY=172.370840952561
XWidth=60

[LeftLeg]
ThighAlpha=-0.00356999039649963
ThighTheta=0.109479777514935
LowerLegAlpha=-0.0499798804521561
LowerLegTheta=-0.395079076290131

[RightLeg]
ThighAlpha=0.046409897506237
ThighTheta=0.0364932715892792
LowerLegAlpha=0.0999597758054733
LowerLegTheta=0.103133104741573
