[%General]
Highest=162
CenterX=35.8361202992214
CenterY=101.645402269605
XWidth=56

[LeftLeg]
ThighAlpha=-0.0981747731566429
ThighTheta=0.0392699092626572
LowerLegAlpha=-0.0392699092626572
LowerLegTheta=0

[RightLeg]
ThighAlpha=0.0981747731566429
ThighTheta=-0.157079637050629
LowerLegAlpha=-0.0785398185253143
LowerLegTheta=-0.196349546313286
