[%General]
Highest=159
CenterX=37.3879233866382
CenterY=190.784695525579
XWidth=62

[LeftLeg]
ThighAlpha=-0.117809727787971
ThighTheta=0.471238911151886
LowerLegAlpha=0.0785398185253143
LowerLegTheta=0.235619455575943

[RightLeg]
ThighAlpha=0.157079637050629
ThighTheta=-0.314159274101257
LowerLegAlpha=0
LowerLegTheta=-0.0785398185253143
