[%General]
Highest=161
CenterX=35.7227859187423
CenterY=98.1468043747597
XWidth=56

[LeftLeg]
ThighAlpha=-0.0589048638939857
ThighTheta=0.157079637050629
LowerLegAlpha=-0.0785398185253143
LowerLegTheta=-0.0785398185253143

[RightLeg]
ThighAlpha=0.0981747731566429
ThighTheta=0
LowerLegAlpha=0
LowerLegTheta=-0.785398185253143
