[%General]
Highest=156
CenterX=35.0465666430523
CenterY=217.849180244914
XWidth=57

[LeftLeg]
ThighAlpha=-0.157079637050629
ThighTheta=0.471238911151886
LowerLegAlpha=0.0392699092626572
LowerLegTheta=0.157079637050629

[RightLeg]
ThighAlpha=0.0392699092626572
ThighTheta=-0.235619455575943
LowerLegAlpha=0.117809727787971
LowerLegTheta=-0.785398185253143
