[%General]
Highest=156
CenterX=35.0465666430523
CenterY=217.849180244914
XWidth=57

[LeftLeg]
ThighAlpha=-0.117809727787971
ThighTheta=0.454919010400772
LowerLegAlpha=0.00356999784708023
LowerLegTheta=0.18291962146759

[RightLeg]
ThighAlpha=0.0856798067688942
ThighTheta=-0.342039197683334
LowerLegAlpha=0.0606898665428162
LowerLegTheta=-0.627638518810272
