[%General]
Highest=159
CenterX=32.2814628166712
CenterY=252.876709343503
XWidth=52

[LeftLeg]
ThighAlpha=-0.0981747731566429
ThighTheta=-0.196349546313286
LowerLegAlpha=-0.0392699092626572
LowerLegTheta=-0.0392699092626572

[RightLeg]
ThighAlpha=0
ThighTheta=0.431968986988068
LowerLegAlpha=0
LowerLegTheta=-0.196349546313286
