[%General]
Highest=160
CenterX=36.4015526139627
CenterY=90.7620117039884
XWidth=57

[LeftLeg]
ThighAlpha=-0.0785398185253143
ThighTheta=0.314159274101257
LowerLegAlpha=0
LowerLegTheta=0

[RightLeg]
ThighAlpha=0.196349546313286
ThighTheta=-0.157079637050629
LowerLegAlpha=-0.157079637050629
LowerLegTheta=-0.785398185253143
