[%General]
Highest=160
CenterX=40.4369583239129
CenterY=30.6932229256161
XWidth=54

[LeftLeg]
ThighAlpha=0.0678298473358154
ThighTheta=-0.212839469313622
LowerLegAlpha=-0.0321299210190773
LowerLegTheta=-0.501158833503723

[RightLeg]
ThighAlpha=0.13922968506813
ThighTheta=-0.0632398128509521
LowerLegAlpha=0.0285599380731583
LowerLegTheta=0.212839543819427
