[%General]
Highest=158
CenterX=32.9027586733914
CenterY=230.565948341739
XWidth=53

[LeftLeg]
ThighAlpha=-0.157079637050629
ThighTheta=0.314159274101257
LowerLegAlpha=0
LowerLegTheta=0.0785398185253143

[RightLeg]
ThighAlpha=0.196349546313286
ThighTheta=0.235619455575943
LowerLegAlpha=0.157079637050629
LowerLegTheta=0.157079637050629
