[%General]
Highest=153
CenterX=32.4552837559685
CenterY=284.561630984219
XWidth=46

[LeftLeg]
ThighAlpha=-0.0785398185253143
ThighTheta=-0.392699092626572
LowerLegAlpha=0
LowerLegTheta=-0.471238911151886

[RightLeg]
ThighAlpha=-0.0196349546313286
ThighTheta=0.589048624038696
LowerLegAlpha=0.0196349546313286
LowerLegTheta=-0.0392699092626572
