[%General]
Highest=159
CenterX=38.1700992123684
CenterY=78.5986786665318
XWidth=59

[LeftLeg]
ThighAlpha=-0.117809727787971
ThighTheta=0.46171897649765
LowerLegAlpha=0.00356999784708023
LowerLegTheta=0.109479777514935

[RightLeg]
ThighAlpha=0.13922968506813
ThighTheta=-0.322092592716217
LowerLegAlpha=0.00356999784708023
LowerLegTheta=-0.674331784248352
