[%General]
Highest=156
CenterX=37.0536247209494
CenterY=198.244742098461
XWidth=62

[LeftLeg]
ThighAlpha=-0.0999597683548927
ThighTheta=0.46489229798317
LowerLegAlpha=-0.0464098900556564
LowerLegTheta=0.458545625209808

[RightLeg]
ThighAlpha=0.13922968506813
ThighTheta=-0.458545595407486
LowerLegAlpha=-0.0107099711894989
LowerLegTheta=-0.112653076648712
