[%General]
Highest=158
CenterX=36.8964549449033
CenterY=158.613057581265
XWidth=59

[LeftLeg]
ThighAlpha=-0.024989940226078
ThighTheta=-0.2459327429533
LowerLegAlpha=0.00356999784708023
LowerLegTheta=-0.750491619110107

[RightLeg]
ThighAlpha=0.0856798067688942
ThighTheta=0.395079135894775
LowerLegAlpha=-0.0142799615859985
LowerLegTheta=0.030146598815918
