[%General]
Highest=160
CenterX=39.6896461528804
CenterY=52.4807696331792
XWidth=57

[LeftLeg]
ThighAlpha=-0.00713998079299927
ThighTheta=0.312119334936142
LowerLegAlpha=0.021419957280159
LowerLegTheta=0.169319659471512

[RightLeg]
ThighAlpha=0.13922968506813
ThighTheta=-0.318919241428375
LowerLegAlpha=0.00356999784708023
LowerLegTheta=-0.229159444570541
