[%General]
Highest=160
CenterX=39.5520938132174
CenterY=59.3537143413494
XWidth=58

[LeftLeg]
ThighAlpha=-0.0785398185253143
ThighTheta=0.392699092626572
LowerLegAlpha=0.0392699092626572
LowerLegTheta=0.392699092626572

[RightLeg]
ThighAlpha=0.117809727787971
ThighTheta=-0.392699092626572
LowerLegAlpha=0
LowerLegTheta=-0.235619455575943
