[%General]
Highest=158
CenterX=32.9027586733914
CenterY=230.565948341739
XWidth=53

[LeftLeg]
ThighAlpha=-0.157079637050629
ThighTheta=0.288999378681183
LowerLegAlpha=0.00356999784708023
LowerLegTheta=0.0931598246097565

[RightLeg]
ThighAlpha=0.0142799690365791
ThighTheta=0.00340002961456776
LowerLegAlpha=0.00356999784708023
LowerLegTheta=-0.890117883682251
