[%General]
Highest=159
CenterX=32.2814628166712
CenterY=252.876709343503
XWidth=52

[LeftLeg]
ThighAlpha=-0.0785398185253143
ThighTheta=-0.179292917251587
LowerLegAlpha=-0.0856797993183136
LowerLegTheta=0.0364932715892792

[RightLeg]
ThighAlpha=-0.00713998079299927
ThighTheta=0.46489229798317
LowerLegAlpha=0.00713998824357986
LowerLegTheta=-0.249106079339981
