[%General]
Highest=159
CenterX=32.4009665069208
CenterY=249.541966747878
XWidth=52

[LeftLeg]
ThighAlpha=-0.0785398185253143
ThighTheta=-0.117809727787971
LowerLegAlpha=-0.0981747731566429
LowerLegTheta=0

[RightLeg]
ThighAlpha=0
ThighTheta=0.431968986988068
LowerLegAlpha=0.0589048638939857
LowerLegTheta=-0.353429168462753
