[%General]
Highest=153
CenterX=32.4552837559685
CenterY=284.561630984219
XWidth=46

[LeftLeg]
ThighAlpha=-0.0606898590922356
ThighTheta=-0.342039197683334
LowerLegAlpha=-0.0285599306225777
LowerLegTheta=-0.544678747653961

[RightLeg]
ThighAlpha=-0.0214199498295784
ThighTheta=0.537878811359406
LowerLegAlpha=0.0285599380731583
LowerLegTheta=0.00340002961456776
