[%General]
Highest=152
CenterX=32.0940779293853
CenterY=279.949472499648
XWidth=47

[LeftLeg]
ThighAlpha=-0.0785398185253143
ThighTheta=-0.37875908613205
LowerLegAlpha=-0.0321299210190773
LowerLegTheta=-0.448118954896927

[RightLeg]
ThighAlpha=-0.024989940226078
ThighTheta=0.507958889007568
LowerLegAlpha=0.021419957280159
LowerLegTheta=0.212839543819427
