[%General]
Highest=160
CenterX=37.1630017139208
CenterY=186.955516472684
XWidth=62

[LeftLeg]
ThighAlpha=-0.0606898590922356
ThighTheta=0.46489229798317
LowerLegAlpha=-0.0142799615859985
LowerLegTheta=0.030146598815918

[RightLeg]
ThighAlpha=0.0999597758054733
ThighTheta=-0.249106079339981
LowerLegAlpha=-0.0142799615859985
LowerLegTheta=0.0364932715892792
