[%General]
Highest=158
CenterX=32.3974624802528
CenterY=234.866360584518
XWidth=52

[LeftLeg]
ThighAlpha=-0.0999597683548927
ThighTheta=0.249106109142303
LowerLegAlpha=-0.082109808921814
LowerLegTheta=0.0333199352025986

[RightLeg]
ThighAlpha=0.0285599380731583
ThighTheta=0.245932787656784
LowerLegAlpha=0.00713998824357986
LowerLegTheta=-1.09955739974976
