[%General]
Highest=159
CenterX=37.5802254109874
CenterY=82.7164271347185
XWidth=58

[LeftLeg]
ThighAlpha=-0.0392699092626572
ThighTheta=0.46171897649765
LowerLegAlpha=-0.0285599306225777
LowerLegTheta=-0.0333198979496956

[RightLeg]
ThighAlpha=0.13922968506813
ThighTheta=-0.2522794008255
LowerLegAlpha=-0.0107099711894989
LowerLegTheta=-0.81395810842514
