[%General]
Highest=162
CenterX=36.0261806720553
CenterY=116.764495958518
XWidth=58

[LeftLeg]
ThighAlpha=-0.082109808921814
ThighTheta=-0.235959425568581
LowerLegAlpha=-0.0678298398852348
LowerLegTheta=-0.109479710459709

[RightLeg]
ThighAlpha=0.0678298473358154
ThighTheta=0.424999058246613
LowerLegAlpha=-0.0142799615859985
LowerLegTheta=-0.215559482574463
