[%General]
Highest=153
CenterX=32.4552837559685
CenterY=284.561630984219
XWidth=46

[LeftLeg]
ThighAlpha=-0.0606898590922356
ThighTheta=-0.391905754804611
LowerLegAlpha=-0.0285599306225777
LowerLegTheta=-0.464892268180847

[RightLeg]
ThighAlpha=-0.0214199498295784
ThighTheta=0.537878811359406
LowerLegAlpha=0.046409897506237
LowerLegTheta=0.0333199352025986
