[%General]
Highest=144
CenterX=34.4460203522731
CenterY=307.924414079391
XWidth=49

[LeftLeg]
ThighAlpha=-0.117809727787971
ThighTheta=0.388732463121414
LowerLegAlpha=-0.0856797993183136
LowerLegTheta=-0.817131459712982

[RightLeg]
ThighAlpha=0.13922968506813
ThighTheta=0.179292947053909
LowerLegAlpha=0.13922968506813
LowerLegTheta=-0.395079076290131
