[%General]
Highest=146
CenterX=33.6557551961077
CenterY=297.788343078258
XWidth=48

[LeftLeg]
ThighAlpha=-0.0214199498295784
ThighTheta=-0.109479740262032
LowerLegAlpha=-0.103529758751392
LowerLegTheta=-0.959931075572968

[RightLeg]
ThighAlpha=0.0678298473358154
ThighTheta=0.534705460071564
LowerLegAlpha=-0.0214199498295784
LowerLegTheta=-0.391905754804611
