[%General]
Highest=156
CenterX=37.0536247209494
CenterY=198.244742098461
XWidth=62

[LeftLeg]
ThighAlpha=-0.117809727787971
ThighTheta=0.574598729610443
LowerLegAlpha=-0.0285599306225777
LowerLegTheta=0.378759175539017

[RightLeg]
ThighAlpha=0.13922968506813
ThighTheta=-0.438598960638046
LowerLegAlpha=0.0428399071097374
LowerLegTheta=-0.162519589066505
