[%General]
Highest=154
CenterX=31.6002996504079
CenterY=268.692969313579
XWidth=51

[LeftLeg]
ThighAlpha=-0.157079637050629
ThighTheta=-0.392699092626572
LowerLegAlpha=0
LowerLegTheta=-0.235619455575943

[RightLeg]
ThighAlpha=-0.0785398185253143
ThighTheta=0.471238911151886
LowerLegAlpha=0
LowerLegTheta=0.628318548202515
