[%General]
Highest=157
CenterX=34.3657240918096
CenterY=222.446858714717
XWidth=56

[LeftLeg]
ThighAlpha=-0.117809727787971
ThighTheta=0.401879131793976
LowerLegAlpha=-0.0142799615859985
LowerLegTheta=0.169319659471512

[RightLeg]
ThighAlpha=0.0678298473358154
ThighTheta=-0.312119245529175
LowerLegAlpha=0.00713998824357986
LowerLegTheta=-0.634438514709473
