[%General]
Highest=159
CenterX=36.7935502218178
CenterY=165.13429643954
XWidth=59

[LeftLeg]
ThighAlpha=-0.0606898590922356
ThighTheta=0.116279773414135
LowerLegAlpha=-0.0321299210190773
LowerLegTheta=-1.09955739974976

[RightLeg]
ThighAlpha=0.0678298473358154
ThighTheta=0.229159519076347
LowerLegAlpha=0.0606898665428162
LowerLegTheta=0.00340002961456776
