[%General]
Highest=160
CenterX=39.6580163260951
CenterY=55.9587686069466
XWidth=58

[LeftLeg]
ThighAlpha=-0.0981747731566429
ThighTheta=0.431968986988068
LowerLegAlpha=0.0981747731566429
LowerLegTheta=0.117809727787971

[RightLeg]
ThighAlpha=0.0589048638939857
ThighTheta=-0.353429168462753
LowerLegAlpha=0.0981747731566429
LowerLegTheta=-0.235619455575943
