[%General]
Highest=162
CenterX=35.9488528709119
CenterY=109.315707636543
XWidth=55

[LeftLeg]
ThighAlpha=-0.0999597683548927
ThighTheta=-0.0364932343363762
LowerLegAlpha=-0.117809727787971
LowerLegTheta=-0.172946244478226

[RightLeg]
ThighAlpha=0.0856798067688942
ThighTheta=0.322092622518539
LowerLegAlpha=0.00713998824357986
LowerLegTheta=-0.534705400466919
