[%General]
Highest=153
CenterX=31.7889213321484
CenterY=275.702932588549
XWidth=48

[LeftLeg]
ThighAlpha=-0.0999597683548927
ThighTheta=-0.318919241428375
LowerLegAlpha=-0.0107099711894989
LowerLegTheta=-0.541052103042603

[RightLeg]
ThighAlpha=-0.0392699092626572
ThighTheta=0.46489229798317
LowerLegAlpha=0.021419957280159
LowerLegTheta=0.46171897649765
