[%General]
Highest=156
CenterX=35.0465666430523
CenterY=217.849180244914
XWidth=57

[LeftLeg]
ThighAlpha=-0.0981747731566429
ThighTheta=0.471238911151886
LowerLegAlpha=-0.0589048638939857
LowerLegTheta=0.196349546313286

[RightLeg]
ThighAlpha=0.0981747731566429
ThighTheta=-0.353429168462753
LowerLegAlpha=0.0196349546313286
LowerLegTheta=-0.589048624038696
