[%General]
Highest=160
CenterX=32.1780067848685
CenterY=245.889086603085
XWidth=52

[LeftLeg]
ThighAlpha=-0.117809727787971
ThighTheta=-0.109479740262032
LowerLegAlpha=-0.103529758751392
LowerLegTheta=0.106306441128254

[RightLeg]
ThighAlpha=0.0678298473358154
ThighTheta=0.46489229798317
LowerLegAlpha=0.0428399071097374
LowerLegTheta=-0.607691943645477
