[%General]
Highest=158
CenterX=36.0486035153077
CenterY=150.688972156943
XWidth=58

[LeftLeg]
ThighAlpha=-0.0428398996591568
ThighTheta=-0.391905754804611
LowerLegAlpha=-0.0107099711894989
LowerLegTheta=-0.604518592357635

[RightLeg]
ThighAlpha=0.0499798879027367
ThighTheta=0.46171897649765
LowerLegAlpha=0.0249899476766586
LowerLegTheta=0.179292947053909
