[%General]
Highest=161
CenterX=35.9269487702485
CenterY=94.1881589881396
XWidth=57

[LeftLeg]
ThighAlpha=-0.0464098900556564
ThighTheta=0.322092622518539
LowerLegAlpha=-0.0856797993183136
LowerLegTheta=-0.182466238737106

[RightLeg]
ThighAlpha=0.0856798067688942
ThighTheta=-0.10313306748867
LowerLegAlpha=0.00356999784708023
LowerLegTheta=-0.820304751396179
