[%General]
Highest=157
CenterX=34.3657240918096
CenterY=222.446858714717
XWidth=56

[LeftLeg]
ThighAlpha=-0.0981747731566429
ThighTheta=0.431968986988068
LowerLegAlpha=-0.0392699092626572
LowerLegTheta=0.117809727787971

[RightLeg]
ThighAlpha=0.0785398185253143
ThighTheta=-0.314159274101257
LowerLegAlpha=0
LowerLegTheta=-0.628318548202515
