[%General]
Highest=160
CenterX=36.8978159972239
CenterY=183.404571874729
XWidth=62

[LeftLeg]
ThighAlpha=-0.0642598494887352
ThighTheta=0.388732463121414
LowerLegAlpha=0.00356999784708023
LowerLegTheta=-0.0364932343363762

[RightLeg]
ThighAlpha=0.0856798067688942
ThighTheta=-0.106306403875351
LowerLegAlpha=0.046409897506237
LowerLegTheta=-0.106306403875351
