[%General]
Highest=161
CenterX=35.9372358060506
CenterY=123.775248653129
XWidth=59

[LeftLeg]
ThighAlpha=-0.0999597683548927
ThighTheta=-0.318919241428375
LowerLegAlpha=0.00356999784708023
LowerLegTheta=-0.182466238737106

[RightLeg]
ThighAlpha=-0.0214199498295784
ThighTheta=0.391905784606934
LowerLegAlpha=0.0428399071097374
LowerLegTheta=0.325265944004059
