[%General]
Highest=159
CenterX=36.7935502218178
CenterY=165.13429643954
XWidth=59

[LeftLeg]
ThighAlpha=-0.117809727787971
ThighTheta=-0.157079637050629
LowerLegAlpha=0.0785398185253143
LowerLegTheta=-0.628318548202515

[RightLeg]
ThighAlpha=0.0785398185253143
ThighTheta=0.235619455575943
LowerLegAlpha=0.0392699092626572
LowerLegTheta=0
