[%General]
Highest=156
CenterX=31.6884870338489
CenterY=259.427835540674
XWidth=52

[LeftLeg]
ThighAlpha=-0.13922968506813
ThighTheta=-0.318919241428375
LowerLegAlpha=-0.0285599306225777
LowerLegTheta=-0.0727597996592522

[RightLeg]
ThighAlpha=-0.0428398996591568
ThighTheta=0.454919010400772
LowerLegAlpha=-0.0285599306225777
LowerLegTheta=0.259079456329346
