[%General]
Highest=163
CenterX=35.8958164176681
CenterY=112.862932364404
XWidth=56

[LeftLeg]
ThighAlpha=-0.0642598494887352
ThighTheta=-0.106306403875351
LowerLegAlpha=-0.13922968506813
LowerLegTheta=-0.179292917251587

[RightLeg]
ThighAlpha=0.0499798879027367
ThighTheta=0.388732463121414
LowerLegAlpha=0.021419957280159
LowerLegTheta=-0.38555908203125
