[%General]
Highest=158
CenterX=37.0739552074523
CenterY=161.855611813368
XWidth=59

[LeftLeg]
ThighAlpha=-0.0214199498295784
ThighTheta=-0.176119565963745
LowerLegAlpha=-0.0321299210190773
LowerLegTheta=-0.750491619110107

[RightLeg]
ThighAlpha=0.0499798879027367
ThighTheta=0.252279460430145
LowerLegAlpha=0.021419957280159
LowerLegTheta=0.176119610667229
