[%General]
Highest=162
CenterX=35.9488528709119
CenterY=109.315707636543
XWidth=55

[LeftLeg]
ThighAlpha=-0.0785398185253143
ThighTheta=-0.0785398185253143
LowerLegAlpha=-0.117809727787971
LowerLegTheta=-0.0785398185253143

[RightLeg]
ThighAlpha=0.0785398185253143
ThighTheta=0.314159274101257
LowerLegAlpha=0.196349546313286
LowerLegTheta=-0.549778699874878
