[%General]
Highest=162
CenterX=35.8361202992214
CenterY=101.645402269605
XWidth=56

[LeftLeg]
ThighAlpha=-0.117809727787971
ThighTheta=0
LowerLegAlpha=0
LowerLegTheta=0.0785398185253143

[RightLeg]
ThighAlpha=0.157079637050629
ThighTheta=-0.157079637050629
LowerLegAlpha=0.196349546313286
LowerLegTheta=0.235619455575943
