[%General]
Highest=154
CenterX=31.6002996504079
CenterY=268.692969313579
XWidth=51

[LeftLeg]
ThighAlpha=-0.0999597683548927
ThighTheta=-0.391905754804611
LowerLegAlpha=-0.0713998302817345
LowerLegTheta=-0.2522794008255

[RightLeg]
ThighAlpha=-0.0392699092626572
ThighTheta=0.46489229798317
LowerLegAlpha=-0.0285599306225777
LowerLegTheta=0.534705460071564
