[%General]
Highest=158
CenterX=32.9027586733914
CenterY=230.565948341739
XWidth=53

[LeftLeg]
ThighAlpha=-0.13922968506813
ThighTheta=0.249106109142303
LowerLegAlpha=-0.0142799615859985
LowerLegTheta=0.172946274280548

[RightLeg]
ThighAlpha=0.0142799690365791
ThighTheta=-0.0364932343363762
LowerLegAlpha=0.021419957280159
LowerLegTheta=-0.890117883682251
