[%General]
Highest=161
CenterX=36.8347625953717
CenterY=172.370840952561
XWidth=60

[LeftLeg]
ThighAlpha=-0.0392699092626572
ThighTheta=-0.157079637050629
LowerLegAlpha=-0.0392699092626572
LowerLegTheta=0

[RightLeg]
ThighAlpha=0
ThighTheta=0.157079637050629
LowerLegAlpha=0.196349546313286
LowerLegTheta=-0.157079637050629
