[%General]
Highest=158
CenterX=36.448416842573
CenterY=154.819875569381
XWidth=58

[LeftLeg]
ThighAlpha=-0.024989940226078
ThighTheta=-0.318919241428375
LowerLegAlpha=-0.0142799615859985
LowerLegTheta=-0.680678427219391

[RightLeg]
ThighAlpha=0.0678298473358154
ThighTheta=0.46489229798317
LowerLegAlpha=0.00356999784708023
LowerLegTheta=0.0333199352025986
