[%General]
Highest=158
CenterX=39.2820779277604
CenterY=63.0259139337986
XWidth=59

[LeftLeg]
ThighAlpha=-0.0999597683548927
ThighTheta=0.395079135894775
LowerLegAlpha=0.021419957280159
LowerLegTheta=0.458545625209808

[RightLeg]
ThighAlpha=0.121379725635052
ThighTheta=-0.391905754804611
LowerLegAlpha=0.021419957280159
LowerLegTheta=-0.388732433319092
