[%General]
Highest=143
CenterX=34.3751136216076
CenterY=310.799571484223
XWidth=49

[LeftLeg]
ThighAlpha=-0.117809727787971
ThighTheta=0.378759175539017
LowerLegAlpha=-0.0464098900556564
LowerLegTheta=-0.604518592357635

[RightLeg]
ThighAlpha=0.13922968506813
ThighTheta=0.229159519076347
LowerLegAlpha=0.13922968506813
LowerLegTheta=-0.454918920993805
