[%General]
Highest=160
CenterX=36.4015526139627
CenterY=90.7620117039884
XWidth=57

[LeftLeg]
ThighAlpha=-0.0785398185253143
ThighTheta=0.342039257287979
LowerLegAlpha=0.00356999784708023
LowerLegTheta=-0.0632398128509521

[RightLeg]
ThighAlpha=0.0678298473358154
ThighTheta=-0.139399647712708
LowerLegAlpha=0.0821098163723946
LowerLegTheta=-0.890117883682251
