[%General]
Highest=158
CenterX=37.3305602794503
CenterY=194.518315944294
XWidth=61

[LeftLeg]
ThighAlpha=-0.117809727787971
ThighTheta=0.471238911151886
LowerLegAlpha=0.0785398185253143
LowerLegTheta=0.392699092626572

[RightLeg]
ThighAlpha=0.157079637050629
ThighTheta=-0.392699092626572
LowerLegAlpha=0
LowerLegTheta=-0.0785398185253143
