[%General]
Highest=158
CenterX=36.448416842573
CenterY=154.819875569381
XWidth=58

[LeftLeg]
ThighAlpha=-0.0428398996591568
ThighTheta=-0.288999319076538
LowerLegAlpha=0.00356999784708023
LowerLegTheta=-0.710598349571228

[RightLeg]
ThighAlpha=0.0678298473358154
ThighTheta=0.424999058246613
LowerLegAlpha=0.021419957280159
LowerLegTheta=0.0931598246097565
