[%General]
Highest=144
CenterX=34.3638817786357
CenterY=304.974864672066
XWidth=50

[LeftLeg]
ThighAlpha=-0.157079637050629
ThighTheta=0.0785398185253143
LowerLegAlpha=0.196349546313286
LowerLegTheta=-0.706858336925507

[RightLeg]
ThighAlpha=0.196349546313286
ThighTheta=0.235619455575943
LowerLegAlpha=-0.196349546313286
LowerLegTheta=-0.314159274101257
