[%General]
Highest=161
CenterX=36.7823366722257
CenterY=176.334227617854
XWidth=61

[LeftLeg]
ThighAlpha=-0.0392699092626572
ThighTheta=0.0785398185253143
LowerLegAlpha=-0.0785398185253143
LowerLegTheta=-0.0785398185253143

[RightLeg]
ThighAlpha=0
ThighTheta=0
LowerLegAlpha=0.196349546313286
LowerLegTheta=-0.0785398185253143
