[%General]
Highest=159
CenterX=36.7935502218178
CenterY=165.13429643954
XWidth=59

[LeftLeg]
ThighAlpha=-0.0606898590922356
ThighTheta=0.106306441128254
LowerLegAlpha=-0.0499798804521561
LowerLegTheta=-1.09955739974976

[RightLeg]
ThighAlpha=0.0856798067688942
ThighTheta=0.249106109142303
LowerLegAlpha=0.0249899476766586
LowerLegTheta=-0.0364932343363762
