[%General]
Highest=158
CenterX=37.0739552074523
CenterY=161.855611813368
XWidth=59

[LeftLeg]
ThighAlpha=-0.0392699092626572
ThighTheta=-0.206039488315582
LowerLegAlpha=-0.0142799615859985
LowerLegTheta=-0.710598349571228

[RightLeg]
ThighAlpha=0.0499798879027367
ThighTheta=0.252279460430145
LowerLegAlpha=0.021419957280159
LowerLegTheta=0.146199703216553
