[%General]
Highest=157
CenterX=33.6455340969972
CenterY=226.737990152308
XWidth=55

[LeftLeg]
ThighAlpha=-0.0981747731566429
ThighTheta=0.353429168462753
LowerLegAlpha=-0.0196349546313286
LowerLegTheta=0.117809727787971

[RightLeg]
ThighAlpha=0.0196349546313286
ThighTheta=-0.196349546313286
LowerLegAlpha=0.0392699092626572
LowerLegTheta=-0.746128261089325
