[%General]
Highest=157
CenterX=38.8136822264109
CenterY=70.4453376205788
XWidth=59

[LeftLeg]
ThighAlpha=-0.0606898590922356
ThighTheta=0.46489229798317
LowerLegAlpha=-0.121379718184471
LowerLegTheta=0.249106109142303

[RightLeg]
ThighAlpha=0.13922968506813
ThighTheta=-0.531532108783722
LowerLegAlpha=0.0428399071097374
LowerLegTheta=-0.325265914201736
