[%General]
Highest=156
CenterX=31.5881262850341
CenterY=262.444243047289
XWidth=51

[LeftLeg]
ThighAlpha=-0.117809727787971
ThighTheta=-0.392699092626572
LowerLegAlpha=-0.0392699092626572
LowerLegTheta=0

[RightLeg]
ThighAlpha=-0.0785398185253143
ThighTheta=0.392699092626572
LowerLegAlpha=-0.0392699092626572
LowerLegTheta=0.628318548202515
