[%General]
Highest=158
CenterX=35.7823381082676
CenterY=133.95407478942
XWidth=56

[LeftLeg]
ThighAlpha=-0.0606898590922356
ThighTheta=-0.388732433319092
LowerLegAlpha=-0.0142799615859985
LowerLegTheta=-0.398252427577972

[RightLeg]
ThighAlpha=0.0499798879027367
ThighTheta=0.46489229798317
LowerLegAlpha=-0.0678298398852348
LowerLegTheta=0.531532108783722
