[%General]
Highest=160
CenterX=35.8857579358343
CenterY=127.221078764217
XWidth=58

[LeftLeg]
ThighAlpha=-0.0785398185253143
ThighTheta=-0.392699092626572
LowerLegAlpha=-0.0196349546313286
LowerLegTheta=-0.157079637050629

[RightLeg]
ThighAlpha=0
ThighTheta=0.431968986988068
LowerLegAlpha=-0.0196349546313286
LowerLegTheta=0.431968986988068
