[%General]
Highest=154
CenterX=31.7089821550352
CenterY=272.131137758581
XWidth=49

[LeftLeg]
ThighAlpha=-0.157079637050629
ThighTheta=-0.471238911151886
LowerLegAlpha=0.0392699092626572
LowerLegTheta=-0.157079637050629

[RightLeg]
ThighAlpha=-0.0785398185253143
ThighTheta=0.471238911151886
LowerLegAlpha=0.0392699092626572
LowerLegTheta=0.471238911151886
