[%General]
Highest=159
CenterX=32.2814628166712
CenterY=252.876709343503
XWidth=52

[LeftLeg]
ThighAlpha=-0.117809727787971
ThighTheta=-0.235619455575943
LowerLegAlpha=-0.0392699092626572
LowerLegTheta=0.0785398185253143

[RightLeg]
ThighAlpha=-0.0392699092626572
ThighTheta=0.392699092626572
LowerLegAlpha=0.0785398185253143
LowerLegTheta=-0.157079637050629
