[%General]
Highest=148
CenterX=33.2506950216388
CenterY=293.567194978648
XWidth=46

[LeftLeg]
ThighAlpha=0
ThighTheta=-0.235619455575943
LowerLegAlpha=-0.0981747731566429
LowerLegTheta=-0.785398185253143

[RightLeg]
ThighAlpha=0.0589048638939857
ThighTheta=0.549778699874878
LowerLegAlpha=-0.0589048638939857
LowerLegTheta=-0.274889349937439
