[%General]
Highest=162
CenterX=36.0261806720553
CenterY=116.764495958518
XWidth=58

[LeftLeg]
ThighAlpha=-0.082109808921814
ThighTheta=-0.2459327429533
LowerLegAlpha=-0.0678298398852348
LowerLegTheta=-0.109479740262032

[RightLeg]
ThighAlpha=0.0499798879027367
ThighTheta=0.46489229798317
LowerLegAlpha=-0.0142799615859985
LowerLegTheta=-0.255452752113342
