[%General]
Highest=161
CenterX=36.7823366722257
CenterY=176.334227617854
XWidth=61

[LeftLeg]
ThighAlpha=-0.0464098900556564
ThighTheta=0.0564399100840092
LowerLegAlpha=-0.0856797993183136
LowerLegTheta=-0.0727597996592522

[RightLeg]
ThighAlpha=0.0678298473358154
ThighTheta=-0.176119565963745
LowerLegAlpha=0.0856798067688942
LowerLegTheta=0.32571929693222
