[%General]
Highest=157
CenterX=35.8846403812825
CenterY=138.032246533796
XWidth=57

[LeftLeg]
ThighAlpha=-0.0392699092626572
ThighTheta=-0.471238911151886
LowerLegAlpha=-0.0392699092626572
LowerLegTheta=-0.353429168462753

[RightLeg]
ThighAlpha=0.0785398185253143
ThighTheta=0.510508835315704
LowerLegAlpha=-0.0392699092626572
LowerLegTheta=0.353429168462753
