[%General]
Highest=145
CenterX=34.2382803943045
CenterY=301.758844468784
XWidth=49

[LeftLeg]
ThighAlpha=-0.0999597683548927
ThighTheta=0.0364932715892792
LowerLegAlpha=0.021419957280159
LowerLegTheta=-1.09955739974976

[RightLeg]
ThighAlpha=0.0856798067688942
ThighTheta=0.322092622518539
LowerLegAlpha=-0.0214199498295784
LowerLegTheta=-0.322092592716217
