[%General]
Highest=152
CenterX=32.0940779293853
CenterY=279.949472499648
XWidth=47

[LeftLeg]
ThighAlpha=-0.0606898590922356
ThighTheta=-0.318919241428375
LowerLegAlpha=-0.0499798804521561
LowerLegTheta=-0.541052103042603

[RightLeg]
ThighAlpha=0.0107099786400795
ThighTheta=0.537878811359406
LowerLegAlpha=-0.0321299210190773
LowerLegTheta=0.172946274280548
