[%General]
Highest=161
CenterX=36.7823366722257
CenterY=176.334227617854
XWidth=61

[LeftLeg]
ThighAlpha=0.0249899476766586
ThighTheta=0.176119610667229
LowerLegAlpha=-0.157079637050629
LowerLegTheta=-0.2522794008255

[RightLeg]
ThighAlpha=0.0499798879027367
ThighTheta=-0.10313306748867
LowerLegAlpha=0.0999597758054733
LowerLegTheta=0.172946274280548
