[%General]
Highest=157
CenterX=34.3657240918096
CenterY=222.446858714717
XWidth=56

[LeftLeg]
ThighAlpha=-0.117809727787971
ThighTheta=0.391905784606934
LowerLegAlpha=-0.0142799615859985
LowerLegTheta=0.179292947053909

[RightLeg]
ThighAlpha=0.0678298473358154
ThighTheta=-0.322092592716217
LowerLegAlpha=0.0249899476766586
LowerLegTheta=-0.604518592357635
