[%General]
Highest=160
CenterX=37.1630017139208
CenterY=186.955516472684
XWidth=62

[LeftLeg]
ThighAlpha=-0.117809727787971
ThighTheta=0.392699092626572
LowerLegAlpha=0.0785398185253143
LowerLegTheta=0.235619455575943

[RightLeg]
ThighAlpha=0.157079637050629
ThighTheta=-0.235619455575943
LowerLegAlpha=-0.0392699092626572
LowerLegTheta=-0.0785398185253143
