[%General]
Highest=154
CenterX=31.7089821550352
CenterY=272.131137758581
XWidth=49

[LeftLeg]
ThighAlpha=-0.117809727787971
ThighTheta=-0.395079076290131
LowerLegAlpha=0.00356999784708023
LowerLegTheta=-0.318919241428375

[RightLeg]
ThighAlpha=-0.0392699092626572
ThighTheta=0.534705460071564
LowerLegAlpha=-0.0107099711894989
LowerLegTheta=0.395079135894775
