[%General]
Highest=158
CenterX=32.3974624802528
CenterY=234.866360584518
XWidth=52

[LeftLeg]
ThighAlpha=-0.117809727787971
ThighTheta=0.259079456329346
LowerLegAlpha=-0.0464098900556564
LowerLegTheta=-0.0265199020504951

[RightLeg]
ThighAlpha=0.0285599380731583
ThighTheta=0.235959500074387
LowerLegAlpha=0.00713998824357986
LowerLegTheta=-1.09955739974976
