[%General]
Highest=161
CenterX=36.6736083087314
CenterY=179.913896735552
XWidth=61

[LeftLeg]
ThighAlpha=-0.117809727787971
ThighTheta=0.314159274101257
LowerLegAlpha=0.117809727787971
LowerLegTheta=-0.235619455575943

[RightLeg]
ThighAlpha=0.0785398185253143
ThighTheta=-0.0785398185253143
LowerLegAlpha=0.117809727787971
LowerLegTheta=0
