[%General]
Highest=148
CenterX=33.2506950216388
CenterY=293.567194978648
XWidth=46

[LeftLeg]
ThighAlpha=0.0107099786400795
ThighTheta=-0.222359463572502
LowerLegAlpha=-0.103529758751392
LowerLegTheta=-0.81395810842514

[RightLeg]
ThighAlpha=0.0499798879027367
ThighTheta=0.544678807258606
LowerLegAlpha=-0.0285599306225777
LowerLegTheta=-0.259079366922379
