[%General]
Highest=155
CenterX=36.4762409016773
CenterY=205.613865965579
XWidth=61

[LeftLeg]
ThighAlpha=-0.0678298398852348
ThighTheta=0.514758884906769
LowerLegAlpha=-0.0999597683548927
LowerLegTheta=0.378759175539017

[RightLeg]
ThighAlpha=0.121379725635052
ThighTheta=-0.408679038286209
LowerLegAlpha=0.0606898665428162
LowerLegTheta=-0.335239201784134
