[%General]
Highest=156
CenterX=31.5881262850341
CenterY=262.444243047289
XWidth=51

[LeftLeg]
ThighAlpha=-0.0785398185253143
ThighTheta=-0.314159274101257
LowerLegAlpha=-0.0785398185253143
LowerLegTheta=-0.157079637050629

[RightLeg]
ThighAlpha=-0.0785398185253143
ThighTheta=0.392699092626572
LowerLegAlpha=-0.0196349546313286
LowerLegTheta=0.549778699874878
