[%General]
Highest=158
CenterX=31.9179056468906
CenterY=242.391803669288
XWidth=52

[LeftLeg]
ThighAlpha=-0.117809727787971
ThighTheta=-0.0333198979496956
LowerLegAlpha=-0.0856797993183136
LowerLegTheta=0.0333199352025986

[RightLeg]
ThighAlpha=0.13922968506813
ThighTheta=0.391905784606934
LowerLegAlpha=0.0642598569393158
LowerLegTheta=-0.398252427577972
