[%General]
Highest=161
CenterX=36.0754693764548
CenterY=120.527608871753
XWidth=57

[LeftLeg]
ThighAlpha=-0.0392699092626572
ThighTheta=-0.249106079339981
LowerLegAlpha=-0.0678298398852348
LowerLegTheta=-0.179292917251587

[RightLeg]
ThighAlpha=0.0142799690365791
ThighTheta=0.395079135894775
LowerLegAlpha=0.00356999784708023
LowerLegTheta=0.030146598815918
