[%General]
Highest=162
CenterX=39.9563568606154
CenterY=41.954933612989
XWidth=55

[LeftLeg]
ThighAlpha=0.0856798067688942
ThighTheta=0.235959500074387
LowerLegAlpha=-0.103529758751392
LowerLegTheta=-0.408679038286209

[RightLeg]
ThighAlpha=0.13922968506813
ThighTheta=-0.265879362821579
LowerLegAlpha=0.0642598569393158
LowerLegTheta=0.070039875805378
