[%General]
Highest=158
CenterX=31.9179056468906
CenterY=242.391803669288
XWidth=52

[LeftLeg]
ThighAlpha=-0.0981747731566429
ThighTheta=-0.0392699092626572
LowerLegAlpha=-0.0785398185253143
LowerLegTheta=0.0392699092626572

[RightLeg]
ThighAlpha=0.0981747731566429
ThighTheta=0.314159274101257
LowerLegAlpha=0.0981747731566429
LowerLegTheta=-0.274889349937439
