[%General]
Highest=155
CenterX=36.4762409016773
CenterY=205.613865965579
XWidth=61

[LeftLeg]
ThighAlpha=-0.0589048638939857
ThighTheta=0.549778699874878
LowerLegAlpha=-0.0785398185253143
LowerLegTheta=0.392699092626572

[RightLeg]
ThighAlpha=0.0981747731566429
ThighTheta=-0.392699092626572
LowerLegAlpha=0.0785398185253143
LowerLegTheta=-0.392699092626572
