[%General]
Highest=156
CenterX=35.5052534722654
CenterY=213.568655732813
XWidth=59

[LeftLeg]
ThighAlpha=-0.0606898590922356
ThighTheta=0.46489229798317
LowerLegAlpha=-0.121379718184471
LowerLegTheta=0.315745949745178

[RightLeg]
ThighAlpha=0.121379725635052
ThighTheta=-0.388732433319092
LowerLegAlpha=0.021419957280159
LowerLegTheta=-0.610865235328674
