[%General]
Highest=162
CenterX=39.9336711669362
CenterY=38.0958971080441
XWidth=55

[LeftLeg]
ThighAlpha=0.046409897506237
ThighTheta=0.172946274280548
LowerLegAlpha=-0.0499798804521561
LowerLegTheta=-0.52835875749588

[RightLeg]
ThighAlpha=0.121379725635052
ThighTheta=0.103133104741573
LowerLegAlpha=0.0428399071097374
LowerLegTheta=-0.24275940656662
