[%General]
Highest=161
CenterX=39.8156420002254
CenterY=49.1701994693112
XWidth=57

[LeftLeg]
ThighAlpha=0.0321299284696579
ThighTheta=0.31891930103302
LowerLegAlpha=0.00356999784708023
LowerLegTheta=-0.106306403875351

[RightLeg]
ThighAlpha=0.0856798067688942
ThighTheta=-0.318919241428375
LowerLegAlpha=0.046409897506237
LowerLegTheta=-0.0364932343363762
