[%General]
Highest=156
CenterX=36.8289704985471
CenterY=202.139746242063
XWidth=61

[LeftLeg]
ThighAlpha=-0.0392699092626572
ThighTheta=0.514758884906769
LowerLegAlpha=-0.103529758751392
LowerLegTheta=0.431799054145813

[RightLeg]
ThighAlpha=0.103529766201973
ThighTheta=-0.401879042387009
LowerLegAlpha=0.0999597758054733
LowerLegTheta=-0.305319279432297
