[%General]
Highest=152
CenterX=32.0940779293853
CenterY=279.949472499648
XWidth=47

[LeftLeg]
ThighAlpha=-0.0785398185253143
ThighTheta=-0.392699092626572
LowerLegAlpha=-0.0392699092626572
LowerLegTheta=-0.392699092626572

[RightLeg]
ThighAlpha=-0.0196349546313286
ThighTheta=0.549778699874878
LowerLegAlpha=0.0196349546313286
LowerLegTheta=0.235619455575943
