[%General]
Highest=160
CenterX=39.6896461528804
CenterY=52.4807696331792
XWidth=57

[LeftLeg]
ThighAlpha=-0.00713998079299927
ThighTheta=0.322092622518539
LowerLegAlpha=0.021419957280159
LowerLegTheta=0.179292947053909

[RightLeg]
ThighAlpha=0.13922968506813
ThighTheta=-0.318919241428375
LowerLegAlpha=-0.0142799615859985
LowerLegTheta=-0.179292917251587
