[%General]
Highest=155
CenterX=36.4762409016773
CenterY=205.613865965579
XWidth=61

[LeftLeg]
ThighAlpha=-0.103529758751392
ThighTheta=0.534705460071564
LowerLegAlpha=-0.0464098900556564
LowerLegTheta=0.31891930103302

[RightLeg]
ThighAlpha=0.121379725635052
ThighTheta=-0.388732433319092
LowerLegAlpha=0.0606898665428162
LowerLegTheta=-0.325265914201736
