[%General]
Highest=152
CenterX=32.0940779293853
CenterY=279.949472499648
XWidth=47

[LeftLeg]
ThighAlpha=-0.0785398185253143
ThighTheta=-0.392699092626572
LowerLegAlpha=0
LowerLegTheta=-0.471238911151886

[RightLeg]
ThighAlpha=-0.0785398185253143
ThighTheta=0.471238911151886
LowerLegAlpha=0.157079637050629
LowerLegTheta=0.314159274101257
