[%General]
Highest=158
CenterX=36.0486035153077
CenterY=150.688972156943
XWidth=58

[LeftLeg]
ThighAlpha=-0.0428398996591568
ThighTheta=-0.342039197683334
LowerLegAlpha=-0.0107099711894989
LowerLegTheta=-0.66435843706131

[RightLeg]
ThighAlpha=0.0678298473358154
ThighTheta=0.46171897649765
LowerLegAlpha=0.00713998824357986
LowerLegTheta=0.169319659471512
