[%General]
Highest=158
CenterX=36.448416842573
CenterY=154.819875569381
XWidth=58

[LeftLeg]
ThighAlpha=-0.0589048638939857
ThighTheta=-0.274889349937439
LowerLegAlpha=0.0392699092626572
LowerLegTheta=-0.746128261089325

[RightLeg]
ThighAlpha=0.0392699092626572
ThighTheta=0.431968986988068
LowerLegAlpha=0.0785398185253143
LowerLegTheta=0.0785398185253143
