[%General]
Highest=162
CenterX=35.9488528709119
CenterY=109.315707636543
XWidth=55

[LeftLeg]
ThighAlpha=-0.0999597683548927
ThighTheta=-0.0564398318529129
LowerLegAlpha=-0.117809727787971
LowerLegTheta=-0.123079679906368

[RightLeg]
ThighAlpha=0.0856798067688942
ThighTheta=0.342039257287979
LowerLegAlpha=0.00356999784708023
LowerLegTheta=-0.507958829402924
