[%General]
Highest=140
CenterX=34.4364891135303
CenterY=312.9375
XWidth=48

[LeftLeg]
ThighAlpha=-0.157079637050629
ThighTheta=0.531532108783722
LowerLegAlpha=-0.0856797993183136
LowerLegTheta=-0.744144916534424

[RightLeg]
ThighAlpha=0.13922968506813
ThighTheta=0.179292947053909
LowerLegAlpha=0.13922968506813
LowerLegTheta=-0.464892268180847
