[%General]
Highest=159
CenterX=31.7795623637714
CenterY=238.618852209491
XWidth=53

[LeftLeg]
ThighAlpha=-0.117809727787971
ThighTheta=-0.0333198979496956
LowerLegAlpha=-0.0856797993183136
LowerLegTheta=0.172946274280548

[RightLeg]
ThighAlpha=0.103529766201973
ThighTheta=0.176119610667229
LowerLegAlpha=-0.13922968506813
LowerLegTheta=-0.890117883682251
