[%General]
Highest=159
CenterX=37.5802254109874
CenterY=82.7164271347185
XWidth=58

[LeftLeg]
ThighAlpha=-0.117809727787971
ThighTheta=0.392699092626572
LowerLegAlpha=0.0392699092626572
LowerLegTheta=0.157079637050629

[RightLeg]
ThighAlpha=0.157079637050629
ThighTheta=-0.314159274101257
LowerLegAlpha=0
LowerLegTheta=-0.706858336925507
