[%General]
Highest=161
CenterX=35.7227859187423
CenterY=98.1468043747597
XWidth=56

[LeftLeg]
ThighAlpha=-0.0785398185253143
ThighTheta=0.157079637050629
LowerLegAlpha=-0.0785398185253143
LowerLegTheta=-0.0785398185253143

[RightLeg]
ThighAlpha=0.196349546313286
ThighTheta=0.0785398185253143
LowerLegAlpha=0.196349546313286
LowerLegTheta=0.0785398185253143
