[%General]
Highest=159
CenterX=36.7766740450774
CenterY=86.8671122790566
XWidth=58

[LeftLeg]
ThighAlpha=-0.0981747731566429
ThighTheta=0.353429168462753
LowerLegAlpha=0
LowerLegTheta=0.0785398185253143

[RightLeg]
ThighAlpha=0.0981747731566429
ThighTheta=-0.274889349937439
LowerLegAlpha=0.0392699092626572
LowerLegTheta=-0.746128261089325
