[%General]
Highest=144
CenterX=34.3638817786357
CenterY=304.974864672066
XWidth=50

[LeftLeg]
ThighAlpha=-0.0642598494887352
ThighTheta=0.0333199352025986
LowerLegAlpha=0.021419957280159
LowerLegTheta=-0.67115843296051

[RightLeg]
ThighAlpha=0.13922968506813
ThighTheta=0.249106109142303
LowerLegAlpha=-0.0392699092626572
LowerLegTheta=-0.322092592716217
