[%General]
Highest=158
CenterX=35.7823381082676
CenterY=133.95407478942
XWidth=56

[LeftLeg]
ThighAlpha=-0.0392699092626572
ThighTheta=-0.392699092626572
LowerLegAlpha=-0.0392699092626572
LowerLegTheta=-0.471238911151886

[RightLeg]
ThighAlpha=0
ThighTheta=0.471238911151886
LowerLegAlpha=0
LowerLegTheta=0.471238911151886
