[%General]
Highest=159
CenterX=37.3879233866382
CenterY=190.784695525579
XWidth=62

[LeftLeg]
ThighAlpha=-0.0785398185253143
ThighTheta=0.431799054145813
LowerLegAlpha=0.021419957280159
LowerLegTheta=0.288999378681183

[RightLeg]
ThighAlpha=0.121379725635052
ThighTheta=-0.288999319076538
LowerLegAlpha=0.0606898665428162
LowerLegTheta=-0.139399647712708
