[%General]
Highest=143
CenterX=34.3751136216076
CenterY=310.799571484223
XWidth=49

[LeftLeg]
ThighAlpha=-0.0981747731566429
ThighTheta=0.314159274101257
LowerLegAlpha=-0.0981747731566429
LowerLegTheta=-0.589048624038696

[RightLeg]
ThighAlpha=0.0981747731566429
ThighTheta=0.117809727787971
LowerLegAlpha=0.0981747731566429
LowerLegTheta=-0.314159274101257
