[%General]
Highest=143
CenterX=34.3751136216076
CenterY=310.799571484223
XWidth=49

[LeftLeg]
ThighAlpha=-0.196349546313286
ThighTheta=0.471238911151886
LowerLegAlpha=0.157079637050629
LowerLegTheta=-0.628318548202515

[RightLeg]
ThighAlpha=0.196349546313286
ThighTheta=0.235619455575943
LowerLegAlpha=0.157079637050629
LowerLegTheta=-0.471238911151886
