[%General]
Highest=158
CenterX=35.7242268041237
CenterY=130.326271548958
XWidth=58

[LeftLeg]
ThighAlpha=-0.0785398185253143
ThighTheta=-0.401879042387009
LowerLegAlpha=-0.0285599306225777
LowerLegTheta=-0.275399327278137

[RightLeg]
ThighAlpha=0.0321299284696579
ThighTheta=0.424999058246613
LowerLegAlpha=-0.0464098900556564
LowerLegTheta=0.581398725509644
