[%General]
Highest=161
CenterX=40.0057999129023
CenterY=45.6844689021735
XWidth=56

[LeftLeg]
ThighAlpha=0.0142799690365791
ThighTheta=0.325265944004059
LowerLegAlpha=0.00356999784708023
LowerLegTheta=-0.325265914201736

[RightLeg]
ThighAlpha=0.103529766201973
ThighTheta=-0.176119565963745
LowerLegAlpha=0.0821098163723946
LowerLegTheta=-0.176119565963745
