[%General]
Highest=160
CenterX=39.6580163260951
CenterY=55.9587686069466
XWidth=58

[LeftLeg]
ThighAlpha=-0.117809727787971
ThighTheta=0.471238911151886
LowerLegAlpha=0.117809727787971
LowerLegTheta=0.157079637050629

[RightLeg]
ThighAlpha=0.157079637050629
ThighTheta=-0.314159274101257
LowerLegAlpha=-0.0392699092626572
LowerLegTheta=-0.314159274101257
