[%General]
Highest=162
CenterX=39.9336711669362
CenterY=38.0958971080441
XWidth=55

[LeftLeg]
ThighAlpha=0
ThighTheta=0.157079637050629
LowerLegAlpha=0.0392699092626572
LowerLegTheta=-0.549778699874878

[RightLeg]
ThighAlpha=0.117809727787971
ThighTheta=0.0785398185253143
LowerLegAlpha=0.0785398185253143
LowerLegTheta=-0.235619455575943
