[%General]
Highest=157
CenterX=33.6455340969972
CenterY=226.737990152308
XWidth=55

[LeftLeg]
ThighAlpha=-0.117809727787971
ThighTheta=0.365159213542938
LowerLegAlpha=0.00356999784708023
LowerLegTheta=0.070039875805378

[RightLeg]
ThighAlpha=0.0499798879027367
ThighTheta=-0.2522794008255
LowerLegAlpha=0.00713998824357986
LowerLegTheta=-0.687478423118591
