[%General]
Highest=163
CenterX=35.8958164176681
CenterY=112.862932364404
XWidth=56

[LeftLeg]
ThighAlpha=-0.0642598494887352
ThighTheta=-0.116279698908329
LowerLegAlpha=-0.13922968506813
LowerLegTheta=-0.169319570064545

[RightLeg]
ThighAlpha=0.0499798879027367
ThighTheta=0.408679097890854
LowerLegAlpha=0.021419957280159
LowerLegTheta=-0.38555908203125
