[%General]
Highest=159
CenterX=32.4009665069208
CenterY=249.541966747878
XWidth=52

[LeftLeg]
ThighAlpha=-0.117809727787971
ThighTheta=-0.109479740262032
LowerLegAlpha=-0.0856797993183136
LowerLegTheta=-0.0333198979496956

[RightLeg]
ThighAlpha=-0.00356999039649963
ThighTheta=0.395079135894775
LowerLegAlpha=0.0499798879027367
LowerLegTheta=-0.255452752113342
