[%General]
Highest=156
CenterX=31.5881262850341
CenterY=262.444243047289
XWidth=51

[LeftLeg]
ThighAlpha=-0.0785398185253143
ThighTheta=-0.325265914201736
LowerLegAlpha=-0.0856797993183136
LowerLegTheta=-0.10313306748867

[RightLeg]
ThighAlpha=-0.0606898590922356
ThighTheta=0.46489229798317
LowerLegAlpha=-0.0464098900556564
LowerLegTheta=0.458545625209808
