[%General]
Highest=162
CenterX=36.0261806720553
CenterY=116.764495958518
XWidth=58

[LeftLeg]
ThighAlpha=-0.0785398185253143
ThighTheta=-0.196349546313286
LowerLegAlpha=-0.0589048638939857
LowerLegTheta=-0.157079637050629

[RightLeg]
ThighAlpha=0.0589048638939857
ThighTheta=0.431968986988068
LowerLegAlpha=0
LowerLegTheta=-0.157079637050629
