[%General]
Highest=163
CenterX=35.8707320056261
CenterY=105.51525776138
XWidth=55

[LeftLeg]
ThighAlpha=-0.0785398185253143
ThighTheta=0
LowerLegAlpha=-0.117809727787971
LowerLegTheta=-0.0785398185253143

[RightLeg]
ThighAlpha=0.117809727787971
ThighTheta=0.235619455575943
LowerLegAlpha=0.196349546313286
LowerLegTheta=-0.392699092626572
