[%General]
Highest=154
CenterX=31.7089821550352
CenterY=272.131137758581
XWidth=49

[LeftLeg]
ThighAlpha=-0.117809727787971
ThighTheta=-0.424998998641968
LowerLegAlpha=0.00356999784708023
LowerLegTheta=-0.259079366922379

[RightLeg]
ThighAlpha=-0.0392699092626572
ThighTheta=0.514758884906769
LowerLegAlpha=0.00713998824357986
LowerLegTheta=0.454919010400772
