[%General]
Highest=161
CenterX=40.1923058816883
CenterY=34.1614427884117
XWidth=55

[LeftLeg]
ThighAlpha=0.0785398185253143
ThighTheta=0
LowerLegAlpha=-0.0392699092626572
LowerLegTheta=-0.549778699874878

[RightLeg]
ThighAlpha=0.196349546313286
ThighTheta=-0.0785398185253143
LowerLegAlpha=-0.0392699092626572
LowerLegTheta=0.0785398185253143
