[%General]
Highest=159
CenterX=36.7766740450774
CenterY=86.8671122790566
XWidth=58

[LeftLeg]
ThighAlpha=-0.0606898590922356
ThighTheta=0.322092622518539
LowerLegAlpha=-0.0321299210190773
LowerLegTheta=0.106306441128254

[RightLeg]
ThighAlpha=0.121379725635052
ThighTheta=-0.2522794008255
LowerLegAlpha=-0.0107099711894989
LowerLegTheta=-0.81395810842514
