[%General]
Highest=156
CenterX=35.5052534722654
CenterY=213.568655732813
XWidth=59

[LeftLeg]
ThighAlpha=-0.0606898590922356
ThighTheta=0.484838932752609
LowerLegAlpha=-0.121379718184471
LowerLegTheta=0.235959500074387

[RightLeg]
ThighAlpha=0.121379725635052
ThighTheta=-0.348839163780212
LowerLegAlpha=0.021419957280159
LowerLegTheta=-0.590918600559235
