[%General]
Highest=161
CenterX=36.7823366722257
CenterY=176.334227617854
XWidth=61

[LeftLeg]
ThighAlpha=-0.0392699092626572
ThighTheta=0.0785398185253143
LowerLegAlpha=-0.0589048638939857
LowerLegTheta=-0.117809727787971

[RightLeg]
ThighAlpha=0.0981747731566429
ThighTheta=-0.117809727787971
LowerLegAlpha=0
LowerLegTheta=0.274889349937439
