[%General]
Highest=161
CenterX=36.6736083087314
CenterY=179.913896735552
XWidth=61

[LeftLeg]
ThighAlpha=-0.082109808921814
ThighTheta=0.31891930103302
LowerLegAlpha=0.00356999784708023
LowerLegTheta=-0.2459327429533

[RightLeg]
ThighAlpha=0.103529766201973
ThighTheta=-0.176119565963745
LowerLegAlpha=0.021419957280159
LowerLegTheta=0.179292947053909
