[%General]
Highest=158
CenterX=37.3305602794503
CenterY=194.518315944294
XWidth=61

[LeftLeg]
ThighAlpha=-0.0392699092626572
ThighTheta=0.46489229798317
LowerLegAlpha=-0.0321299210190773
LowerLegTheta=0.31891930103302

[RightLeg]
ThighAlpha=0.13922968506813
ThighTheta=-0.388732433319092
LowerLegAlpha=0.0428399071097374
LowerLegTheta=-0.109479740262032
