[%General]
Highest=159
CenterX=40.7177128091691
CenterY=27.7889085730505
XWidth=53

[LeftLeg]
ThighAlpha=0.0785398185253143
ThighTheta=-0.235619455575943
LowerLegAlpha=0
LowerLegTheta=-0.471238911151886

[RightLeg]
ThighAlpha=0.196349546313286
ThighTheta=-0.0785398185253143
LowerLegAlpha=-0.0785398185253143
LowerLegTheta=0.392699092626572
