[%General]
Highest=161
CenterX=36.7161887583801
CenterY=168.640161681136
XWidth=59

[LeftLeg]
ThighAlpha=-0.117809727787971
ThighTheta=0.0785398185253143
LowerLegAlpha=0.0392699092626572
LowerLegTheta=-0.785398185253143

[RightLeg]
ThighAlpha=0.0785398185253143
ThighTheta=0.157079637050629
LowerLegAlpha=0.0785398185253143
LowerLegTheta=0
