[%General]
Highest=159
CenterX=32.2814628166712
CenterY=252.876709343503
XWidth=52

[LeftLeg]
ThighAlpha=-0.0785398185253143
ThighTheta=-0.199239507317543
LowerLegAlpha=-0.121379718184471
LowerLegTheta=-0.00339995324611664

[RightLeg]
ThighAlpha=-0.00713998079299927
ThighTheta=0.454919010400772
LowerLegAlpha=0.00713998824357986
LowerLegTheta=-0.229159444570541
