[%General]
Highest=161
CenterX=35.9269487702485
CenterY=94.1881589881396
XWidth=57

[LeftLeg]
ThighAlpha=-0.0392699092626572
ThighTheta=0.157079637050629
LowerLegAlpha=-0.0785398185253143
LowerLegTheta=0.0785398185253143

[RightLeg]
ThighAlpha=0.196349546313286
ThighTheta=0.0785398185253143
LowerLegAlpha=0.196349546313286
LowerLegTheta=0.235619455575943
