[%General]
Highest=162
CenterX=39.9563568606154
CenterY=41.954933612989
XWidth=55

[LeftLeg]
ThighAlpha=0.0856798067688942
ThighTheta=0.245932787656784
LowerLegAlpha=-0.121379718184471
LowerLegTheta=-0.388732433319092

[RightLeg]
ThighAlpha=0.0856798067688942
ThighTheta=-0.0364932343363762
LowerLegAlpha=0.13922968506813
LowerLegTheta=-0.2459327429533
