[%General]
Highest=144
CenterX=34.4460203522731
CenterY=307.924414079391
XWidth=49

[LeftLeg]
ThighAlpha=-0.196349546313286
ThighTheta=0.471238911151886
LowerLegAlpha=-0.157079637050629
LowerLegTheta=-0.628318548202515

[RightLeg]
ThighAlpha=0.196349546313286
ThighTheta=0.157079637050629
LowerLegAlpha=0.196349546313286
LowerLegTheta=-0.392699092626572
