[%General]
Highest=160
CenterX=39.6580163260951
CenterY=55.9587686069466
XWidth=58

[LeftLeg]
ThighAlpha=-0.0392699092626572
ThighTheta=0.388732463121414
LowerLegAlpha=0.021419957280159
LowerLegTheta=0.18246628344059

[RightLeg]
ThighAlpha=0.13922968506813
ThighTheta=-0.391905754804611
LowerLegAlpha=0.00713998824357986
LowerLegTheta=-0.179292917251587
