[%General]
Highest=161
CenterX=40.1923058816883
CenterY=34.1614427884117
XWidth=55

[LeftLeg]
ThighAlpha=0.0642598569393158
ThighTheta=0.0265199784189463
LowerLegAlpha=-0.0142799615859985
LowerLegTheta=-0.560998678207397

[RightLeg]
ThighAlpha=0.0499798879027367
ThighTheta=0.0333199612796307
LowerLegAlpha=0.0999597758054733
LowerLegTheta=-0.0564398318529129
