[%General]
Highest=159
CenterX=40.7177128091691
CenterY=27.7889085730505
XWidth=53

[LeftLeg]
ThighAlpha=0.0499798879027367
ThighTheta=-0.2522794008255
LowerLegAlpha=0.00356999784708023
LowerLegTheta=-0.491638839244843

[RightLeg]
ThighAlpha=0.0999597758054733
ThighTheta=-0.0401198677718639
LowerLegAlpha=0.0642598569393158
LowerLegTheta=0.295799374580383
