[%General]
Highest=160
CenterX=40.4369583239129
CenterY=30.6932229256161
XWidth=54

[LeftLeg]
ThighAlpha=0.0678298473358154
ThighTheta=-0.24275940656662
LowerLegAlpha=-0.0499798804521561
LowerLegTheta=-0.541052103042603

[RightLeg]
ThighAlpha=0.13922968506813
ThighTheta=-0.10313306748867
LowerLegAlpha=0.0642598569393158
LowerLegTheta=0.172946274280548
