[%General]
Highest=161
CenterX=40.0057999129023
CenterY=45.6844689021735
XWidth=56

[LeftLeg]
ThighAlpha=0.0142799690365791
ThighTheta=0.305319339036942
LowerLegAlpha=0.00356999784708023
LowerLegTheta=-0.275399327278137

[RightLeg]
ThighAlpha=0.103529766201973
ThighTheta=-0.176119565963745
LowerLegAlpha=0.0642598569393158
LowerLegTheta=-0.146199628710747
