[%General]
Highest=155
CenterX=36.4762409016773
CenterY=205.613865965579
XWidth=61

[LeftLeg]
ThighAlpha=-0.0392699092626572
ThighTheta=0.549778699874878
LowerLegAlpha=-0.117809727787971
LowerLegTheta=0.314159274101257

[RightLeg]
ThighAlpha=0.117809727787971
ThighTheta=-0.392699092626572
LowerLegAlpha=0.0785398185253143
LowerLegTheta=-0.392699092626572
