[%General]
Highest=146
CenterX=33.6557551961077
CenterY=297.788343078258
XWidth=48

[LeftLeg]
ThighAlpha=-0.0214199498295784
ThighTheta=-0.109479710459709
LowerLegAlpha=-0.0856797993183136
LowerLegTheta=-0.94995778799057

[RightLeg]
ThighAlpha=0.0678298473358154
ThighTheta=0.514758884906769
LowerLegAlpha=-0.0392699092626572
LowerLegTheta=-0.371959120035172
