[%General]
Highest=159
CenterX=40.7177128091691
CenterY=27.7889085730505
XWidth=53

[LeftLeg]
ThighAlpha=0.0499798879027367
ThighTheta=-0.2522794008255
LowerLegAlpha=0.00356999784708023
LowerLegTheta=-0.461718916893005

[RightLeg]
ThighAlpha=0.046409897506237
ThighTheta=0.179292947053909
LowerLegAlpha=0.0999597758054733
LowerLegTheta=-0.0333198979496956
