[%General]
Highest=160
CenterX=36.4015526139627
CenterY=90.7620117039884
XWidth=57

[LeftLeg]
ThighAlpha=-0.0606898590922356
ThighTheta=0.322092622518539
LowerLegAlpha=-0.0499798804521561
LowerLegTheta=-0.0333198979496956

[RightLeg]
ThighAlpha=0.0856798067688942
ThighTheta=-0.109479740262032
LowerLegAlpha=0.0285599380731583
LowerLegTheta=-0.959931075572968
