[%General]
Highest=157
CenterX=38.8136822264109
CenterY=70.4453376205788
XWidth=59

[LeftLeg]
ThighAlpha=-0.117809727787971
ThighTheta=0.471238911151886
LowerLegAlpha=-0.0392699092626572
LowerLegTheta=0.235619455575943

[RightLeg]
ThighAlpha=0.196349546313286
ThighTheta=-0.471238911151886
LowerLegAlpha=0
LowerLegTheta=-0.471238911151886
