[%General]
Highest=162
CenterX=35.8361202992214
CenterY=101.645402269605
XWidth=56

[LeftLeg]
ThighAlpha=-0.0785398185253143
ThighTheta=-0.0333198979496956
LowerLegAlpha=-0.0856797993183136
LowerLegTheta=0.0333199352025986

[RightLeg]
ThighAlpha=0.0499798879027367
ThighTheta=0.249106109142303
LowerLegAlpha=0.13922968506813
LowerLegTheta=-0.886944591999054
