[%General]
Highest=157
CenterX=30.9467836497069
CenterY=249.771637079251
XWidth=57

[LeftLeg]
ThighAlpha=-0.0981747731566429
ThighTheta=0.314159274101257
LowerLegAlpha=0.0785398185253143
LowerLegTheta=0.196349546313286

[RightLeg]
ThighAlpha=0.0785398185253143
ThighTheta=-0.196349546313286
LowerLegAlpha=0.0785398185253143
LowerLegTheta=-0.0392699092626572
