[%General]
Highest=156
CenterX=30.7607090103397
CenterY=257.472539277561
XWidth=56

[LeftLeg]
ThighAlpha=-0.0981747731566429
ThighTheta=0.392699092626572
LowerLegAlpha=0
LowerLegTheta=0.431968986988068

[RightLeg]
ThighAlpha=0.0785398185253143
ThighTheta=-0.314159274101257
LowerLegAlpha=0.0785398185253143
LowerLegTheta=-0.117809727787971
