[%General]
Highest=153
CenterX=29.0676002074535
CenterY=284.475987256427
XWidth=49

[LeftLeg]
ThighAlpha=-0.0981747731566429
ThighTheta=0.431968986988068
LowerLegAlpha=-0.0392699092626572
LowerLegTheta=0.196349546313286

[RightLeg]
ThighAlpha=0.0196349546313286
ThighTheta=-0.235619455575943
LowerLegAlpha=0
LowerLegTheta=-0.667588412761688
