[%General]
Highest=160
CenterX=32.7707877112788
CenterY=173.646178377804
XWidth=59

[LeftLeg]
ThighAlpha=-0.0981747731566429
ThighTheta=-0.0392699092626572
LowerLegAlpha=-0.0981747731566429
LowerLegTheta=-0.0785398185253143

[RightLeg]
ThighAlpha=0.0785398185253143
ThighTheta=0.353429168462753
LowerLegAlpha=-0.0392699092626572
LowerLegTheta=-0.314159274101257
