[%General]
Highest=159
CenterX=32.7745182123482
CenterY=57.874761043658
XWidth=55

[LeftLeg]
ThighAlpha=-0.0196349546313286
ThighTheta=-0.431968986988068
LowerLegAlpha=-0.0785398185253143
LowerLegTheta=-0.196349546313286

[RightLeg]
ThighAlpha=0.0392699092626572
ThighTheta=0.353429168462753
LowerLegAlpha=-0.0392699092626572
LowerLegTheta=0.431968986988068
