[%General]
Highest=159
CenterX=33.7361293526847
CenterY=84.1352022515314
XWidth=57

[LeftLeg]
ThighAlpha=-0.0196349546313286
ThighTheta=-0.274889349937439
LowerLegAlpha=0.0589048638939857
LowerLegTheta=-0.706858336925507

[RightLeg]
ThighAlpha=0.0785398185253143
ThighTheta=0.353429168462753
LowerLegAlpha=0
LowerLegTheta=0.0392699092626572
