[%General]
Highest=161
CenterX=32.6024017551287
CenterY=31.2273103421731
XWidth=51

[LeftLeg]
ThighAlpha=0
ThighTheta=0.117809727787971
LowerLegAlpha=-0.0981747731566429
LowerLegTheta=-0.0785398185253143

[RightLeg]
ThighAlpha=0.0196349546313286
ThighTheta=0.0392699092626572
LowerLegAlpha=0.0981747731566429
LowerLegTheta=-0.706858336925507
