[%General]
Highest=160
CenterX=33.5072067179144
CenterY=120.825252757353
XWidth=60

[LeftLeg]
ThighAlpha=-0.0589048638939857
ThighTheta=0.392699092626572
LowerLegAlpha=-0.0981747731566429
LowerLegTheta=0.392699092626572

[RightLeg]
ThighAlpha=0.0981747731566429
ThighTheta=-0.274889349937439
LowerLegAlpha=0
LowerLegTheta=-0.235619455575943
