[%General]
Highest=162
CenterX=33.8017919767342
CenterY=114.192060131725
XWidth=59

[LeftLeg]
ThighAlpha=-0.0981747731566429
ThighTheta=0.392699092626572
LowerLegAlpha=0.0785398185253143
LowerLegTheta=0

[RightLeg]
ThighAlpha=0.0392699092626572
ThighTheta=-0.196349546313286
LowerLegAlpha=0.0981747731566429
LowerLegTheta=-0.157079637050629
