[%General]
Highest=147
CenterX=38.6874277321166
CenterY=37.6959123722616
XWidth=47

[LeftLeg]
ThighAlpha=-0.0214199498295784
ThighTheta=0.514758884906769
LowerLegAlpha=0.021419957280159
LowerLegTheta=0.0632398948073387

[RightLeg]
ThighAlpha=0.13922968506813
ThighTheta=-0.431798994541168
LowerLegAlpha=0.0499798879027367
LowerLegTheta=-0.169319570064545
