[%General]
Highest=146
CenterX=36.5495780926604
CenterY=181.216303136443
XWidth=51

[LeftLeg]
ThighAlpha=-0.0785398185253143
ThighTheta=0.59771865606308
LowerLegAlpha=-0.0321299210190773
LowerLegTheta=0.295799374580383

[RightLeg]
ThighAlpha=0.0856798067688942
ThighTheta=-0.448118954896927
LowerLegAlpha=0.0249899476766586
LowerLegTheta=-0.0401198677718639
