[%General]
Highest=144
CenterX=30.4374175078542
CenterY=253.627590950495
XWidth=49

[LeftLeg]
ThighAlpha=-0.117809727787971
ThighTheta=-0.484838873147964
LowerLegAlpha=-0.13922968506813
LowerLegTheta=-0.0265199020504951

[RightLeg]
ThighAlpha=-0.0392699092626572
ThighTheta=0.544678807258606
LowerLegAlpha=0.00713998824357986
LowerLegTheta=0.521558880805969
