[%General]
Highest=146
CenterX=39.0573132465371
CenterY=129.220030164867
XWidth=47

[LeftLeg]
ThighAlpha=-0.0642598494887352
ThighTheta=-0.491638839244843
LowerLegAlpha=-0.024989940226078
LowerLegTheta=-0.478038877248764

[RightLeg]
ThighAlpha=0.0856798067688942
ThighTheta=0.60451865196228
LowerLegAlpha=-0.00713998079299927
LowerLegTheta=0.19243960082531
