[%General]
Highest=149
CenterX=37.2406078166672
CenterY=164.342333146752
XWidth=52

[LeftLeg]
ThighAlpha=-0.0785398185253143
ThighTheta=0.312119334936142
LowerLegAlpha=-0.0678298398852348
LowerLegTheta=-0.448118954896927

[RightLeg]
ThighAlpha=0.121379725635052
ThighTheta=-0.176119565963745
LowerLegAlpha=0.0249899476766586
LowerLegTheta=0.123079754412174
