[%General]
Highest=142
CenterX=30.0874325642506
CenterY=266.369856468855
XWidth=46

[LeftLeg]
ThighAlpha=-0.117809727787971
ThighTheta=-0.544678747653961
LowerLegAlpha=-0.121379718184471
LowerLegTheta=-0.275399327278137

[RightLeg]
ThighAlpha=0.0142799690365791
ThighTheta=0.574598729610443
LowerLegAlpha=0.0606898665428162
LowerLegTheta=0.514758884906769
