[%General]
Highest=150
CenterX=38.3247681607419
CenterY=29.5245214599929
XWidth=46

[LeftLeg]
ThighAlpha=0.046409897506237
ThighTheta=0.342039257287979
LowerLegAlpha=0.021419957280159
LowerLegTheta=-0.37875908613205

[RightLeg]
ThighAlpha=0.103529766201973
ThighTheta=-0.259079366922379
LowerLegAlpha=0.0999597758054733
LowerLegTheta=-0.109479710459709
