[%General]
Highest=149
CenterX=38.1809456967046
CenterY=155.95346597679
XWidth=50

[LeftLeg]
ThighAlpha=-0.0785398185253143
ThighTheta=0.295799374580383
LowerLegAlpha=-0.0142799615859985
LowerLegTheta=-1.09955739974976

[RightLeg]
ThighAlpha=0.13922968506813
ThighTheta=0.0863598436117172
LowerLegAlpha=-0.00713998079299927
LowerLegTheta=0.0265199784189463
