[%General]
Highest=149
CenterX=38.5931973223843
CenterY=107.9668493282
XWidth=50

[LeftLeg]
ThighAlpha=-0.0642598494887352
ThighTheta=-0.37875908613205
LowerLegAlpha=-0.0499798804521561
LowerLegTheta=-0.132599666714668

[RightLeg]
ThighAlpha=0.0499798879027367
ThighTheta=0.574598729610443
LowerLegAlpha=-0.0678298398852348
LowerLegTheta=0.116279773414135
