[%General]
Highest=145
CenterX=39.341065460979
CenterY=139.472684382651
XWidth=47

[LeftLeg]
ThighAlpha=-0.024989940226078
ThighTheta=-0.371959120035172
LowerLegAlpha=-0.0107099711894989
LowerLegTheta=-0.747318267822266

[RightLeg]
ThighAlpha=0.0856798067688942
ThighTheta=0.507958889007568
LowerLegAlpha=-0.00356999039649963
LowerLegTheta=0.070039875805378
