[%General]
Highest=147
CenterX=39.5248287818191
CenterY=148.063492335948
XWidth=47

[LeftLeg]
ThighAlpha=-0.024989940226078
ThighTheta=-0.0795597806572914
LowerLegAlpha=0.00356999784708023
LowerLegTheta=-1.0097975730896

[RightLeg]
ThighAlpha=0.13922968506813
ThighTheta=0.288999378681183
LowerLegAlpha=-0.00713998079299927
LowerLegTheta=0.0496399253606796
