[%General]
Highest=143
CenterX=29.3726807855915
CenterY=294.977350891483
XWidth=40

[LeftLeg]
ThighAlpha=-0.082109808921814
ThighTheta=0.146199703216553
LowerLegAlpha=0.0999597758054733
LowerLegTheta=-1.09955739974976

[RightLeg]
ThighAlpha=0.13922968506813
ThighTheta=0.401879131793976
LowerLegAlpha=-0.0785398185253143
LowerLegTheta=-0.229159444570541
