[%General]
Highest=146
CenterX=38.9302472522904
CenterY=124.25343775461
XWidth=46

[LeftLeg]
ThighAlpha=-0.0392699092626572
ThighTheta=-0.484838873147964
LowerLegAlpha=-0.0499798804521561
LowerLegTheta=-0.371959120035172

[RightLeg]
ThighAlpha=0.0499798879027367
ThighTheta=0.634438574314117
LowerLegAlpha=0.0249899476766586
LowerLegTheta=0.282199382781982
