[%General]
Highest=147
CenterX=31.7642319610447
CenterY=232.404409030544
XWidth=50

[LeftLeg]
ThighAlpha=-0.157079637050629
ThighTheta=-0.0931597501039505
LowerLegAlpha=-0.13922968506813
LowerLegTheta=0.18291962146759

[RightLeg]
ThighAlpha=0.103529766201973
ThighTheta=0.252279460430145
LowerLegAlpha=0.00356999784708023
LowerLegTheta=-0.38827908039093
