[%General]
Highest=150
CenterX=37.6418800366443
CenterY=86.7186311196683
XWidth=51

[LeftLeg]
ThighAlpha=-0.117809727787971
ThighTheta=0.00340002961456776
LowerLegAlpha=-0.0499798804521561
LowerLegTheta=0.0564399100840092

[RightLeg]
ThighAlpha=0.13922968506813
ThighTheta=0.146199703216553
LowerLegAlpha=-0.157079637050629
LowerLegTheta=-0.866998016834259
