[%General]
Highest=145
CenterX=36.3186488778706
CenterY=186.156445720251
XWidth=51

[LeftLeg]
ThighAlpha=-0.117809727787971
ThighTheta=0.567798733711243
LowerLegAlpha=-0.0428398996591568
LowerLegTheta=0.438599050045013

[RightLeg]
ThighAlpha=0.103529766201973
ThighTheta=-0.514758765697479
LowerLegAlpha=0.021419957280159
LowerLegTheta=-0.116279698908329
