[%General]
Highest=146
CenterX=38.2157733537519
CenterY=68.6056661562021
XWidth=56

[LeftLeg]
ThighAlpha=-0.117809727787971
ThighTheta=0.544678807258606
LowerLegAlpha=-0.0678298398852348
LowerLegTheta=-0.0496398508548737

[RightLeg]
ThighAlpha=0.13922968506813
ThighTheta=-0.371959120035172
LowerLegAlpha=0.0606898665428162
LowerLegTheta=-0.747318267822266
