[%General]
Highest=144
CenterX=35.9383958266507
CenterY=190.930326000709
XWidth=51

[LeftLeg]
ThighAlpha=-0.0392699092626572
ThighTheta=0.59771865606308
LowerLegAlpha=-0.13922968506813
LowerLegTheta=0.49163892865181

[RightLeg]
ThighAlpha=0.0999597758054733
ThighTheta=-0.574598670005798
LowerLegAlpha=0.0428399071097374
LowerLegTheta=-0.199239507317543
