[%General]
Highest=145
CenterX=38.5803911485368
CenterY=58.8656692432545
XWidth=55

[LeftLeg]
ThighAlpha=-0.0785398185253143
ThighTheta=0.627638638019562
LowerLegAlpha=-0.13922968506813
LowerLegTheta=0.0863598436117172

[RightLeg]
ThighAlpha=0.13922968506813
ThighTheta=-0.544678747653961
LowerLegAlpha=0.0999597758054733
LowerLegTheta=-0.448118954896927
