[%General]
Highest=150
CenterX=37.731722229865
CenterY=90.8782348175662
XWidth=50

[LeftLeg]
ThighAlpha=-0.0999597683548927
ThighTheta=0.00340002961456776
LowerLegAlpha=-0.13922968506813
LowerLegTheta=-0.139399647712708

[RightLeg]
ThighAlpha=0.13922968506813
ThighTheta=0.169319659471512
LowerLegAlpha=0.0999597758054733
LowerLegTheta=-0.358359158039093
