[%General]
Highest=141
CenterX=29.8778536875159
CenterY=271.405647967411
XWidth=43

[LeftLeg]
ThighAlpha=-0.117809727787971
ThighTheta=-0.448118954896927
LowerLegAlpha=-0.0856797993183136
LowerLegTheta=-0.491638839244843

[RightLeg]
ThighAlpha=0.0321299284696579
ThighTheta=0.544678807258606
LowerLegAlpha=0.0606898665428162
LowerLegTheta=0.371959179639816
