[%General]
Highest=150
CenterX=38.7297048501237
CenterY=25.2403055060123
XWidth=45

[LeftLeg]
ThighAlpha=0.0249899476766586
ThighTheta=0.222359538078308
LowerLegAlpha=-0.157079637050629
LowerLegTheta=-0.597718596458435

[RightLeg]
ThighAlpha=0.13922968506813
ThighTheta=-0.146199628710747
LowerLegAlpha=0.13922968506813
LowerLegTheta=-0.139399647712708
