[%General]
Highest=150
CenterX=38.2501930988824
CenterY=94.8621352795599
XWidth=49

[LeftLeg]
ThighAlpha=-0.0642598494887352
ThighTheta=-0.0863597691059113
LowerLegAlpha=-0.157079637050629
LowerLegTheta=-0.109479710459709

[RightLeg]
ThighAlpha=0.121379725635052
ThighTheta=0.401879131793976
LowerLegAlpha=0.0999597758054733
LowerLegTheta=-0.66435843706131
