[%General]
Highest=148
CenterX=37.9666917180219
CenterY=33.3014279272509
XWidth=46

[LeftLeg]
ThighAlpha=0.0285599380731583
ThighTheta=0.424999058246613
LowerLegAlpha=0.00356999784708023
LowerLegTheta=-0.169319570064545

[RightLeg]
ThighAlpha=0.13922968506813
ThighTheta=-0.348839163780212
LowerLegAlpha=0.0142799690365791
LowerLegTheta=-0.132599666714668
