[%General]
Highest=149
CenterX=37.1469465341431
CenterY=168.137780498413
XWidth=51

[LeftLeg]
ThighAlpha=-0.024989940226078
ThighTheta=0.454919010400772
LowerLegAlpha=0.00356999784708023
LowerLegTheta=-0.2522794008255

[RightLeg]
ThighAlpha=0.0856798067688942
ThighTheta=-0.169319570064545
LowerLegAlpha=-0.00713998079299927
LowerLegTheta=0.00340002961456776
