[%General]
Highest=141
CenterX=30.3985495857563
CenterY=280.488336065022
XWidth=42

[LeftLeg]
ThighAlpha=-0.0464098900556564
ThighTheta=-0.0795597806572914
LowerLegAlpha=0.00356999784708023
LowerLegTheta=-1.09955739974976

[RightLeg]
ThighAlpha=0.0321299284696579
ThighTheta=0.49163892865181
LowerLegAlpha=0.0999597758054733
LowerLegTheta=0.169319659471512
