[%General]
Highest=143
CenterX=29.6479419211723
CenterY=303.860158193103
XWidth=40

[LeftLeg]
ThighAlpha=-0.117809727787971
ThighTheta=0.265879422426224
LowerLegAlpha=-0.121379718184471
LowerLegTheta=-0.37875908613205

[RightLeg]
ThighAlpha=0.13922968506813
ThighTheta=0.116279773414135
LowerLegAlpha=0.103529766201973
LowerLegTheta=-0.206039488315582
