[%General]
Highest=148
CenterX=38.8146653609779
CenterY=152.105828324441
XWidth=48

[LeftLeg]
ThighAlpha=-0.0464098900556564
ThighTheta=0.0632398948073387
LowerLegAlpha=0.00356999784708023
LowerLegTheta=-0.956757783889771

[RightLeg]
ThighAlpha=0.121379725635052
ThighTheta=0.206039562821388
LowerLegAlpha=-0.00713998079299927
LowerLegTheta=-0.010199936106801
