[%General]
Highest=143
CenterX=30.5580157267015
CenterY=257.755803453855
XWidth=47

[LeftLeg]
ThighAlpha=-0.157079637050629
ThighTheta=-0.544678747653961
LowerLegAlpha=-0.0678298398852348
LowerLegTheta=-0.0564398318529129

[RightLeg]
ThighAlpha=-0.0428398996591568
ThighTheta=0.537878811359406
LowerLegAlpha=0.0606898665428162
LowerLegTheta=0.664358496665955
