[%General]
Highest=142
CenterX=30.5479920124251
CenterY=284.974550698913
XWidth=41

[LeftLeg]
ThighAlpha=-0.0285599306225777
ThighTheta=-0.0727597996592522
LowerLegAlpha=-0.0142799615859985
LowerLegTheta=-0.956757783889771

[RightLeg]
ThighAlpha=0.0856798067688942
ThighTheta=0.454919010400772
LowerLegAlpha=0.0285599380731583
LowerLegTheta=0.0632398948073387
