[%General]
Highest=160
CenterX=38.1353075468006
CenterY=12.5889244015394
XWidth=51

[LeftLeg]
ThighAlpha=0.046409897506237
ThighTheta=0.106306441128254
LowerLegAlpha=-0.157079637050629
LowerLegTheta=-0.391905754804611

[RightLeg]
ThighAlpha=-0.00356999039649963
ThighTheta=-0.179292917251587
LowerLegAlpha=0.0678298473358154
LowerLegTheta=0.0364932715892792
