[%General]
Highest=156
CenterX=39.0872035608478
CenterY=129.425326673441
XWidth=61

[LeftLeg]
ThighAlpha=-0.0214199498295784
ThighTheta=-0.464892268180847
LowerLegAlpha=0.021419957280159
LowerLegTheta=-0.677505135536194

[RightLeg]
ThighAlpha=-0.0214199498295784
ThighTheta=0.60451865196228
LowerLegAlpha=-0.0321299210190773
LowerLegTheta=0.255452781915665
