[%General]
Highest=161
CenterX=38.5651486322864
CenterY=15.7139415354963
XWidth=52

[LeftLeg]
ThighAlpha=-0.00356999039649963
ThighTheta=0.249106109142303
LowerLegAlpha=0.00356999784708023
LowerLegTheta=-0.391905754804611

[RightLeg]
ThighAlpha=-0.0214199498295784
ThighTheta=-0.179292917251587
LowerLegAlpha=0.00713998824357986
LowerLegTheta=-0.106306403875351
