[%General]
Highest=156
CenterX=39.0872035608478
CenterY=129.425326673441
XWidth=61

[LeftLeg]
ThighAlpha=-0.0589048638939857
ThighTheta=-0.471238911151886
LowerLegAlpha=0.0981747731566429
LowerLegTheta=-0.667588412761688

[RightLeg]
ThighAlpha=-0.0589048638939857
ThighTheta=0.589048624038696
LowerLegAlpha=0.0196349546313286
LowerLegTheta=0.274889349937439
