[%General]
Highest=158
CenterX=35.9634247590808
CenterY=231.059792438844
XWidth=57

[LeftLeg]
ThighAlpha=-0.0981747731566429
ThighTheta=0.196349546313286
LowerLegAlpha=-0.0392699092626572
LowerLegTheta=0.196349546313286

[RightLeg]
ThighAlpha=-0.0392699092626572
ThighTheta=0
LowerLegAlpha=0.0981747731566429
LowerLegTheta=-0.785398185253143
