[%General]
Highest=155
CenterX=38.1418335751574
CenterY=210.359295768328
XWidth=61

[LeftLeg]
ThighAlpha=-0.0785398185253143
ThighTheta=0.514758884906769
LowerLegAlpha=-0.0856797993183136
LowerLegTheta=0.312119334936142

[RightLeg]
ThighAlpha=0.0678298473358154
ThighTheta=-0.491638839244843
LowerLegAlpha=0.021419957280159
LowerLegTheta=-0.478038877248764
