[%General]
Highest=156
CenterX=38.0615702076043
CenterY=114.385455153856
XWidth=61

[LeftLeg]
ThighAlpha=-0.0214199498295784
ThighTheta=-0.544678747653961
LowerLegAlpha=0.021419957280159
LowerLegTheta=-0.38827908039093

[RightLeg]
ThighAlpha=-0.024989940226078
ThighTheta=0.484838932752609
LowerLegAlpha=-0.117809727787971
LowerLegTheta=0.664358496665955
