[%General]
Highest=159
CenterX=38.3061427099304
CenterY=24.3258099379194
XWidth=52

[LeftLeg]
ThighAlpha=-0.0392699092626572
ThighTheta=0.322092622518539
LowerLegAlpha=0.00356999784708023
LowerLegTheta=0.176119610667229

[RightLeg]
ThighAlpha=-0.0428398996591568
ThighTheta=-0.395079076290131
LowerLegAlpha=0.0249899476766586
LowerLegTheta=-0.10313306748867
