[%General]
Highest=159
CenterX=38.0611068522231
CenterY=10.5356911192358
XWidth=50

[LeftLeg]
ThighAlpha=-0.13922968506813
ThighTheta=-0.249106079339981
LowerLegAlpha=-0.121379718184471
LowerLegTheta=0.106306441128254

[RightLeg]
ThighAlpha=0.0107099786400795
ThighTheta=-0.106306403875351
LowerLegAlpha=-0.00356999039649963
LowerLegTheta=0.030146598815918
