[%General]
Highest=162
CenterX=37.5946465446706
CenterY=80.7598347987584
XWidth=57

[LeftLeg]
ThighAlpha=-0.0392699092626572
ThighTheta=-0.0333198979496956
LowerLegAlpha=-0.0107099711894989
LowerLegTheta=0.030146598815918

[RightLeg]
ThighAlpha=0.103529766201973
ThighTheta=0.31891930103302
LowerLegAlpha=0.13922968506813
LowerLegTheta=-0.956757783889771
