[%General]
Highest=160
CenterX=40.7766532365075
CenterY=159.402747955319
XWidth=59

[LeftLeg]
ThighAlpha=0
ThighTheta=0.117809727787971
LowerLegAlpha=-0.0785398185253143
LowerLegTheta=-0.706858336925507

[RightLeg]
ThighAlpha=-0.0196349546313286
ThighTheta=0.0392699092626572
LowerLegAlpha=0.0981747731566429
LowerLegTheta=0.157079637050629
