[%General]
Highest=149
CenterX=35.7988838480667
CenterY=283.496061198535
XWidth=52

[LeftLeg]
ThighAlpha=-0.0981747731566429
ThighTheta=-0.431968986988068
LowerLegAlpha=-0.0196349546313286
LowerLegTheta=-0.471238911151886

[RightLeg]
ThighAlpha=-0.0196349546313286
ThighTheta=0.785398185253143
LowerLegAlpha=0.0981747731566429
LowerLegTheta=0.196349546313286
