[%General]
Highest=156
CenterX=37.7849540901503
CenterY=41.4200620826377
XWidth=58

[LeftLeg]
ThighAlpha=-0.0606898590922356
ThighTheta=0.46489229798317
LowerLegAlpha=-0.0285599306225777
LowerLegTheta=0.388732463121414

[RightLeg]
ThighAlpha=0.0499798879027367
ThighTheta=-0.534705400466919
LowerLegAlpha=0.0428399071097374
LowerLegTheta=-0.468065589666367
