[%General]
Highest=157
CenterX=38.362234280747
CenterY=32.6009930722019
XWidth=55

[LeftLeg]
ThighAlpha=-0.0606898590922356
ThighTheta=0.391905784606934
LowerLegAlpha=0.00356999784708023
LowerLegTheta=0.46171897649765

[RightLeg]
ThighAlpha=0.0499798879027367
ThighTheta=-0.534705400466919
LowerLegAlpha=-0.0499798804521561
LowerLegTheta=-0.2522794008255
