[%General]
Highest=158
CenterX=40.4298623974596
CenterY=180.172228102673
XWidth=62

[LeftLeg]
ThighAlpha=-0.0785398185253143
ThighTheta=0.514758884906769
LowerLegAlpha=-0.0499798804521561
LowerLegTheta=0.34883925318718

[RightLeg]
ThighAlpha=0.0499798879027367
ThighTheta=-0.371959120035172
LowerLegAlpha=0.00356999784708023
LowerLegTheta=-0.0564398318529129
