[%General]
Highest=160
CenterX=37.8094265247057
CenterY=101.04734216006
XWidth=62

[LeftLeg]
ThighAlpha=-0.0428398996591568
ThighTheta=-0.391905754804611
LowerLegAlpha=0.00356999784708023
LowerLegTheta=-0.176119565963745

[RightLeg]
ThighAlpha=-0.00356999039649963
ThighTheta=0.46171897649765
LowerLegAlpha=0.00356999784708023
LowerLegTheta=0.176119610667229
