[%General]
Highest=155
CenterX=39.1471663492681
CenterY=195.660573541473
XWidth=62

[LeftLeg]
ThighAlpha=-0.0785398185253143
ThighTheta=0.471238911151886
LowerLegAlpha=-0.0392699092626572
LowerLegTheta=0.628318548202515

[RightLeg]
ThighAlpha=0.0589048638939857
ThighTheta=-0.549778699874878
LowerLegAlpha=-0.0196349546313286
LowerLegTheta=-0.235619455575943
