[%General]
Highest=156
CenterX=37.566109900103
CenterY=46.0821241825695
XWidth=58

[LeftLeg]
ThighAlpha=-0.0785398185253143
ThighTheta=0.431799054145813
LowerLegAlpha=-0.0142799615859985
LowerLegTheta=0.371959179639816

[RightLeg]
ThighAlpha=0.121379725635052
ThighTheta=-0.424998998641968
LowerLegAlpha=-0.0107099711894989
LowerLegTheta=-0.687478423118591
