[%General]
Highest=156
CenterX=39.7585438232303
CenterY=190.172255736517
XWidth=63

[LeftLeg]
ThighAlpha=-0.0999597683548927
ThighTheta=0.46489229798317
LowerLegAlpha=-0.0499798804521561
LowerLegTheta=0.674331784248352

[RightLeg]
ThighAlpha=0.0321299284696579
ThighTheta=-0.461718916893005
LowerLegAlpha=0.0249899476766586
LowerLegTheta=-0.255452752113342
