[%General]
Highest=156
CenterX=39.7657899760636
CenterY=134.856469447993
XWidth=61

[LeftLeg]
ThighAlpha=-0.00713998079299927
ThighTheta=-0.395079076290131
LowerLegAlpha=0.00356999784708023
LowerLegTheta=-0.817131459712982

[RightLeg]
ThighAlpha=-0.00356999039649963
ThighTheta=0.534705460071564
LowerLegAlpha=0.00356999784708023
LowerLegTheta=0.249106109142303
