[%General]
Highest=162
CenterX=37.5946465446706
CenterY=80.7598347987584
XWidth=57

[LeftLeg]
ThighAlpha=-0.0392699092626572
ThighTheta=-0.0333198830485344
LowerLegAlpha=-0.0107099711894989
LowerLegTheta=0.0401199460029602

[RightLeg]
ThighAlpha=0.0856798067688942
ThighTheta=0.288999378681183
LowerLegAlpha=0.121379725635052
LowerLegTheta=-0.926837861537933
