[%General]
Highest=156
CenterX=38.4194920091324
CenterY=205.115639269406
XWidth=61

[LeftLeg]
ThighAlpha=-0.157079637050629
ThighTheta=0.534705460071564
LowerLegAlpha=0.00356999784708023
LowerLegTheta=0.388732463121414

[RightLeg]
ThighAlpha=0.0499798879027367
ThighTheta=-0.534705400466919
LowerLegAlpha=0.00356999784708023
LowerLegTheta=-0.395079076290131
