[%General]
Highest=158
CenterX=38.491659904427
CenterY=28.4670324716308
XWidth=54

[LeftLeg]
ThighAlpha=-0.0785398185253143
ThighTheta=0.431799054145813
LowerLegAlpha=0.021419957280159
LowerLegTheta=0.288999378681183

[RightLeg]
ThighAlpha=0.0499798879027367
ThighTheta=-0.507958829402924
LowerLegAlpha=-0.0499798804521561
LowerLegTheta=-0.152999609708786
