[%General]
Highest=159
CenterX=35.8897865898041
CenterY=244.818441203016
XWidth=59

[LeftLeg]
ThighAlpha=-0.0999597683548927
ThighTheta=-0.109479740262032
LowerLegAlpha=-0.103529758751392
LowerLegTheta=0.106306441128254

[RightLeg]
ThighAlpha=0.0142799690365791
ThighTheta=0.534705460071564
LowerLegAlpha=0.021419957280159
LowerLegTheta=-0.674331784248352
