[%General]
Highest=160
CenterX=40.3970012955812
CenterY=175.962151419479
XWidth=62

[LeftLeg]
ThighAlpha=-0.082109808921814
ThighTheta=0.537878811359406
LowerLegAlpha=0.00356999784708023
LowerLegTheta=0.030146598815918

[RightLeg]
ThighAlpha=0.0285599380731583
ThighTheta=-0.318919241428375
LowerLegAlpha=-0.0142799615859985
LowerLegTheta=0.0364932715892792
