[%General]
Highest=152
CenterX=35.1596713789264
CenterY=265.656769796552
XWidth=54

[LeftLeg]
ThighAlpha=-0.0981747731566429
ThighTheta=-0.471238911151886
LowerLegAlpha=-0.0196349546313286
LowerLegTheta=-0.117809727787971

[RightLeg]
ThighAlpha=-0.0785398185253143
ThighTheta=0.510508835315704
LowerLegAlpha=-0.0981747731566429
LowerLegTheta=0.667588412761688
