[%General]
Highest=160
CenterX=40.827997842632
CenterY=164.06556001678
XWidth=60

[LeftLeg]
ThighAlpha=0
ThighTheta=0.235619455575943
LowerLegAlpha=-0.0981747731566429
LowerLegTheta=-0.471238911151886

[RightLeg]
ThighAlpha=0.0196349546313286
ThighTheta=-0.0785398185253143
LowerLegAlpha=0.0589048638939857
LowerLegTheta=0.157079637050629
