[%General]
Highest=157
CenterX=38.2460770234127
CenterY=36.8040685648032
XWidth=57

[LeftLeg]
ThighAlpha=-0.0606898590922356
ThighTheta=0.395079135894775
LowerLegAlpha=0.00356999784708023
LowerLegTheta=0.534705460071564

[RightLeg]
ThighAlpha=0.0678298473358154
ThighTheta=-0.534705400466919
LowerLegAlpha=-0.024989940226078
LowerLegTheta=-0.322092592716217
