[%General]
Highest=160
CenterX=40.827997842632
CenterY=164.06556001678
XWidth=60

[LeftLeg]
ThighAlpha=-0.0107099711894989
ThighTheta=0.229159519076347
LowerLegAlpha=-0.117809727787971
LowerLegTheta=-0.514758765697479

[RightLeg]
ThighAlpha=0.0107099786400795
ThighTheta=-0.0863597691059113
LowerLegAlpha=0.021419957280159
LowerLegTheta=0.229159519076347
