[%General]
Highest=158
CenterX=37.220078057242
CenterY=62.0287022983521
XWidth=60

[LeftLeg]
ThighAlpha=-0.0785398185253143
ThighTheta=0.322092622518539
LowerLegAlpha=0.00356999784708023
LowerLegTheta=0.106306441128254

[RightLeg]
ThighAlpha=0.0999597758054733
ThighTheta=-0.182466238737106
LowerLegAlpha=0.0249899476766586
LowerLegTheta=-0.956757783889771
