[%General]
Highest=155
CenterX=38.9018520338674
CenterY=200.149538746683
XWidth=62

[LeftLeg]
ThighAlpha=-0.0785398185253143
ThighTheta=0.507958889007568
LowerLegAlpha=-0.0856797993183136
LowerLegTheta=0.521558880805969

[RightLeg]
ThighAlpha=0.0321299284696579
ThighTheta=-0.52155876159668
LowerLegAlpha=0.0428399071097374
LowerLegTheta=-0.335239201784134
