[%General]
Highest=160
CenterX=40.7766532365075
CenterY=159.402747955319
XWidth=59

[LeftLeg]
ThighAlpha=0.00713998824357986
ThighTheta=0.106306441128254
LowerLegAlpha=-0.0856797993183136
LowerLegTheta=-0.67115843296051

[RightLeg]
ThighAlpha=-0.0214199498295784
ThighTheta=0.0364932715892792
LowerLegAlpha=0.0428399071097374
LowerLegTheta=0.176119610667229
