[%General]
Highest=154
CenterX=38.4947458595089
CenterY=123.759637350086
XWidth=61

[LeftLeg]
ThighAlpha=-0.024989940226078
ThighTheta=-0.544678747653961
LowerLegAlpha=0.021419957280159
LowerLegTheta=-0.537878751754761

[RightLeg]
ThighAlpha=-0.0392699092626572
ThighTheta=0.567798733711243
LowerLegAlpha=-0.0999597683548927
LowerLegTheta=0.408679097890854
