[%General]
Highest=156
CenterX=38.0615702076043
CenterY=114.385455153856
XWidth=61

[LeftLeg]
ThighAlpha=-0.00356999039649963
ThighTheta=-0.534705400466919
LowerLegAlpha=0.00356999784708023
LowerLegTheta=-0.398252427577972

[RightLeg]
ThighAlpha=-0.0606898590922356
ThighTheta=0.534705460071564
LowerLegAlpha=-0.0642598494887352
LowerLegTheta=0.534705460071564
