[%General]
Highest=159
CenterX=35.8897865898041
CenterY=244.818441203016
XWidth=59

[LeftLeg]
ThighAlpha=-0.0785398185253143
ThighTheta=-0.0785398185253143
LowerLegAlpha=-0.0981747731566429
LowerLegTheta=0.0785398185253143

[RightLeg]
ThighAlpha=0.0196349546313286
ThighTheta=0.549778699874878
LowerLegAlpha=0.0981747731566429
LowerLegTheta=-0.706858336925507
