[%General]
Highest=156
CenterX=35.1856195156764
CenterY=253.370525359674
XWidth=57

[LeftLeg]
ThighAlpha=-0.0785398185253143
ThighTheta=-0.259079366922379
LowerLegAlpha=-0.121379718184471
LowerLegTheta=0.00340002961456776

[RightLeg]
ThighAlpha=-0.082109808921814
ThighTheta=0.484838932752609
LowerLegAlpha=0.0606898665428162
LowerLegTheta=0.00340002961456776
