[%General]
Highest=160
CenterX=38.1353075468006
CenterY=12.5889244015394
XWidth=51

[LeftLeg]
ThighAlpha=0.0196349546313286
ThighTheta=0.0785398185253143
LowerLegAlpha=-0.0981747731566429
LowerLegTheta=-0.314159274101257

[RightLeg]
ThighAlpha=0.0196349546313286
ThighTheta=-0.157079637050629
LowerLegAlpha=0
LowerLegTheta=-0.0785398185253143
