[%General]
Highest=154
CenterX=38.4947458595089
CenterY=123.759637350086
XWidth=61

[LeftLeg]
ThighAlpha=-0.0196349546313286
ThighTheta=-0.549778699874878
LowerLegAlpha=0.0392699092626572
LowerLegTheta=-0.549778699874878

[RightLeg]
ThighAlpha=-0.0785398185253143
ThighTheta=0.549778699874878
LowerLegAlpha=-0.0392699092626572
LowerLegTheta=0.471238911151886
