[%General]
Highest=152
CenterX=35.1596713789264
CenterY=265.656769796552
XWidth=54

[LeftLeg]
ThighAlpha=-0.117809727787971
ThighTheta=-0.484838873147964
LowerLegAlpha=-0.0142799615859985
LowerLegTheta=-0.109479710459709

[RightLeg]
ThighAlpha=-0.0785398185253143
ThighTheta=0.514758884906769
LowerLegAlpha=-0.0606898590922356
LowerLegTheta=0.657558560371399
