[%General]
Highest=151
CenterX=35.1669150005198
CenterY=273.704667521397
XWidth=54

[LeftLeg]
ThighAlpha=-0.0981747731566429
ThighTheta=-0.510508835315704
LowerLegAlpha=-0.0392699092626572
LowerLegTheta=-0.274889349937439

[RightLeg]
ThighAlpha=-0.0981747731566429
ThighTheta=0.589048624038696
LowerLegAlpha=-0.0589048638939857
LowerLegTheta=0.589048624038696
