[%General]
Highest=162
CenterX=38.4657364459948
CenterY=85.9105940378988
XWidth=58

[LeftLeg]
ThighAlpha=0.0142799690365791
ThighTheta=-0.106306403875351
LowerLegAlpha=-0.13922968506813
LowerLegTheta=-0.0364932343363762

[RightLeg]
ThighAlpha=0.103529766201973
ThighTheta=0.322092622518539
LowerLegAlpha=0.0606898665428162
LowerLegTheta=-0.607691943645477
