[%General]
Highest=158
CenterX=40.4298623974596
CenterY=180.172228102673
XWidth=62

[LeftLeg]
ThighAlpha=-0.0981747731566429
ThighTheta=0.510508835315704
LowerLegAlpha=0.0196349546313286
LowerLegTheta=0.353429168462753

[RightLeg]
ThighAlpha=0.0392699092626572
ThighTheta=-0.392699092626572
LowerLegAlpha=0
LowerLegTheta=0
