[%General]
Highest=154
CenterX=34.8798372743453
CenterY=261.583049410967
XWidth=54

[LeftLeg]
ThighAlpha=-0.0785398185253143
ThighTheta=-0.431968986988068
LowerLegAlpha=-0.0785398185253143
LowerLegTheta=0

[RightLeg]
ThighAlpha=-0.0981747731566429
ThighTheta=0.510508835315704
LowerLegAlpha=-0.0785398185253143
LowerLegTheta=0.549778699874878
