[%General]
Highest=141
CenterX=35.3273273833974
CenterY=311.95511408193
XWidth=46

[LeftLeg]
ThighAlpha=-0.024989940226078
ThighTheta=-0.109479740262032
LowerLegAlpha=-0.13922968506813
LowerLegTheta=-1.09955739974976

[RightLeg]
ThighAlpha=0.0428399071097374
ThighTheta=0.886944651603699
LowerLegAlpha=0.0249899476766586
LowerLegTheta=-0.677505135536194
