[%General]
Highest=156
CenterX=37.7849540901503
CenterY=41.4200620826377
XWidth=58

[LeftLeg]
ThighAlpha=-0.0785398185253143
ThighTheta=0.454919010400772
LowerLegAlpha=-0.0107099711894989
LowerLegTheta=0.438599050045013

[RightLeg]
ThighAlpha=0.0678298473358154
ThighTheta=-0.514758765697479
LowerLegAlpha=0.00713998824357986
LowerLegTheta=-0.507958829402924
