[%General]
Highest=155
CenterX=36.892750093668
CenterY=221.729143249657
XWidth=60

[LeftLeg]
ThighAlpha=-0.0785398185253143
ThighTheta=0.401879131793976
LowerLegAlpha=-0.121379718184471
LowerLegTheta=0.222359538078308

[RightLeg]
ThighAlpha=0.0285599380731583
ThighTheta=-0.288999319076538
LowerLegAlpha=-0.0142799615859985
LowerLegTheta=-0.770438194274902
