[%General]
Highest=160
CenterX=38.4458095284206
CenterY=19.7153699041348
XWidth=52

[LeftLeg]
ThighAlpha=0
ThighTheta=0.274889349937439
LowerLegAlpha=0
LowerLegTheta=-0.0785398185253143

[RightLeg]
ThighAlpha=0
ThighTheta=-0.353429168462753
LowerLegAlpha=0
LowerLegTheta=-0.0392699092626572
