[%General]
Highest=157
CenterX=37.9341534398663
CenterY=109.954323748956
XWidth=61

[LeftLeg]
ThighAlpha=-0.00713998079299927
ThighTheta=-0.52155876159668
LowerLegAlpha=-0.0107099711894989
LowerLegTheta=-0.305319279432297

[RightLeg]
ThighAlpha=-0.00356999039649963
ThighTheta=0.454919010400772
LowerLegAlpha=-0.121379718184471
LowerLegTheta=0.581398725509644
