[%General]
Highest=144
CenterX=36.4319803963515
CenterY=294.727785448959
XWidth=49

[LeftLeg]
ThighAlpha=-0.0464098900556564
ThighTheta=-0.325265914201736
LowerLegAlpha=-0.0499798804521561
LowerLegTheta=-0.817131459712982

[RightLeg]
ThighAlpha=0.0285599380731583
ThighTheta=0.817131459712982
LowerLegAlpha=-0.13922968506813
LowerLegTheta=-0.2459327429533
