[%General]
Highest=157
CenterX=40.4553443903577
CenterY=145.415906374792
XWidth=61

[LeftLeg]
ThighAlpha=-0.0642598494887352
ThighTheta=-0.179292917251587
LowerLegAlpha=0.0606898665428162
LowerLegTheta=-1.09955739974976

[RightLeg]
ThighAlpha=0.0142799690365791
ThighTheta=0.391905784606934
LowerLegAlpha=0.00356999784708023
LowerLegTheta=0.109479777514935
