[%General]
Highest=159
CenterX=37.1722793335697
CenterY=67.1405909758444
XWidth=61

[LeftLeg]
ThighAlpha=-0.082109808921814
ThighTheta=0.31891930103302
LowerLegAlpha=0.00356999784708023
LowerLegTheta=-0.0364932343363762

[RightLeg]
ThighAlpha=0.13922968506813
ThighTheta=-0.109479740262032
LowerLegAlpha=0.00713998824357986
LowerLegTheta=-1.02974426746368
