[%General]
Highest=150
CenterX=35.6519097867281
CenterY=278.375417998068
XWidth=53

[LeftLeg]
ThighAlpha=-0.0981747731566429
ThighTheta=-0.471238911151886
LowerLegAlpha=-0.0196349546313286
LowerLegTheta=-0.353429168462753

[RightLeg]
ThighAlpha=-0.0981747731566429
ThighTheta=0.706858336925507
LowerLegAlpha=0.0589048638939857
LowerLegTheta=0.353429168462753
