[%General]
Highest=160
CenterX=38.1353075468006
CenterY=12.5889244015394
XWidth=51

[LeftLeg]
ThighAlpha=0.046409897506237
ThighTheta=0.0863598436117172
LowerLegAlpha=-0.157079637050629
LowerLegTheta=-0.371959120035172

[RightLeg]
ThighAlpha=-0.00356999039649963
ThighTheta=-0.199239507317543
LowerLegAlpha=0.0856798067688942
LowerLegTheta=0.0564399100840092
