[%General]
Highest=156
CenterX=37.566109900103
CenterY=46.0821241825695
XWidth=58

[LeftLeg]
ThighAlpha=-0.0981747731566429
ThighTheta=0.431968986988068
LowerLegAlpha=0
LowerLegTheta=0.392699092626572

[RightLeg]
ThighAlpha=0.0589048638939857
ThighTheta=-0.510508835315704
LowerLegAlpha=0.0392699092626572
LowerLegTheta=-0.549778699874878
