[%General]
Highest=160
CenterX=38.4458095284206
CenterY=19.7153699041348
XWidth=52

[LeftLeg]
ThighAlpha=-0.00713998079299927
ThighTheta=0.249106109142303
LowerLegAlpha=0.00356999784708023
LowerLegTheta=-0.0364932343363762

[RightLeg]
ThighAlpha=0.0285599380731583
ThighTheta=-0.391905754804611
LowerLegAlpha=-0.0678298398852348
LowerLegTheta=0.0333199352025986
