[%General]
Highest=161
CenterX=37.6391235725559
CenterY=95.8264121914665
XWidth=61

[LeftLeg]
ThighAlpha=-0.0428398996591568
ThighTheta=-0.318919241428375
LowerLegAlpha=-0.0321299210190773
LowerLegTheta=-0.112653076648712

[RightLeg]
ThighAlpha=0.0499798879027367
ThighTheta=0.46489229798317
LowerLegAlpha=-0.0107099711894989
LowerLegTheta=-0.179292917251587
