[%General]
Highest=158
CenterX=36.2150423580969
CenterY=240.191483719697
XWidth=58

[LeftLeg]
ThighAlpha=-0.0999597683548927
ThighTheta=-0.0333198979496956
LowerLegAlpha=-0.157079637050629
LowerLegTheta=0.176119610667229

[RightLeg]
ThighAlpha=0.0856798067688942
ThighTheta=0.46171897649765
LowerLegAlpha=-0.082109808921814
LowerLegTheta=-0.886944591999054
