[%General]
Highest=151
CenterX=34.944899271697
CenterY=269.630216752707
XWidth=54

[LeftLeg]
ThighAlpha=-0.0999597683548927
ThighTheta=-0.537878751754761
LowerLegAlpha=-0.0499798804521561
LowerLegTheta=-0.176119565963745

[RightLeg]
ThighAlpha=-0.0606898590922356
ThighTheta=0.534705460071564
LowerLegAlpha=-0.0606898590922356
LowerLegTheta=0.74731832742691
