[%General]
Highest=155
CenterX=38.0721090670171
CenterY=118.795225580377
XWidth=61

[LeftLeg]
ThighAlpha=-0.0214199498295784
ThighTheta=-0.544678747653961
LowerLegAlpha=0.021419957280159
LowerLegTheta=-0.454918920993805

[RightLeg]
ThighAlpha=-0.0464098900556564
ThighTheta=0.567798733711243
LowerLegAlpha=-0.103529758751392
LowerLegTheta=0.49163892865181
