[%General]
Highest=143
CenterX=35.5550512151034
CenterY=305.555292227355
XWidth=46

[LeftLeg]
ThighAlpha=-0.00713998079299927
ThighTheta=-0.109479740262032
LowerLegAlpha=-0.13922968506813
LowerLegTheta=-1.09955739974976

[RightLeg]
ThighAlpha=-0.024989940226078
ThighTheta=0.817131459712982
LowerLegAlpha=-0.13922968506813
LowerLegTheta=-0.531532108783722
