[%General]
Highest=159
CenterX=38.0611068522231
CenterY=10.5356911192358
XWidth=50

[LeftLeg]
ThighAlpha=-0.157079637050629
ThighTheta=-0.139399647712708
LowerLegAlpha=-0.157079637050629
LowerLegTheta=-0.00339995324611664

[RightLeg]
ThighAlpha=0.0107099786400795
ThighTheta=-0.146199628710747
LowerLegAlpha=0.0321299284696579
LowerLegTheta=0.070039875805378
