[%General]
Highest=155
CenterX=34.7482350939866
CenterY=257.230909245556
XWidth=56

[LeftLeg]
ThighAlpha=-0.121379718184471
ThighTheta=-0.315745919942856
LowerLegAlpha=-0.0856797993183136
LowerLegTheta=-0.112653076648712

[RightLeg]
ThighAlpha=-0.0214199498295784
ThighTheta=0.534705460071564
LowerLegAlpha=-0.121379718184471
LowerLegTheta=0.31891930103302
