[%General]
Highest=156
CenterX=37.5633102717527
CenterY=216.038082772376
XWidth=60

[LeftLeg]
ThighAlpha=-0.117809727787971
ThighTheta=0.454919010400772
LowerLegAlpha=-0.0321299210190773
LowerLegTheta=0.288999378681183

[RightLeg]
ThighAlpha=0.0499798879027367
ThighTheta=-0.371959120035172
LowerLegAlpha=0.00356999784708023
LowerLegTheta=-0.657558441162109
