[%General]
Highest=157
CenterX=36.1003413071465
CenterY=226.428834466034
XWidth=57

[LeftLeg]
ThighAlpha=-0.0785398185253143
ThighTheta=0.322092622518539
LowerLegAlpha=-0.103529758751392
LowerLegTheta=0.245932787656784

[RightLeg]
ThighAlpha=-0.0392699092626572
ThighTheta=-0.112653076648712
LowerLegAlpha=0.0428399071097374
LowerLegTheta=-0.81395810842514
