[%General]
Highest=160
CenterX=40.3970012955812
CenterY=175.962151419479
XWidth=62

[LeftLeg]
ThighAlpha=-0.082109808921814
ThighTheta=0.507958889007568
LowerLegAlpha=0.00356999784708023
LowerLegTheta=0.070039875805378

[RightLeg]
ThighAlpha=0.0285599380731583
ThighTheta=-0.288999319076538
LowerLegAlpha=-0.0142799615859985
LowerLegTheta=-0.0333198830485344
