[%General]
Highest=160
CenterX=40.5873773092106
CenterY=168.063089601546
XWidth=59

[LeftLeg]
ThighAlpha=0.046409897506237
ThighTheta=0.322092622518539
LowerLegAlpha=-0.157079637050629
LowerLegTheta=-0.2522794008255

[RightLeg]
ThighAlpha=0.0142799690365791
ThighTheta=-0.106306403875351
LowerLegAlpha=0.00356999784708023
LowerLegTheta=-0.0396665707230568
