[%General]
Highest=158
CenterX=40.4298623974596
CenterY=180.172228102673
XWidth=62

[LeftLeg]
ThighAlpha=-0.0785398185253143
ThighTheta=0.549778699874878
LowerLegAlpha=-0.0392699092626572
LowerLegTheta=0.314159274101257

[RightLeg]
ThighAlpha=0.0392699092626572
ThighTheta=-0.392699092626572
LowerLegAlpha=0
LowerLegTheta=0
