[%General]
Highest=158
CenterX=35.9634247590808
CenterY=231.059792438844
XWidth=57

[LeftLeg]
ThighAlpha=-0.117809727787971
ThighTheta=0.179292947053909
LowerLegAlpha=0.00356999784708023
LowerLegTheta=0.245932787656784

[RightLeg]
ThighAlpha=0.0321299284696579
ThighTheta=0.172946274280548
LowerLegAlpha=0.00356999784708023
LowerLegTheta=-1.09955739974976
