[%General]
Highest=154
CenterX=34.8798372743453
CenterY=261.583049410967
XWidth=54

[LeftLeg]
ThighAlpha=-0.121379718184471
ThighTheta=-0.424998998641968
LowerLegAlpha=-0.0321299210190773
LowerLegTheta=-0.0564398318529129

[RightLeg]
ThighAlpha=-0.0785398185253143
ThighTheta=0.514758884906769
LowerLegAlpha=-0.103529758751392
LowerLegTheta=0.49163892865181
