[%General]
Highest=158
CenterX=35.4067092154421
CenterY=249.145158779577
XWidth=58

[LeftLeg]
ThighAlpha=-0.0785398185253143
ThighTheta=-0.157079637050629
LowerLegAlpha=-0.0981747731566429
LowerLegTheta=0

[RightLeg]
ThighAlpha=-0.0392699092626572
ThighTheta=0.471238911151886
LowerLegAlpha=0.0785398185253143
LowerLegTheta=-0.235619455575943
