[%General]
Highest=158
CenterX=35.4067092154421
CenterY=249.145158779577
XWidth=58

[LeftLeg]
ThighAlpha=-0.0999597683548927
ThighTheta=-0.176119565963745
LowerLegAlpha=-0.103529758751392
LowerLegTheta=0.030146598815918

[RightLeg]
ThighAlpha=-0.024989940226078
ThighTheta=0.46171897649765
LowerLegAlpha=0.00356999784708023
LowerLegTheta=-0.172946244478226
