[%General]
Highest=151
CenterX=34.944899271697
CenterY=269.630216752707
XWidth=54

[LeftLeg]
ThighAlpha=-0.117809727787971
ThighTheta=-0.507958829402924
LowerLegAlpha=-0.0499798804521561
LowerLegTheta=-0.176119565963745

[RightLeg]
ThighAlpha=-0.0785398185253143
ThighTheta=0.544678807258606
LowerLegAlpha=-0.0428398996591568
LowerLegTheta=0.717398405075073
