[%General]
Highest=162
CenterX=37.5946465446706
CenterY=80.7598347987584
XWidth=57

[LeftLeg]
ThighAlpha=-0.0785398185253143
ThighTheta=-0.0785398185253143
LowerLegAlpha=0.0392699092626572
LowerLegTheta=0.117809727787971

[RightLeg]
ThighAlpha=0.0981747731566429
ThighTheta=0.196349546313286
LowerLegAlpha=0.0196349546313286
LowerLegTheta=-0.706858336925507
