[%General]
Highest=155
CenterX=38.0721090670171
CenterY=118.795225580377
XWidth=61

[LeftLeg]
ThighAlpha=-0.0392699092626572
ThighTheta=-0.549778699874878
LowerLegAlpha=0.0392699092626572
LowerLegTheta=-0.431968986988068

[RightLeg]
ThighAlpha=-0.0589048638939857
ThighTheta=0.549778699874878
LowerLegAlpha=-0.0785398185253143
LowerLegTheta=0.549778699874878
