[%General]
Highest=155
CenterX=38.0721090670171
CenterY=118.795225580377
XWidth=61

[LeftLeg]
ThighAlpha=-0.0214199498295784
ThighTheta=-0.534705400466919
LowerLegAlpha=0.021419957280159
LowerLegTheta=-0.464892268180847

[RightLeg]
ThighAlpha=-0.0285599306225777
ThighTheta=0.537878811359406
LowerLegAlpha=-0.103529758751392
LowerLegTheta=0.531532108783722
