[%General]
Highest=141
CenterX=35.3273273833974
CenterY=311.95511408193
XWidth=46

[LeftLeg]
ThighAlpha=-0.0392699092626572
ThighTheta=-0.196349546313286
LowerLegAlpha=-0.0981747731566429
LowerLegTheta=-0.785398185253143

[RightLeg]
ThighAlpha=0
ThighTheta=0.785398185253143
LowerLegAlpha=0
LowerLegTheta=-0.667588412761688
