[%General]
Highest=144
CenterX=35.9668133626725
CenterY=300.112722544509
XWidth=48

[LeftLeg]
ThighAlpha=-0.0142799615859985
ThighTheta=-0.132599666714668
LowerLegAlpha=-0.082109808921814
LowerLegTheta=-1.09955739974976

[RightLeg]
ThighAlpha=0.00713998824357986
ThighTheta=0.866998076438904
LowerLegAlpha=-0.117809727787971
LowerLegTheta=-0.408679038286209
