[%General]
Highest=157
CenterX=40.1263991410549
CenterY=185.038370688498
XWidth=63

[LeftLeg]
ThighAlpha=-0.0214199498295784
ThighTheta=0.534705460071564
LowerLegAlpha=-0.121379718184471
LowerLegTheta=0.46171897649765

[RightLeg]
ThighAlpha=0.0499798879027367
ThighTheta=-0.464892268180847
LowerLegAlpha=-0.0142799615859985
LowerLegTheta=-0.10313306748867
