[%General]
Highest=156
CenterX=35.1856195156764
CenterY=253.370525359674
XWidth=57

[LeftLeg]
ThighAlpha=-0.0785398185253143
ThighTheta=-0.249106079339981
LowerLegAlpha=-0.0678298398852348
LowerLegTheta=-0.0364932343363762

[RightLeg]
ThighAlpha=-0.082109808921814
ThighTheta=0.46489229798317
LowerLegAlpha=0.0249899476766586
LowerLegTheta=0.0333199352025986
