[%General]
Highest=151
CenterX=35.1669150005198
CenterY=273.704667521397
XWidth=54

[LeftLeg]
ThighAlpha=-0.0785398185253143
ThighTheta=-0.464892268180847
LowerLegAlpha=-0.0321299210190773
LowerLegTheta=-0.322092592716217

[RightLeg]
ThighAlpha=-0.0606898590922356
ThighTheta=0.607692003250122
LowerLegAlpha=-0.0856797993183136
LowerLegTheta=0.60451865196228
