[%General]
Highest=145
CenterX=36.2471580347884
CenterY=289.182061867773
XWidth=49

[LeftLeg]
ThighAlpha=-0.0499798804521561
ThighTheta=-0.461718916893005
LowerLegAlpha=-0.0464098900556564
LowerLegTheta=-0.537878751754761

[RightLeg]
ThighAlpha=-0.00713998079299927
ThighTheta=0.886944651603699
LowerLegAlpha=-0.0464098900556564
LowerLegTheta=-0.0999597311019897
