[%General]
Highest=145
CenterX=36.2471580347884
CenterY=289.182061867773
XWidth=49

[LeftLeg]
ThighAlpha=-0.0678298398852348
ThighTheta=-0.401879042387009
LowerLegAlpha=-0.0285599306225777
LowerLegTheta=-0.627638518810272

[RightLeg]
ThighAlpha=-0.00713998079299927
ThighTheta=0.896917998790741
LowerLegAlpha=-0.0999597683548927
LowerLegTheta=-0.0999597311019897
