[%General]
Highest=158
CenterX=38.491659904427
CenterY=28.4670324716308
XWidth=54

[LeftLeg]
ThighAlpha=-0.0428398996591568
ThighTheta=0.391905784606934
LowerLegAlpha=0.00356999784708023
LowerLegTheta=0.31891930103302

[RightLeg]
ThighAlpha=0.0499798879027367
ThighTheta=-0.468065589666367
LowerLegAlpha=-0.0499798804521561
LowerLegTheta=-0.172946244478226
