[%General]
Highest=150
CenterX=35.6519097867281
CenterY=278.375417998068
XWidth=53

[LeftLeg]
ThighAlpha=-0.13922968506813
ThighTheta=-0.461718916893005
LowerLegAlpha=0.021419957280159
LowerLegTheta=-0.395079076290131

[RightLeg]
ThighAlpha=-0.0428398996591568
ThighTheta=0.677505135536194
LowerLegAlpha=-0.0285599306225777
LowerLegTheta=0.395079135894775
