[%General]
Highest=159
CenterX=40.8562059438664
CenterY=154.587557127734
XWidth=59

[LeftLeg]
ThighAlpha=-0.0428398996591568
ThighTheta=0.0863598436117172
LowerLegAlpha=-0.0142799615859985
LowerLegTheta=-1.09955739974976

[RightLeg]
ThighAlpha=0.0321299284696579
ThighTheta=0.199239581823349
LowerLegAlpha=0.021419957280159
LowerLegTheta=0.109479792416096
