[%General]
Highest=145
CenterX=36.2471580347884
CenterY=289.182061867773
XWidth=49

[LeftLeg]
ThighAlpha=-0.0785398185253143
ThighTheta=-0.392699092626572
LowerLegAlpha=-0.0196349546313286
LowerLegTheta=-0.628318548202515

[RightLeg]
ThighAlpha=-0.0392699092626572
ThighTheta=0.785398185253143
LowerLegAlpha=-0.0785398185253143
LowerLegTheta=-0.0785398185253143
