[%General]
Highest=155
CenterX=36.892750093668
CenterY=221.729143249657
XWidth=60

[LeftLeg]
ThighAlpha=-0.0785398185253143
ThighTheta=0.391905784606934
LowerLegAlpha=-0.121379718184471
LowerLegTheta=0.252279460430145

[RightLeg]
ThighAlpha=0.0285599380731583
ThighTheta=-0.249106079339981
LowerLegAlpha=0.00356999784708023
LowerLegTheta=-0.820304751396179
