[%General]
Highest=160
CenterX=38.1532262390045
CenterY=90.8776818279339
XWidth=60

[LeftLeg]
ThighAlpha=0.0107099786400795
ThighTheta=-0.179292917251587
LowerLegAlpha=-0.0856797993183136
LowerLegTheta=-0.172946244478226

[RightLeg]
ThighAlpha=0.0499798879027367
ThighTheta=0.46489229798317
LowerLegAlpha=0.121379725635052
LowerLegTheta=-0.468065589666367
