[%General]
Highest=144
CenterX=35.9668133626725
CenterY=300.112722544509
XWidth=48

[LeftLeg]
ThighAlpha=-0.0196349546313286
ThighTheta=-0.314159274101257
LowerLegAlpha=-0.0981747731566429
LowerLegTheta=-0.785398185253143

[RightLeg]
ThighAlpha=0
ThighTheta=0.785398185253143
LowerLegAlpha=-0.0981747731566429
LowerLegTheta=-0.392699092626572
