[%General]
Highest=143
CenterX=35.5550512151034
CenterY=305.555292227355
XWidth=46

[LeftLeg]
ThighAlpha=-0.00713998079299927
ThighTheta=-0.139399647712708
LowerLegAlpha=-0.13922968506813
LowerLegTheta=-1.09955739974976

[RightLeg]
ThighAlpha=0.0107099786400795
ThighTheta=0.837078154087067
LowerLegAlpha=-0.157079637050629
LowerLegTheta=-0.52155876159668
