[%General]
Highest=154
CenterX=34.8798372743453
CenterY=261.583049410967
XWidth=54

[LeftLeg]
ThighAlpha=-0.121379718184471
ThighTheta=-0.395079076290131
LowerLegAlpha=-0.0321299210190773
LowerLegTheta=-0.106306403875351

[RightLeg]
ThighAlpha=-0.0606898590922356
ThighTheta=0.534705460071564
LowerLegAlpha=-0.121379718184471
LowerLegTheta=0.46171897649765
