[%General]
Highest=152
CenterX=35.1596713789264
CenterY=265.656769796552
XWidth=54

[LeftLeg]
ThighAlpha=-0.117809727787971
ThighTheta=-0.464892268180847
LowerLegAlpha=-0.0321299210190773
LowerLegTheta=-0.179292917251587

[RightLeg]
ThighAlpha=-0.0606898590922356
ThighTheta=0.534705460071564
LowerLegAlpha=-0.0606898590922356
LowerLegTheta=0.607692003250122
