[%General]
Highest=160
CenterX=36.8322392774295
CenterY=71.4772716055476
XWidth=60

[LeftLeg]
ThighAlpha=-0.0785398185253143
ThighTheta=0.169319659471512
LowerLegAlpha=0.00356999784708023
LowerLegTheta=0.00340002961456776

[RightLeg]
ThighAlpha=0.0856798067688942
ThighTheta=-0.0496398508548737
LowerLegAlpha=0.0999597758054733
LowerLegTheta=-0.81395810842514
