[%General]
Highest=159
CenterX=35.9429205947671
CenterY=235.605135822805
XWidth=57

[LeftLeg]
ThighAlpha=-0.0981747731566429
ThighTheta=0.117809727787971
LowerLegAlpha=-0.0589048638939857
LowerLegTheta=0.157079637050629

[RightLeg]
ThighAlpha=0.0589048638939857
ThighTheta=0.157079637050629
LowerLegAlpha=-0.0196349546313286
LowerLegTheta=-0.785398185253143
