[%General]
Highest=161
CenterX=36.4755877259646
CenterY=75.6345322486202
XWidth=59

[LeftLeg]
ThighAlpha=-0.0606898590922356
ThighTheta=0.0396666079759598
LowerLegAlpha=0.00356999784708023
LowerLegTheta=0.030146598815918

[RightLeg]
ThighAlpha=0.121379725635052
ThighTheta=0.176119610667229
LowerLegAlpha=-0.00356999039649963
LowerLegTheta=-0.890117883682251
