[%General]
Highest=155
CenterX=38.9018520338674
CenterY=200.149538746683
XWidth=62

[LeftLeg]
ThighAlpha=-0.0606898590922356
ThighTheta=0.537878811359406
LowerLegAlpha=-0.121379718184471
LowerLegTheta=0.46171897649765

[RightLeg]
ThighAlpha=0.0678298473358154
ThighTheta=-0.531532108783722
LowerLegAlpha=0.0249899476766586
LowerLegTheta=-0.395079076290131
