[%General]
Highest=149
CenterX=35.7988838480667
CenterY=283.496061198535
XWidth=52

[LeftLeg]
ThighAlpha=-0.0999597683548927
ThighTheta=-0.461718916893005
LowerLegAlpha=-0.0142799615859985
LowerLegTheta=-0.468065589666367

[RightLeg]
ThighAlpha=-0.00356999039649963
ThighTheta=0.817131459712982
LowerLegAlpha=0.00356999784708023
LowerLegTheta=0.18246628344059
