[%General]
Highest=155
CenterX=38.9018520338674
CenterY=200.149538746683
XWidth=62

[LeftLeg]
ThighAlpha=-0.0981747731566429
ThighTheta=0.549778699874878
LowerLegAlpha=-0.0589048638939857
LowerLegTheta=0.431968986988068

[RightLeg]
ThighAlpha=0.0589048638939857
ThighTheta=-0.549778699874878
LowerLegAlpha=0
LowerLegTheta=-0.314159274101257
