[%General]
Highest=154
CenterX=38.4947458595089
CenterY=123.759637350086
XWidth=61

[LeftLeg]
ThighAlpha=-0.00713998079299927
ThighTheta=-0.534705400466919
LowerLegAlpha=0.00356999784708023
LowerLegTheta=-0.537878751754761

[RightLeg]
ThighAlpha=-0.0214199498295784
ThighTheta=0.537878811359406
LowerLegAlpha=-0.082109808921814
LowerLegTheta=0.458545625209808
