[%General]
Highest=144
CenterX=36.4319803963515
CenterY=294.727785448959
XWidth=49

[LeftLeg]
ThighAlpha=-0.0392699092626572
ThighTheta=-0.314159274101257
LowerLegAlpha=-0.0785398185253143
LowerLegTheta=-0.785398185253143

[RightLeg]
ThighAlpha=-0.0196349546313286
ThighTheta=0.785398185253143
LowerLegAlpha=0.0196349546313286
LowerLegTheta=-0.235619455575943
