[%General]
Highest=155
CenterX=39.1471663492681
CenterY=195.660573541473
XWidth=62

[LeftLeg]
ThighAlpha=-0.0999597683548927
ThighTheta=0.46489229798317
LowerLegAlpha=-0.0678298398852348
LowerLegTheta=0.601345300674438

[RightLeg]
ThighAlpha=0.0499798879027367
ThighTheta=-0.537878751754761
LowerLegAlpha=0.00356999784708023
LowerLegTheta=-0.2459327429533
