[%General]
Highest=155
CenterX=34.7482350939866
CenterY=257.230909245556
XWidth=56

[LeftLeg]
ThighAlpha=-0.121379718184471
ThighTheta=-0.295799285173416
LowerLegAlpha=-0.0856797993183136
LowerLegTheta=-0.0727597996592522

[RightLeg]
ThighAlpha=-0.0392699092626572
ThighTheta=0.544678807258606
LowerLegAlpha=-0.103529758751392
LowerLegTheta=0.259079456329346
