[%General]
Highest=156
CenterX=37.5633102717527
CenterY=216.038082772376
XWidth=60

[LeftLeg]
ThighAlpha=-0.0999597683548927
ThighTheta=0.46489229798317
LowerLegAlpha=-0.0856797993183136
LowerLegTheta=0.249106109142303

[RightLeg]
ThighAlpha=0.0499798879027367
ThighTheta=-0.391905754804611
LowerLegAlpha=0.00356999784708023
LowerLegTheta=-0.607691943645477
