[%General]
Highest=143
CenterX=35.5550512151034
CenterY=305.555292227355
XWidth=46

[LeftLeg]
ThighAlpha=-0.0392699092626572
ThighTheta=-0.235619455575943
LowerLegAlpha=-0.0785398185253143
LowerLegTheta=-0.785398185253143

[RightLeg]
ThighAlpha=-0.0196349546313286
ThighTheta=0.785398185253143
LowerLegAlpha=-0.0981747731566429
LowerLegTheta=-0.510508835315704
