[%General]
Highest=157
CenterX=37.4674126822652
CenterY=50.9840895218718
XWidth=58

[LeftLeg]
ThighAlpha=-0.0999597683548927
ThighTheta=0.46489229798317
LowerLegAlpha=-0.0321299210190773
LowerLegTheta=0.249106109142303

[RightLeg]
ThighAlpha=0.0856798067688942
ThighTheta=-0.391905754804611
LowerLegAlpha=0.0249899476766586
LowerLegTheta=-0.747318267822266
