[%General]
Highest=159
CenterX=35.9429205947671
CenterY=235.605135822805
XWidth=57

[LeftLeg]
ThighAlpha=-0.0999597683548927
ThighTheta=0.109479777514935
LowerLegAlpha=-0.0499798804521561
LowerLegTheta=0.172946274280548

[RightLeg]
ThighAlpha=0.0499798879027367
ThighTheta=0.176119610667229
LowerLegAlpha=0.00356999784708023
LowerLegTheta=-0.81395810842514
