[%General]
Highest=149
CenterX=35.7988838480667
CenterY=283.496061198535
XWidth=52

[LeftLeg]
ThighAlpha=-0.0999597683548927
ThighTheta=-0.461718916893005
LowerLegAlpha=-0.0142799615859985
LowerLegTheta=-0.448118954896927

[RightLeg]
ThighAlpha=-0.00356999039649963
ThighTheta=0.807158231735229
LowerLegAlpha=0.021419957280159
LowerLegTheta=0.132599741220474
