[%General]
Highest=158
CenterX=35.9634247590808
CenterY=231.059792438844
XWidth=57

[LeftLeg]
ThighAlpha=-0.117809727787971
ThighTheta=0.199239581823349
LowerLegAlpha=-0.0321299210190773
LowerLegTheta=0.235959500074387

[RightLeg]
ThighAlpha=0.0142799690365791
ThighTheta=0.18291962146759
LowerLegAlpha=-0.0142799615859985
LowerLegTheta=-1.09955739974976
