[%General]
Highest=161
CenterX=37.6391235725559
CenterY=95.8264121914665
XWidth=61

[LeftLeg]
ThighAlpha=-0.0392699092626572
ThighTheta=-0.314159274101257
LowerLegAlpha=0
LowerLegTheta=-0.0785398185253143

[RightLeg]
ThighAlpha=0
ThighTheta=0.471238911151886
LowerLegAlpha=0.0981747731566429
LowerLegTheta=-0.157079637050629
