[%General]
Highest=158
CenterX=37.9661943889656
CenterY=105.718442958058
XWidth=62

[LeftLeg]
ThighAlpha=-0.0196349546313286
ThighTheta=-0.510508835315704
LowerLegAlpha=0
LowerLegTheta=-0.157079637050629

[RightLeg]
ThighAlpha=0.0196349546313286
ThighTheta=0.471238911151886
LowerLegAlpha=-0.0785398185253143
LowerLegTheta=0.353429168462753
