[%General]
Highest=144
CenterX=35.9668133626725
CenterY=300.112722544509
XWidth=48

[LeftLeg]
ThighAlpha=-0.0285599306225777
ThighTheta=-0.182466238737106
LowerLegAlpha=-0.0856797993183136
LowerLegTheta=-0.956757783889771

[RightLeg]
ThighAlpha=0.00713998824357986
ThighTheta=0.817131459712982
LowerLegAlpha=-0.0999597683548927
LowerLegTheta=-0.391905754804611
