[%General]
Highest=159
CenterX=40.8562059438664
CenterY=154.587557127734
XWidth=59

[LeftLeg]
ThighAlpha=-0.00713998079299927
ThighTheta=0.106306441128254
LowerLegAlpha=-0.13922968506813
LowerLegTheta=-1.09955739974976

[RightLeg]
ThighAlpha=0.0321299284696579
ThighTheta=0.179292947053909
LowerLegAlpha=0.021419957280159
LowerLegTheta=0.109479777514935
