[%General]
Highest=157
CenterX=40.1263991410549
CenterY=185.038370688498
XWidth=63

[LeftLeg]
ThighAlpha=-0.0392699092626572
ThighTheta=0.514758884906769
LowerLegAlpha=-0.0856797993183136
LowerLegTheta=0.46171897649765

[RightLeg]
ThighAlpha=0.0499798879027367
ThighTheta=-0.454918920993805
LowerLegAlpha=-0.0142799615859985
LowerLegTheta=-0.123079679906368
