[%General]
Highest=156
CenterX=39.7585438232303
CenterY=190.172255736517
XWidth=63

[LeftLeg]
ThighAlpha=-0.0981747731566429
ThighTheta=0.431968986988068
LowerLegAlpha=-0.0785398185253143
LowerLegTheta=0.706858336925507

[RightLeg]
ThighAlpha=0.0392699092626572
ThighTheta=-0.510508835315704
LowerLegAlpha=0.0196349546313286
LowerLegTheta=-0.196349546313286
