[%General]
Highest=160
CenterX=40.827997842632
CenterY=164.06556001678
XWidth=60

[LeftLeg]
ThighAlpha=-0.0107099711894989
ThighTheta=0.249106109142303
LowerLegAlpha=-0.117809727787971
LowerLegTheta=-0.534705400466919

[RightLeg]
ThighAlpha=0.0107099786400795
ThighTheta=-0.106306403875351
LowerLegAlpha=0.00356999784708023
LowerLegTheta=0.249106109142303
