[%General]
Highest=157
CenterX=37.9341534398663
CenterY=109.954323748956
XWidth=61

[LeftLeg]
ThighAlpha=-0.00713998079299927
ThighTheta=-0.531532108783722
LowerLegAlpha=-0.0107099711894989
LowerLegTheta=-0.255452752113342

[RightLeg]
ThighAlpha=0.0142799690365791
ThighTheta=0.46489229798317
LowerLegAlpha=-0.13922968506813
LowerLegTheta=0.601345300674438
