[%General]
Highest=158
CenterX=37.9661943889656
CenterY=105.718442958058
XWidth=62

[LeftLeg]
ThighAlpha=-0.00713998079299927
ThighTheta=-0.534705400466919
LowerLegAlpha=0.00356999784708023
LowerLegTheta=-0.10313306748867

[RightLeg]
ThighAlpha=0.0142799690365791
ThighTheta=0.46489229798317
LowerLegAlpha=-0.082109808921814
LowerLegTheta=0.388732463121414
