[%General]
Highest=160
CenterX=36.8322392774295
CenterY=71.4772716055476
XWidth=60

[LeftLeg]
ThighAlpha=-0.0606898590922356
ThighTheta=0.109479777514935
LowerLegAlpha=-0.0499798804521561
LowerLegTheta=0.172946274280548

[RightLeg]
ThighAlpha=0.121379725635052
ThighTheta=-0.0396665707230568
LowerLegAlpha=0.00713998824357986
LowerLegTheta=-0.817131459712982
