[%General]
Highest=165
CenterX=42.7812228907234
CenterY=93.3874352875332
XWidth=57

[LeftLeg]
ThighAlpha=-0.0981747731566429
ThighTheta=0.510508835315704
LowerLegAlpha=-0.0981747731566429
LowerLegTheta=0.117809727787971

[RightLeg]
ThighAlpha=0.0981747731566429
ThighTheta=-0.392699092626572
LowerLegAlpha=0.0981747731566429
LowerLegTheta=-0.706858336925507
