[%General]
Highest=165
CenterX=42.3793772866423
CenterY=173.025672615048
XWidth=57

[LeftLeg]
ThighAlpha=-0.0196349546313286
ThighTheta=-0.353429168462753
LowerLegAlpha=-0.0196349546313286
LowerLegTheta=-0.706858336925507

[RightLeg]
ThighAlpha=0.0981747731566429
ThighTheta=0.431968986988068
LowerLegAlpha=0
LowerLegTheta=0.117809727787971
