[%General]
Highest=163
CenterX=42.0040407497104
CenterY=223.975150047383
XWidth=55

[LeftLeg]
ThighAlpha=-0.0785398185253143
ThighTheta=0.431968986988068
LowerLegAlpha=-0.0392699092626572
LowerLegTheta=0.549778699874878

[RightLeg]
ThighAlpha=0.0981747731566429
ThighTheta=-0.431968986988068
LowerLegAlpha=0.0981747731566429
LowerLegTheta=-0.314159274101257
