[%General]
Highest=165
CenterX=42.9063964298996
CenterY=13.2977314986984
XWidth=46

[LeftLeg]
ThighAlpha=-0.0981747731566429
ThighTheta=0.196349546313286
LowerLegAlpha=-0.0981747731566429
LowerLegTheta=0.235619455575943

[RightLeg]
ThighAlpha=0.0589048638939857
ThighTheta=0.117809727787971
LowerLegAlpha=-0.0785398185253143
LowerLegTheta=0.431968986988068
