[%General]
Highest=166
CenterX=42.862969566554
CenterY=209.453280049185
XWidth=57

[LeftLeg]
ThighAlpha=-0.0589048638939857
ThighTheta=0.353429168462753
LowerLegAlpha=0.0981747731566429
LowerLegTheta=0

[RightLeg]
ThighAlpha=0.0981747731566429
ThighTheta=-0.235619455575943
LowerLegAlpha=0.0589048638939857
LowerLegTheta=-0.117809727787971
