[%General]
Highest=172
CenterX=43.7395034232451
CenterY=224.267769254035
XWidth=56

[LeftLeg]
ThighAlpha=-0.0589048638939857
ThighTheta=0.431968986988068
LowerLegAlpha=0.0981747731566429
LowerLegTheta=-0.785398185253143

[RightLeg]
ThighAlpha=0.0981747731566429
ThighTheta=0.117809727787971
LowerLegAlpha=0.0589048638939857
LowerLegTheta=-0.0785398185253143
