[%General]
Highest=172
CenterX=40.0767531750414
CenterY=134.436421300033
XWidth=58

[LeftLeg]
ThighAlpha=-0.0981747731566429
ThighTheta=0.353429168462753
LowerLegAlpha=-0.0981747731566429
LowerLegTheta=-0.117809727787971

[RightLeg]
ThighAlpha=0.0981747731566429
ThighTheta=0.274889349937439
LowerLegAlpha=0.0981747731566429
LowerLegTheta=0.0785398185253143
