[%General]
Highest=175
CenterX=40.9221494027861
CenterY=147.079836581837
XWidth=61

[LeftLeg]
ThighAlpha=-0.0981747731566429
ThighTheta=0.117809727787971
LowerLegAlpha=-0.0981747731566429
LowerLegTheta=-0.196349546313286

[RightLeg]
ThighAlpha=0.0981747731566429
ThighTheta=0.196349546313286
LowerLegAlpha=0.0981747731566429
LowerLegTheta=-0.235619455575943
