[%General]
Highest=169
CenterX=44.0964469370951
CenterY=18.0389640654373
XWidth=49

[LeftLeg]
ThighAlpha=0.0589048638939857
ThighTheta=-0.392699092626572
LowerLegAlpha=-0.0981747731566429
LowerLegTheta=-0.0392699092626572

[RightLeg]
ThighAlpha=-0.0392699092626572
ThighTheta=0.431968986988068
LowerLegAlpha=0
LowerLegTheta=0.314159274101257
