[%General]
Highest=174
CenterX=46.963921349271
CenterY=76.1399370113209
XWidth=57

[LeftLeg]
ThighAlpha=0.0392699092626572
ThighTheta=0.471238911151886
LowerLegAlpha=0.0785398185253143
LowerLegTheta=-0.314159274101257

[RightLeg]
ThighAlpha=0.0981747731566429
ThighTheta=-0.196349546313286
LowerLegAlpha=-0.0196349546313286
LowerLegTheta=-0.117809727787971
