[%General]
Highest=170
CenterX=46.9248993475863
CenterY=50.3270838039304
XWidth=53

[LeftLeg]
ThighAlpha=0.0589048638939857
ThighTheta=-0.235619455575943
LowerLegAlpha=0.0785398185253143
LowerLegTheta=-0.785398185253143

[RightLeg]
ThighAlpha=0.0981747731566429
ThighTheta=0.353429168462753
LowerLegAlpha=0
LowerLegTheta=-0.0785398185253143
