[%General]
Highest=158
CenterX=38.8404915356191
CenterY=280.39680329982
XWidth=50

[LeftLeg]
ThighAlpha=-0.0981747731566429
ThighTheta=0.628318548202515
LowerLegAlpha=0.0196349546313286
LowerLegTheta=0.0785398185253143

[RightLeg]
ThighAlpha=0
ThighTheta=-0.274889349937439
LowerLegAlpha=0.0589048638939857
LowerLegTheta=-0.785398185253143
