[%General]
Highest=169
CenterX=44.732483804371
CenterY=25.0612230369474
XWidth=51

[LeftLeg]
ThighAlpha=0
ThighTheta=-0.628318548202515
LowerLegAlpha=-0.0785398185253143
LowerLegTheta=0

[RightLeg]
ThighAlpha=0
ThighTheta=0.510508835315704
LowerLegAlpha=-0.0196349546313286
LowerLegTheta=0.314159274101257
