[%General]
Highest=173
CenterX=45.9165123864939
CenterY=85.5253334340877
XWidth=57

[LeftLeg]
ThighAlpha=-0.0196349546313286
ThighTheta=0.628318548202515
LowerLegAlpha=0.0785398185253143
LowerLegTheta=-0.0785398185253143

[RightLeg]
ThighAlpha=0.0392699092626572
ThighTheta=-0.353429168462753
LowerLegAlpha=0.0392699092626572
LowerLegTheta=-0.235619455575943
