[%General]
Highest=172
CenterX=43.4804574268149
CenterY=232.556684611219
XWidth=57

[LeftLeg]
ThighAlpha=0.0589048638939857
ThighTheta=0.471238911151886
LowerLegAlpha=0
LowerLegTheta=-0.274889349937439

[RightLeg]
ThighAlpha=0.0981747731566429
ThighTheta=-0.0392699092626572
LowerLegAlpha=0.0785398185253143
LowerLegTheta=-0.196349546313286
