[%General]
Highest=172
CenterX=43.8766517398326
CenterY=10.4251761855821
XWidth=47

[LeftLeg]
ThighAlpha=0.0196349546313286
ThighTheta=-0.235619455575943
LowerLegAlpha=-0.0981747731566429
LowerLegTheta=0

[RightLeg]
ThighAlpha=0
ThighTheta=0.157079637050629
LowerLegAlpha=-0.0785398185253143
LowerLegTheta=-0.117809727787971
