[%General]
Highest=158
CenterX=34.1682791607783
CenterY=243.777693227525
XWidth=57

[LeftLeg]
ThighAlpha=-0.0981747731566429
ThighTheta=0.314159274101257
LowerLegAlpha=0.0785398185253143
LowerLegTheta=0.157079637050629

[RightLeg]
ThighAlpha=0.0981747731566429
ThighTheta=-0.235619455575943
LowerLegAlpha=0
LowerLegTheta=0.0392699092626572
