[%General]
Highest=161
CenterX=36.5103519443841
CenterY=88.4992939387356
XWidth=59

[LeftLeg]
ThighAlpha=0
ThighTheta=-0.157079637050629
LowerLegAlpha=0.0392699092626572
LowerLegTheta=-0.706858336925507

[RightLeg]
ThighAlpha=0.157079637050629
ThighTheta=0.235619455575943
LowerLegAlpha=0
LowerLegTheta=0
