[%General]
Highest=160
CenterX=33.1115547155387
CenterY=174.639215103315
XWidth=59

[LeftLeg]
ThighAlpha=-0.0981747731566429
ThighTheta=-0.157079637050629
LowerLegAlpha=-0.0981747731566429
LowerLegTheta=-0.117809727787971

[RightLeg]
ThighAlpha=0.0392699092626572
ThighTheta=0.431968986988068
LowerLegAlpha=0.0392699092626572
LowerLegTheta=-0.274889349937439
