[%General]
Highest=155
CenterX=33.6784843545845
CenterY=267.26426810706
XWidth=52

[LeftLeg]
ThighAlpha=-0.0785398185253143
ThighTheta=0.454919010400772
LowerLegAlpha=-0.13922968506813
LowerLegTheta=0.438599050045013

[RightLeg]
ThighAlpha=0.0499798879027367
ThighTheta=-0.37875908613205
LowerLegAlpha=0.0999597758054733
LowerLegTheta=-0.454918920993805
