[%General]
Highest=156
CenterX=32.0259190502655
CenterY=196.198756074777
XWidth=58

[LeftLeg]
ThighAlpha=-0.0999597683548927
ThighTheta=-0.468065589666367
LowerLegAlpha=-0.0678298398852348
LowerLegTheta=-0.172946244478226

[RightLeg]
ThighAlpha=-0.0214199498295784
ThighTheta=0.46489229798317
LowerLegAlpha=0.00356999784708023
LowerLegTheta=0.46171897649765
