[%General]
Highest=154
CenterX=32.7652213575861
CenterY=279.49508631771
XWidth=49

[LeftLeg]
ThighAlpha=-0.117809727787971
ThighTheta=0.46171897649765
LowerLegAlpha=-0.0142799615859985
LowerLegTheta=0.106306441128254

[RightLeg]
ThighAlpha=0.0107099786400795
ThighTheta=-0.2522794008255
LowerLegAlpha=0.0428399071097374
LowerLegTheta=-0.674331784248352
