[%General]
Highest=154
CenterX=33.1244135319779
CenterY=275.389195269844
XWidth=50

[LeftLeg]
ThighAlpha=-0.0785398185253143
ThighTheta=0.424999058246613
LowerLegAlpha=-0.103529758751392
LowerLegTheta=0.288999378681183

[RightLeg]
ThighAlpha=0.0499798879027367
ThighTheta=-0.371959120035172
LowerLegAlpha=0.0249899476766586
LowerLegTheta=-0.484838873147964
