[%General]
Highest=154
CenterX=33.5862028115622
CenterY=263.611778023482
XWidth=53

[LeftLeg]
ThighAlpha=-0.157079637050629
ThighTheta=0.549778699874878
LowerLegAlpha=-0.0392699092626572
LowerLegTheta=0.314159274101257

[RightLeg]
ThighAlpha=0.0392699092626572
ThighTheta=-0.392699092626572
LowerLegAlpha=0.157079637050629
LowerLegTheta=-0.392699092626572
