[%General]
Highest=160
CenterX=32.8065332338534
CenterY=178.194461565078
XWidth=59

[LeftLeg]
ThighAlpha=-0.117809727787971
ThighTheta=-0.235619455575943
LowerLegAlpha=-0.0785398185253143
LowerLegTheta=-0.0785398185253143

[RightLeg]
ThighAlpha=0.0392699092626572
ThighTheta=0.471238911151886
LowerLegAlpha=0
LowerLegTheta=-0.0785398185253143
