[%General]
Highest=158
CenterX=35.835382102639
CenterY=69.1909223759993
XWidth=55

[LeftLeg]
ThighAlpha=0.0249899476766586
ThighTheta=-0.531532108783722
LowerLegAlpha=-0.0642598494887352
LowerLegTheta=-0.325265914201736

[RightLeg]
ThighAlpha=0.121379725635052
ThighTheta=0.46171897649765
LowerLegAlpha=-0.00713998079299927
LowerLegTheta=0.179292947053909
