[%General]
Highest=160
CenterX=32.8814593949908
CenterY=149.799284397701
XWidth=58

[LeftLeg]
ThighAlpha=-0.157079637050629
ThighTheta=0.471238911151886
LowerLegAlpha=0
LowerLegTheta=-0.0785398185253143

[RightLeg]
ThighAlpha=0.0785398185253143
ThighTheta=-0.235619455575943
LowerLegAlpha=0.0392699092626572
LowerLegTheta=-0.706858336925507
