[%General]
Highest=158
CenterX=34.1755870304426
CenterY=240.483225789178
XWidth=57

[LeftLeg]
ThighAlpha=-0.0999597683548927
ThighTheta=0.401879131793976
LowerLegAlpha=0.0428399071097374
LowerLegTheta=-0.192439526319504

[RightLeg]
ThighAlpha=0.121379725635052
ThighTheta=-0.146199628710747
LowerLegAlpha=-0.0107099711894989
LowerLegTheta=0.0333199612796307
