[%General]
Highest=161
CenterX=37.4565408940495
CenterY=29.7722778093243
XWidth=49

[LeftLeg]
ThighAlpha=0.0142799690365791
ThighTheta=0.0396666079759598
LowerLegAlpha=-0.0856797993183136
LowerLegTheta=-0.0396665707230568

[RightLeg]
ThighAlpha=0.121379725635052
ThighTheta=0.176119610667229
LowerLegAlpha=-0.0678298398852348
LowerLegTheta=-0.886944591999054
