[%General]
Highest=160
CenterX=34.9170584754425
CenterY=120.598708913874
XWidth=61

[LeftLeg]
ThighAlpha=-0.117809727787971
ThighTheta=0.46489229798317
LowerLegAlpha=0.00356999784708023
LowerLegTheta=0.245932787656784

[RightLeg]
ThighAlpha=0.0999597758054733
ThighTheta=-0.322092592716217
LowerLegAlpha=0.021419957280159
LowerLegTheta=-0.2459327429533
