[%General]
Highest=162
CenterX=35.4146810402312
CenterY=107.080951322516
XWidth=60

[LeftLeg]
ThighAlpha=-0.117809727787971
ThighTheta=0.392699092626572
LowerLegAlpha=0.157079637050629
LowerLegTheta=-0.392699092626572

[RightLeg]
ThighAlpha=0.0785398185253143
ThighTheta=-0.0785398185253143
LowerLegAlpha=0.117809727787971
LowerLegTheta=-0.157079637050629
