[%General]
Highest=160
CenterX=36.47823800837
CenterY=85.0603390921773
XWidth=59

[LeftLeg]
ThighAlpha=0.0196349546313286
ThighTheta=-0.196349546313286
LowerLegAlpha=0
LowerLegTheta=-0.785398185253143

[RightLeg]
ThighAlpha=0.0981747731566429
ThighTheta=0.274889349937439
LowerLegAlpha=0.0589048638939857
LowerLegTheta=0.0392699092626572
