[%General]
Highest=161
CenterX=36.5103519443841
CenterY=88.4992939387356
XWidth=59

[LeftLeg]
ThighAlpha=0.0142799690365791
ThighTheta=-0.109479740262032
LowerLegAlpha=0.00356999784708023
LowerLegTheta=-0.817131459712982

[RightLeg]
ThighAlpha=0.13922968506813
ThighTheta=0.249106109142303
LowerLegAlpha=0.0249899476766586
LowerLegTheta=-0.0333198979496956
