[%General]
Highest=154
CenterX=33.426838831801
CenterY=271.206922660898
XWidth=50

[LeftLeg]
ThighAlpha=-0.0999597683548927
ThighTheta=0.46489229798317
LowerLegAlpha=-0.0856797993183136
LowerLegTheta=0.31891930103302

[RightLeg]
ThighAlpha=0.0821098163723946
ThighTheta=-0.461718916893005
LowerLegAlpha=0.0249899476766586
LowerLegTheta=-0.395079076290131
