[%General]
Highest=162
CenterX=35.8947799408226
CenterY=95.3395058358537
XWidth=59

[LeftLeg]
ThighAlpha=-0.0785398185253143
ThighTheta=0.0785398185253143
LowerLegAlpha=0.157079637050629
LowerLegTheta=-0.706858336925507

[RightLeg]
ThighAlpha=0.0785398185253143
ThighTheta=0.0785398185253143
LowerLegAlpha=0.117809727787971
LowerLegTheta=0
