[%General]
Highest=160
CenterX=36.47823800837
CenterY=85.0603390921773
XWidth=59

[LeftLeg]
ThighAlpha=0.0107099786400795
ThighTheta=-0.179292917251587
LowerLegAlpha=0.0249899476766586
LowerLegTheta=-0.820304751396179

[RightLeg]
ThighAlpha=0.13922968506813
ThighTheta=0.252279460430145
LowerLegAlpha=0.00356999784708023
LowerLegTheta=0.106306441128254
