[%General]
Highest=160
CenterX=32.8814593949908
CenterY=149.799284397701
XWidth=58

[LeftLeg]
ThighAlpha=-0.0981747731566429
ThighTheta=0.431968986988068
LowerLegAlpha=-0.0785398185253143
LowerLegTheta=-0.0785398185253143

[RightLeg]
ThighAlpha=0.0785398185253143
ThighTheta=-0.196349546313286
LowerLegAlpha=0.0589048638939857
LowerLegTheta=-0.785398185253143
