[%General]
Highest=158
CenterX=34.4643518861632
CenterY=226.06178512315
XWidth=56

[LeftLeg]
ThighAlpha=-0.0606898590922356
ThighTheta=0.245932787656784
LowerLegAlpha=-0.103529758751392
LowerLegTheta=-1.09955739974976

[RightLeg]
ThighAlpha=0.121379725635052
ThighTheta=0.179292947053909
LowerLegAlpha=0.00713998824357986
LowerLegTheta=-0.0364932343363762
