[%General]
Highest=162
CenterX=35.0416135554481
CenterY=113.88469737594
XWidth=61

[LeftLeg]
ThighAlpha=-0.0606898590922356
ThighTheta=0.395079135894775
LowerLegAlpha=0.00356999784708023
LowerLegTheta=0.030146598815918

[RightLeg]
ThighAlpha=0.103529766201973
ThighTheta=-0.318919241428375
LowerLegAlpha=0.00713998824357986
LowerLegTheta=-0.0364932343363762
