[%General]
Highest=156
CenterX=32.1738449490995
CenterY=203.495548460936
XWidth=58

[LeftLeg]
ThighAlpha=-0.117809727787971
ThighTheta=-0.471238911151886
LowerLegAlpha=-0.0392699092626572
LowerLegTheta=-0.392699092626572

[RightLeg]
ThighAlpha=0.0785398185253143
ThighTheta=0.471238911151886
LowerLegAlpha=0
LowerLegTheta=0.235619455575943
