[%General]
Highest=162
CenterX=35.5523897760096
CenterY=103.254008392828
XWidth=59

[LeftLeg]
ThighAlpha=-0.0785398185253143
ThighTheta=0.314159274101257
LowerLegAlpha=0.0785398185253143
LowerLegTheta=-0.471238911151886

[RightLeg]
ThighAlpha=0.0392699092626572
ThighTheta=-0.0785398185253143
LowerLegAlpha=0.196349546313286
LowerLegTheta=-0.0785398185253143
