[%General]
Highest=160
CenterX=36.422893974218
CenterY=49.0629259518337
XWidth=53

[LeftLeg]
ThighAlpha=-0.024989940226078
ThighTheta=-0.348839163780212
LowerLegAlpha=-0.0642598494887352
LowerLegTheta=-0.132599666714668

[RightLeg]
ThighAlpha=0.0856798067688942
ThighTheta=0.395079135894775
LowerLegAlpha=-0.0142799615859985
LowerLegTheta=-0.0496398508548737
