[%General]
Highest=154
CenterX=33.1244135319779
CenterY=275.389195269844
XWidth=50

[LeftLeg]
ThighAlpha=-0.0785398185253143
ThighTheta=0.46489229798317
LowerLegAlpha=-0.0678298398852348
LowerLegTheta=0.249106109142303

[RightLeg]
ThighAlpha=0.0321299284696579
ThighTheta=-0.391905754804611
LowerLegAlpha=0.0606898665428162
LowerLegTheta=-0.464892268180847
