[%General]
Highest=157
CenterX=33.9666055869264
CenterY=222.677760741932
XWidth=56

[LeftLeg]
ThighAlpha=-0.0107099711894989
ThighTheta=0.0333199352025986
LowerLegAlpha=-0.0999597683548927
LowerLegTheta=-1.02974426746368

[RightLeg]
ThighAlpha=0.0142799690365791
ThighTheta=0.179292947053909
LowerLegAlpha=0.0999597758054733
LowerLegTheta=0.103133104741573
