[%General]
Highest=158
CenterX=34.1755870304426
CenterY=240.483225789178
XWidth=57

[LeftLeg]
ThighAlpha=-0.0785398185253143
ThighTheta=0.392699092626572
LowerLegAlpha=0.0785398185253143
LowerLegTheta=-0.157079637050629

[RightLeg]
ThighAlpha=0.117809727787971
ThighTheta=-0.157079637050629
LowerLegAlpha=0
LowerLegTheta=0
