[%General]
Highest=154
CenterX=33.5862028115622
CenterY=263.611778023482
XWidth=53

[LeftLeg]
ThighAlpha=-0.117809727787971
ThighTheta=0.46489229798317
LowerLegAlpha=-0.0142799615859985
LowerLegTheta=0.46171897649765

[RightLeg]
ThighAlpha=0.0856798067688942
ThighTheta=-0.464892268180847
LowerLegAlpha=0.0428399071097374
LowerLegTheta=-0.24275940656662
