[%General]
Highest=161
CenterX=33.195860649651
CenterY=167.760995480873
XWidth=58

[LeftLeg]
ThighAlpha=-0.0785398185253143
ThighTheta=0.0364932715892792
LowerLegAlpha=-0.13922968506813
LowerLegTheta=-0.109479740262032

[RightLeg]
ThighAlpha=0.0856798067688942
ThighTheta=0.322092622518539
LowerLegAlpha=0.13922968506813
LowerLegTheta=-0.461718916893005
