[%General]
Highest=158
CenterX=34.4267678713622
CenterY=237.301995838792
XWidth=58

[LeftLeg]
ThighAlpha=-0.0785398185253143
ThighTheta=0.342039257287979
LowerLegAlpha=-0.0142799615859985
LowerLegTheta=-0.371959120035172

[RightLeg]
ThighAlpha=0.13922968506813
ThighTheta=-0.0863597691059113
LowerLegAlpha=0.0321299284696579
LowerLegTheta=-0.00339995324611664
