[%General]
Highest=155
CenterX=33.9988186876
CenterY=254.18062647664
XWidth=56

[LeftLeg]
ThighAlpha=-0.0785398185253143
ThighTheta=0.471238911151886
LowerLegAlpha=-0.0589048638939857
LowerLegTheta=0.471238911151886

[RightLeg]
ThighAlpha=0.0785398185253143
ThighTheta=-0.392699092626572
LowerLegAlpha=0.0785398185253143
LowerLegTheta=-0.0785398185253143
