[%General]
Highest=158
CenterX=35.6280416159286
CenterY=65.0884124847786
XWidth=54

[LeftLeg]
ThighAlpha=-0.0107099711894989
ThighTheta=-0.431798994541168
LowerLegAlpha=-0.0464098900556564
LowerLegTheta=-0.358359158039093

[RightLeg]
ThighAlpha=0.103529766201973
ThighTheta=0.49163892865181
LowerLegAlpha=0.00356999784708023
LowerLegTheta=0.245479479432106
