[%General]
Highest=162
CenterX=35.8947799408226
CenterY=95.3395058358537
XWidth=59

[LeftLeg]
ThighAlpha=-0.024989940226078
ThighTheta=0.179292947053909
LowerLegAlpha=-0.13922968506813
LowerLegTheta=-0.956757783889771

[RightLeg]
ThighAlpha=0.0856798067688942
ThighTheta=0.106306441128254
LowerLegAlpha=0.13922968506813
LowerLegTheta=-0.106306403875351
