[%General]
Highest=156
CenterX=32.5835093084784
CenterY=207.135221728683
XWidth=57

[LeftLeg]
ThighAlpha=-0.0785398185253143
ThighTheta=-0.401879042387009
LowerLegAlpha=-0.0321299210190773
LowerLegTheta=-0.484838873147964

[RightLeg]
ThighAlpha=0.0856798067688942
ThighTheta=0.431799054145813
LowerLegAlpha=-0.0142799615859985
LowerLegTheta=0.229159519076347
