[%General]
Highest=158
CenterX=35.6286061406968
CenterY=61.7191712936813
XWidth=54

[LeftLeg]
ThighAlpha=-0.00713998079299927
ThighTheta=-0.464892268180847
LowerLegAlpha=-0.0856797993183136
LowerLegTheta=-0.24275940656662

[RightLeg]
ThighAlpha=0.103529766201973
ThighTheta=0.46171897649765
LowerLegAlpha=-0.0321299210190773
LowerLegTheta=0.395079135894775
