[%General]
Highest=158
CenterX=34.4784382427168
CenterY=233.717663489574
XWidth=56

[LeftLeg]
ThighAlpha=-0.0981747731566429
ThighTheta=0.392699092626572
LowerLegAlpha=-0.0785398185253143
LowerLegTheta=-0.510508835315704

[RightLeg]
ThighAlpha=0.0981747731566429
ThighTheta=0
LowerLegAlpha=0.0981747731566429
LowerLegTheta=0
