[%General]
Highest=146
CenterX=31.6476131796732
CenterY=300.923305280551
XWidth=42

[LeftLeg]
ThighAlpha=-0.157079637050629
ThighTheta=-0.157079637050629
LowerLegAlpha=0
LowerLegTheta=0.157079637050629

[RightLeg]
ThighAlpha=0.0392699092626572
ThighTheta=0.392699092626572
LowerLegAlpha=0
LowerLegTheta=-0.471238911151886
