[%General]
Highest=160
CenterX=33.2970305526948
CenterY=145.404812478544
XWidth=59

[LeftLeg]
ThighAlpha=-0.0785398185253143
ThighTheta=0.484838932752609
LowerLegAlpha=-0.0678298398852348
LowerLegTheta=0.00340002961456776

[RightLeg]
ThighAlpha=0.103529766201973
ThighTheta=-0.348839163780212
LowerLegAlpha=0.021419957280159
LowerLegTheta=-0.567798674106598
