[%General]
Highest=160
CenterX=34.7682169450376
CenterY=123.956114585478
XWidth=61

[LeftLeg]
ThighAlpha=-0.0785398185253143
ThighTheta=0.395079135894775
LowerLegAlpha=-0.13922968506813
LowerLegTheta=0.49163892865181

[RightLeg]
ThighAlpha=0.121379725635052
ThighTheta=-0.395079076290131
LowerLegAlpha=0.0249899476766586
LowerLegTheta=-0.24275940656662
