[%General]
Highest=161
CenterX=33.1396204921578
CenterY=171.24570970498
XWidth=58

[LeftLeg]
ThighAlpha=-0.117809727787971
ThighTheta=-0.0364932343363762
LowerLegAlpha=-0.117809727787971
LowerLegTheta=-0.10313306748867

[RightLeg]
ThighAlpha=0.0499798879027367
ThighTheta=0.391905784606934
LowerLegAlpha=0.00713998824357986
LowerLegTheta=-0.325265914201736
