[%General]
Highest=156
CenterX=32.0418318292991
CenterY=199.750743984867
XWidth=58

[LeftLeg]
ThighAlpha=-0.0999597683548927
ThighTheta=-0.461718916893005
LowerLegAlpha=-0.0499798804521561
LowerLegTheta=-0.398252427577972

[RightLeg]
ThighAlpha=0.0321299284696579
ThighTheta=0.46489229798317
LowerLegAlpha=0.0249899476766586
LowerLegTheta=0.31891930103302
