[%General]
Highest=162
CenterX=36.9891457743344
CenterY=37.6876237201769
XWidth=50

[LeftLeg]
ThighAlpha=-0.0606898590922356
ThighTheta=-0.0564398318529129
LowerLegAlpha=-0.157079637050629
LowerLegTheta=-0.288999319076538

[RightLeg]
ThighAlpha=0.0856798067688942
ThighTheta=0.342039257287979
LowerLegAlpha=0.0606898665428162
LowerLegTheta=-0.641238510608673
