[%General]
Highest=161
CenterX=37.2469552073947
CenterY=33.5675474038117
XWidth=49

[LeftLeg]
ThighAlpha=-0.0392699092626572
ThighTheta=-0.0333198979496956
LowerLegAlpha=-0.082109808921814
LowerLegTheta=-0.109479740262032

[RightLeg]
ThighAlpha=0.103529766201973
ThighTheta=0.179292947053909
LowerLegAlpha=0.046409897506237
LowerLegTheta=-0.537878751754761
