[%General]
Highest=160
CenterX=32.8065332338534
CenterY=178.194461565078
XWidth=59

[LeftLeg]
ThighAlpha=-0.117809727787971
ThighTheta=-0.235959425568581
LowerLegAlpha=-0.0499798804521561
LowerLegTheta=-0.0795597806572914

[RightLeg]
ThighAlpha=0.0142799690365791
ThighTheta=0.431799054145813
LowerLegAlpha=0.00356999784708023
LowerLegTheta=0.0265199784189463
