[%General]
Highest=141
CenterX=31.4979552647488
CenterY=305.48195298887
XWidth=41

[LeftLeg]
ThighAlpha=-0.157079637050629
ThighTheta=-0.109479740262032
LowerLegAlpha=0.00356999784708023
LowerLegTheta=-0.030146561563015

[RightLeg]
ThighAlpha=-0.0606898590922356
ThighTheta=0.74731832742691
LowerLegAlpha=0.0999597758054733
LowerLegTheta=-0.534705400466919
