[%General]
Highest=146
CenterX=31.6476131796732
CenterY=300.923305280551
XWidth=42

[LeftLeg]
ThighAlpha=-0.117809727787971
ThighTheta=-0.109479740262032
LowerLegAlpha=-0.0321299210190773
LowerLegTheta=0.106306441128254

[RightLeg]
ThighAlpha=0.046409897506237
ThighTheta=0.395079135894775
LowerLegAlpha=-0.024989940226078
LowerLegTheta=-0.468065589666367
