[%General]
Highest=162
CenterX=35.5523897760096
CenterY=103.254008392828
XWidth=59

[LeftLeg]
ThighAlpha=-0.0642598494887352
ThighTheta=0.31891930103302
LowerLegAlpha=0.00356999784708023
LowerLegTheta=-0.537878751754761

[RightLeg]
ThighAlpha=0.103529766201973
ThighTheta=0.0333199352025986
LowerLegAlpha=0.0999597758054733
LowerLegTheta=-0.176119565963745
