[%General]
Highest=154
CenterX=31.4927215650953
CenterY=291.552829913771
XWidth=45

[LeftLeg]
ThighAlpha=-0.117809727787971
ThighTheta=0
LowerLegAlpha=0
LowerLegTheta=0.392699092626572

[RightLeg]
ThighAlpha=0.196349546313286
ThighTheta=0.314159274101257
LowerLegAlpha=0.0785398185253143
LowerLegTheta=-0.0785398185253143
