[%General]
Highest=159
CenterX=33.9435277962538
CenterY=137.671412019654
XWidth=60

[LeftLeg]
ThighAlpha=-0.0999597683548927
ThighTheta=0.534705460071564
LowerLegAlpha=-0.0642598494887352
LowerLegTheta=0.106306441128254

[RightLeg]
ThighAlpha=0.103529766201973
ThighTheta=-0.322092592716217
LowerLegAlpha=0.0642598569393158
LowerLegTheta=-0.607691943645477
