[%General]
Highest=154
CenterX=33.955475549109
CenterY=257.339670534604
XWidth=54

[LeftLeg]
ThighAlpha=-0.0785398185253143
ThighTheta=0.46171897649765
LowerLegAlpha=-0.0142799615859985
LowerLegTheta=0.537878811359406

[RightLeg]
ThighAlpha=0.0678298473358154
ThighTheta=-0.388732433319092
LowerLegAlpha=0.103529766201973
LowerLegTheta=-0.182466238737106
