[%General]
Highest=157
CenterX=32.7522824545025
CenterY=211.157292336045
XWidth=56

[LeftLeg]
ThighAlpha=-0.0642598494887352
ThighTheta=-0.318919241428375
LowerLegAlpha=-0.0142799615859985
LowerLegTheta=-0.607691943645477

[RightLeg]
ThighAlpha=0.0678298473358154
ThighTheta=0.391905784606934
LowerLegAlpha=0.021419957280159
LowerLegTheta=0.179292947053909
