[%General]
Highest=154
CenterX=33.7927227593415
CenterY=260.412124379409
XWidth=54

[LeftLeg]
ThighAlpha=-0.157079637050629
ThighTheta=0.471238911151886
LowerLegAlpha=-0.0392699092626572
LowerLegTheta=0.471238911151886

[RightLeg]
ThighAlpha=0.0392699092626572
ThighTheta=-0.392699092626572
LowerLegAlpha=0.157079637050629
LowerLegTheta=-0.314159274101257
