[%General]
Highest=161
CenterX=32.5671222739738
CenterY=153.476363557219
XWidth=56

[LeftLeg]
ThighAlpha=-0.0464098900556564
ThighTheta=0.31891930103302
LowerLegAlpha=-0.157079637050629
LowerLegTheta=-0.0364932343363762

[RightLeg]
ThighAlpha=0.0642598569393158
ThighTheta=-0.176119565963745
LowerLegAlpha=-0.0142799615859985
LowerLegTheta=-0.680678427219391
