[%General]
Highest=152
CenterX=31.2279665516326
CenterY=294.877462171489
XWidth=44

[LeftLeg]
ThighAlpha=-0.157079637050629
ThighTheta=0
LowerLegAlpha=0
LowerLegTheta=0.235619455575943

[RightLeg]
ThighAlpha=0.157079637050629
ThighTheta=0
LowerLegAlpha=0.117809727787971
LowerLegTheta=0.235619455575943
