[%General]
Highest=158
CenterX=35.6286061406968
CenterY=61.7191712936813
XWidth=54

[LeftLeg]
ThighAlpha=0
ThighTheta=-0.392699092626572
LowerLegAlpha=-0.0785398185253143
LowerLegTheta=-0.392699092626572

[RightLeg]
ThighAlpha=0.0785398185253143
ThighTheta=0.471238911151886
LowerLegAlpha=0
LowerLegTheta=0.392699092626572
