[%General]
Highest=160
CenterX=36.422893974218
CenterY=49.0629259518337
XWidth=53

[LeftLeg]
ThighAlpha=-0.00713998079299927
ThighTheta=-0.318919241428375
LowerLegAlpha=-0.082109808921814
LowerLegTheta=-0.182466238737106

[RightLeg]
ThighAlpha=0.0856798067688942
ThighTheta=0.395079135894775
LowerLegAlpha=-0.0321299210190773
LowerLegTheta=-0.0396665707230568
