[%General]
Highest=156
CenterX=32.0259190502655
CenterY=196.198756074777
XWidth=58

[LeftLeg]
ThighAlpha=-0.0785398185253143
ThighTheta=-0.471238911151886
LowerLegAlpha=-0.0785398185253143
LowerLegTheta=-0.196349546313286

[RightLeg]
ThighAlpha=-0.0392699092626572
ThighTheta=0.431968986988068
LowerLegAlpha=0.0589048638939857
LowerLegTheta=0.471238911151886
