[%General]
Highest=161
CenterX=36.6782755162644
CenterY=41.3457048554654
XWidth=51

[LeftLeg]
ThighAlpha=0
ThighTheta=-0.157079637050629
LowerLegAlpha=-0.157079637050629
LowerLegTheta=-0.157079637050629

[RightLeg]
ThighAlpha=0.117809727787971
ThighTheta=0.314159274101257
LowerLegAlpha=-0.0785398185253143
LowerLegTheta=-0.314159274101257
