[%General]
Highest=154
CenterX=32.7652213575861
CenterY=279.49508631771
XWidth=49

[LeftLeg]
ThighAlpha=-0.117809727787971
ThighTheta=0.392699092626572
LowerLegAlpha=-0.0392699092626572
LowerLegTheta=0.235619455575943

[RightLeg]
ThighAlpha=-0.0392699092626572
ThighTheta=-0.235619455575943
LowerLegAlpha=0.157079637050629
LowerLegTheta=-0.706858336925507
