[%General]
Highest=155
CenterX=33.6784843545845
CenterY=267.26426810706
XWidth=52

[LeftLeg]
ThighAlpha=-0.157079637050629
ThighTheta=0.471238911151886
LowerLegAlpha=-0.0785398185253143
LowerLegTheta=0.392699092626572

[RightLeg]
ThighAlpha=0.0392699092626572
ThighTheta=-0.392699092626572
LowerLegAlpha=0.117809727787971
LowerLegTheta=-0.392699092626572
