[%General]
Highest=160
CenterX=34.7682169450376
CenterY=123.956114585478
XWidth=61

[LeftLeg]
ThighAlpha=-0.117809727787971
ThighTheta=0.392699092626572
LowerLegAlpha=-0.0785398185253143
LowerLegTheta=0.471238911151886

[RightLeg]
ThighAlpha=0.117809727787971
ThighTheta=-0.392699092626572
LowerLegAlpha=0.0392699092626572
LowerLegTheta=-0.235619455575943
