[%General]
Highest=158
CenterX=35.835382102639
CenterY=69.1909223759993
XWidth=55

[LeftLeg]
ThighAlpha=0.0249899476766586
ThighTheta=-0.52155876159668
LowerLegAlpha=-0.0642598494887352
LowerLegTheta=-0.305319279432297

[RightLeg]
ThighAlpha=0.121379725635052
ThighTheta=0.46171897649765
LowerLegAlpha=-0.00713998079299927
LowerLegTheta=0.199239581823349
