[%General]
Highest=158
CenterX=34.4267678713622
CenterY=237.301995838792
XWidth=58

[LeftLeg]
ThighAlpha=-0.0785398185253143
ThighTheta=0.391905784606934
LowerLegAlpha=0.00356999784708023
LowerLegTheta=-0.461718916893005

[RightLeg]
ThighAlpha=0.121379725635052
ThighTheta=-0.0333198979496956
LowerLegAlpha=0.0821098163723946
LowerLegTheta=-0.106306403875351
