[%General]
Highest=155
CenterX=32.5133119909227
CenterY=283.623779227621
XWidth=48

[LeftLeg]
ThighAlpha=-0.0606898590922356
ThighTheta=0.282199382781982
LowerLegAlpha=-0.103529758751392
LowerLegTheta=0.265879422426224

[RightLeg]
ThighAlpha=-0.0214199498295784
ThighTheta=0.0931598246097565
LowerLegAlpha=0.021419957280159
LowerLegTheta=-1.03971755504608
