[%General]
Highest=157
CenterX=34.0640641310457
CenterY=247.203715103985
XWidth=57

[LeftLeg]
ThighAlpha=-0.0392699092626572
ThighTheta=0.401879131793976
LowerLegAlpha=0.00356999784708023
LowerLegTheta=0.259079456329346

[RightLeg]
ThighAlpha=0.0856798067688942
ThighTheta=-0.288999319076538
LowerLegAlpha=0.0606898665428162
LowerLegTheta=-0.0496398508548737
