[%General]
Highest=162
CenterX=36.9891457743344
CenterY=37.6876237201769
XWidth=50

[LeftLeg]
ThighAlpha=-0.0428398996591568
ThighTheta=-0.0364932343363762
LowerLegAlpha=-0.157079637050629
LowerLegTheta=-0.318919241428375

[RightLeg]
ThighAlpha=0.0678298473358154
ThighTheta=0.322092622518539
LowerLegAlpha=0.0606898665428162
LowerLegTheta=-0.601345241069794
