[%General]
Highest=158
CenterX=35.835382102639
CenterY=69.1909223759993
XWidth=55

[LeftLeg]
ThighAlpha=0
ThighTheta=-0.471238911151886
LowerLegAlpha=-0.0392699092626572
LowerLegTheta=-0.392699092626572

[RightLeg]
ThighAlpha=0.117809727787971
ThighTheta=0.471238911151886
LowerLegAlpha=0
LowerLegTheta=0.235619455575943
