[%General]
Highest=145
CenterX=31.654026650762
CenterY=303.642992795819
XWidth=42

[LeftLeg]
ThighAlpha=-0.157079637050629
ThighTheta=-0.0564398318529129
LowerLegAlpha=0.021419957280159
LowerLegTheta=-0.0265199020504951

[RightLeg]
ThighAlpha=-0.024989940226078
ThighTheta=0.567798733711243
LowerLegAlpha=0.13922968506813
LowerLegTheta=-0.574598670005798
