[%General]
Highest=158
CenterX=34.1240030789626
CenterY=133.913789048301
XWidth=60

[LeftLeg]
ThighAlpha=-0.157079637050629
ThighTheta=0.628318548202515
LowerLegAlpha=-0.0785398185253143
LowerLegTheta=0.0785398185253143

[RightLeg]
ThighAlpha=0.0392699092626572
ThighTheta=-0.392699092626572
LowerLegAlpha=0.157079637050629
LowerLegTheta=-0.471238911151886
