[%General]
Highest=161
CenterX=36.5103519443841
CenterY=88.4992939387356
XWidth=59

[LeftLeg]
ThighAlpha=0.0142799690365791
ThighTheta=-0.0795597806572914
LowerLegAlpha=0.00356999784708023
LowerLegTheta=-0.866998016834259

[RightLeg]
ThighAlpha=0.13922968506813
ThighTheta=0.229159519076347
LowerLegAlpha=-0.0107099711894989
LowerLegTheta=-0.00339995324611664
