[%General]
Highest=161
CenterX=36.6782755162644
CenterY=41.3457048554654
XWidth=51

[LeftLeg]
ThighAlpha=0.00713998824357986
ThighTheta=-0.146199628710747
LowerLegAlpha=-0.157079637050629
LowerLegTheta=-0.169319570064545

[RightLeg]
ThighAlpha=0.103529766201973
ThighTheta=0.371959179639816
LowerLegAlpha=-0.00713998079299927
LowerLegTheta=-0.501158833503723
