[%General]
Highest=161
CenterX=36.434327449787
CenterY=91.8997842084878
XWidth=60

[LeftLeg]
ThighAlpha=-0.0214199498295784
ThighTheta=0.176119610667229
LowerLegAlpha=-0.0499798804521561
LowerLegTheta=-1.09955739974976

[RightLeg]
ThighAlpha=0.121379725635052
ThighTheta=0.179292947053909
LowerLegAlpha=0.0606898665428162
LowerLegTheta=-0.0333198979496956
