[%General]
Highest=162
CenterX=35.1558342457118
CenterY=110.482333034737
XWidth=61

[LeftLeg]
ThighAlpha=-0.082109808921814
ThighTheta=0.31891930103302
LowerLegAlpha=0.0606898665428162
LowerLegTheta=-0.0333198979496956

[RightLeg]
ThighAlpha=0.103529766201973
ThighTheta=-0.2459327429533
LowerLegAlpha=0.0107099786400795
LowerLegTheta=-0.0364932343363762
