[%General]
Highest=141
CenterX=31.4979552647488
CenterY=305.48195298887
XWidth=41

[LeftLeg]
ThighAlpha=-0.0785398185253143
ThighTheta=-0.157079637050629
LowerLegAlpha=-0.0981747731566429
LowerLegTheta=0.0785398185253143

[RightLeg]
ThighAlpha=-0.0785398185253143
ThighTheta=0.785398185253143
LowerLegAlpha=0.0981747731566429
LowerLegTheta=-0.549778699874878
