[%General]
Highest=160
CenterX=33.1115547155387
CenterY=174.639215103315
XWidth=59

[LeftLeg]
ThighAlpha=-0.117809727787971
ThighTheta=-0.157079637050629
LowerLegAlpha=-0.0785398185253143
LowerLegTheta=-0.0785398185253143

[RightLeg]
ThighAlpha=0.0392699092626572
ThighTheta=0.392699092626572
LowerLegAlpha=0.0392699092626572
LowerLegTheta=-0.157079637050629
