[%General]
Highest=159
CenterX=36.2365628134058
CenterY=77.117746894872
XWidth=56

[LeftLeg]
ThighAlpha=0.0196349546313286
ThighTheta=-0.353429168462753
LowerLegAlpha=0
LowerLegTheta=-0.628318548202515

[RightLeg]
ThighAlpha=0.0981747731566429
ThighTheta=0.431968986988068
LowerLegAlpha=0.0392699092626572
LowerLegTheta=0.0785398185253143
