[%General]
Highest=160
CenterX=32.6695680486217
CenterY=181.909040590406
XWidth=59

[LeftLeg]
ThighAlpha=-0.0606898590922356
ThighTheta=-0.322092592716217
LowerLegAlpha=-0.103529758751392
LowerLegTheta=-0.0364932343363762

[RightLeg]
ThighAlpha=0.0142799690365791
ThighTheta=0.46489229798317
LowerLegAlpha=0.00356999784708023
LowerLegTheta=0.172946274280548
