[%General]
Highest=155
CenterX=33.9988186876
CenterY=254.18062647664
XWidth=56

[LeftLeg]
ThighAlpha=-0.0785398185253143
ThighTheta=0.424999058246613
LowerLegAlpha=-0.0678298398852348
LowerLegTheta=0.521558880805969

[RightLeg]
ThighAlpha=0.13922968506813
ThighTheta=-0.408679038286209
LowerLegAlpha=0.00713998824357986
LowerLegTheta=-0.10267972946167
