[%General]
Highest=159
CenterX=36.3790843934189
CenterY=81.1461655818854
XWidth=57

[LeftLeg]
ThighAlpha=0.0321299284696579
ThighTheta=-0.322092592716217
LowerLegAlpha=-0.0142799615859985
LowerLegTheta=-0.674331784248352

[RightLeg]
ThighAlpha=0.13922968506813
ThighTheta=0.46489229798317
LowerLegAlpha=-0.0142799615859985
LowerLegTheta=-0.109479740262032
