[%General]
Highest=160
CenterX=33.1115547155387
CenterY=174.639215103315
XWidth=59

[LeftLeg]
ThighAlpha=-0.0999597683548927
ThighTheta=-0.176119565963745
LowerLegAlpha=-0.103529758751392
LowerLegTheta=-0.0396665707230568

[RightLeg]
ThighAlpha=0.0499798879027367
ThighTheta=0.46171897649765
LowerLegAlpha=0.0499798879027367
LowerLegTheta=-0.398252427577972
