[%General]
Highest=157
CenterX=33.9696611194363
CenterY=250.91179640876
XWidth=56

[LeftLeg]
ThighAlpha=-0.0392699092626572
ThighTheta=0.46489229798317
LowerLegAlpha=-0.13922968506813
LowerLegTheta=0.391905784606934

[RightLeg]
ThighAlpha=0.0678298473358154
ThighTheta=-0.318919241428375
LowerLegAlpha=0.0606898665428162
LowerLegTheta=-0.109479740262032
