[%General]
Highest=160
CenterX=36.2450565767242
CenterY=52.3055040704521
XWidth=53

[LeftLeg]
ThighAlpha=0.0142799690365791
ThighTheta=-0.318919241428375
LowerLegAlpha=-0.121379718184471
LowerLegTheta=-0.2522794008255

[RightLeg]
ThighAlpha=0.0678298473358154
ThighTheta=0.391905784606934
LowerLegAlpha=-0.0214199498295784
LowerLegTheta=0.179292947053909
