[%General]
Highest=162
CenterX=35.8947799408226
CenterY=95.3395058358537
XWidth=59

[LeftLeg]
ThighAlpha=-0.0428398996591568
ThighTheta=0.169319659471512
LowerLegAlpha=0.00356999784708023
LowerLegTheta=-0.956757783889771

[RightLeg]
ThighAlpha=0.0856798067688942
ThighTheta=0.0863598436117172
LowerLegAlpha=0.13922968506813
LowerLegTheta=-0.0564398318529129
