[%General]
Highest=154
CenterX=33.426838831801
CenterY=271.206922660898
XWidth=50

[LeftLeg]
ThighAlpha=-0.157079637050629
ThighTheta=0.471238911151886
LowerLegAlpha=-0.0785398185253143
LowerLegTheta=0.314159274101257

[RightLeg]
ThighAlpha=0.0785398185253143
ThighTheta=-0.471238911151886
LowerLegAlpha=0.0392699092626572
LowerLegTheta=-0.392699092626572
