[%General]
Highest=161
CenterX=32.9299079546758
CenterY=160.378501214415
XWidth=58

[LeftLeg]
ThighAlpha=-0.024989940226078
ThighTheta=0.0396666079759598
LowerLegAlpha=-0.157079637050629
LowerLegTheta=0.172946274280548

[RightLeg]
ThighAlpha=0.121379725635052
ThighTheta=-0.179292917251587
LowerLegAlpha=-0.117809727787971
LowerLegTheta=-0.318919241428375
