[%General]
Highest=158
CenterX=36.0496913712547
CenterY=73.1407475674054
XWidth=54

[LeftLeg]
ThighAlpha=0.0321299284696579
ThighTheta=-0.391905754804611
LowerLegAlpha=-0.0499798804521561
LowerLegTheta=-0.607691943645477

[RightLeg]
ThighAlpha=0.13922968506813
ThighTheta=0.46171897649765
LowerLegAlpha=-0.024989940226078
LowerLegTheta=0.109479777514935
