[%General]
Highest=159
CenterX=34.5283665029723
CenterY=127.293292840527
XWidth=60

[LeftLeg]
ThighAlpha=-0.0999597683548927
ThighTheta=0.531532108783722
LowerLegAlpha=-0.0999597683548927
LowerLegTheta=0.325265944004059

[RightLeg]
ThighAlpha=0.0856798067688942
ThighTheta=-0.391905754804611
LowerLegAlpha=0.0428399071097374
LowerLegTheta=-0.318919241428375
