[%General]
Highest=159
CenterX=33.6374415906502
CenterY=141.519196585381
XWidth=59

[LeftLeg]
ThighAlpha=-0.117809727787971
ThighTheta=0.674331784248352
LowerLegAlpha=-0.0142799615859985
LowerLegTheta=-0.2459327429533

[RightLeg]
ThighAlpha=0.103529766201973
ThighTheta=-0.249106079339981
LowerLegAlpha=0.00356999784708023
LowerLegTheta=-0.750491619110107
