[%General]
Highest=158
CenterX=34.4643518861632
CenterY=226.06178512315
XWidth=56

[LeftLeg]
ThighAlpha=-0.0392699092626572
ThighTheta=0.0785398185253143
LowerLegAlpha=0
LowerLegTheta=-0.785398185253143

[RightLeg]
ThighAlpha=0.0981747731566429
ThighTheta=0.157079637050629
LowerLegAlpha=0.0589048638939857
LowerLegTheta=0
