[%General]
Highest=161
CenterX=32.5671222739738
CenterY=153.476363557219
XWidth=56

[LeftLeg]
ThighAlpha=-0.157079637050629
ThighTheta=0.314159274101257
LowerLegAlpha=0
LowerLegTheta=0

[RightLeg]
ThighAlpha=0.0785398185253143
ThighTheta=-0.157079637050629
LowerLegAlpha=0
LowerLegTheta=-0.785398185253143
