[%General]
Highest=154
CenterX=33.7927227593415
CenterY=260.412124379409
XWidth=54

[LeftLeg]
ThighAlpha=-0.0606898590922356
ThighTheta=0.46489229798317
LowerLegAlpha=-0.13922968506813
LowerLegTheta=0.531532108783722

[RightLeg]
ThighAlpha=0.103529766201973
ThighTheta=-0.458545595407486
LowerLegAlpha=0.0642598569393158
LowerLegTheta=-0.182466238737106
