[%General]
Highest=162
CenterX=33.1520297216742
CenterY=163.897863229923
XWidth=58

[LeftLeg]
ThighAlpha=-0.117809727787971
ThighTheta=0
LowerLegAlpha=-0.0785398185253143
LowerLegTheta=0.0785398185253143

[RightLeg]
ThighAlpha=0.0392699092626572
ThighTheta=0.314159274101257
LowerLegAlpha=0.196349546313286
LowerLegTheta=-0.706858336925507
