[%General]
Highest=161
CenterX=32.5390152975961
CenterY=156.915263315765
XWidth=57

[LeftLeg]
ThighAlpha=-0.0606898590922356
ThighTheta=0.31891930103302
LowerLegAlpha=-0.13922968506813
LowerLegTheta=-0.176119565963745

[RightLeg]
ThighAlpha=0.0678298473358154
ThighTheta=0.0333199352025986
LowerLegAlpha=0.00713998824357986
LowerLegTheta=-0.886944591999054
