[%General]
Highest=154
CenterX=32.1138289150041
CenterY=287.838343809784
XWidth=48

[LeftLeg]
ThighAlpha=-0.157079637050629
ThighTheta=0.392699092626572
LowerLegAlpha=-0.0392699092626572
LowerLegTheta=0

[RightLeg]
ThighAlpha=0.196349546313286
ThighTheta=0.314159274101257
LowerLegAlpha=0.117809727787971
LowerLegTheta=0.0785398185253143
