[%General]
Highest=158
CenterX=34.4784382427168
CenterY=233.717663489574
XWidth=56

[LeftLeg]
ThighAlpha=-0.157079637050629
ThighTheta=0.392699092626572
LowerLegAlpha=-0.0785398185253143
LowerLegTheta=-0.471238911151886

[RightLeg]
ThighAlpha=0.117809727787971
ThighTheta=0
LowerLegAlpha=0.157079637050629
LowerLegTheta=0
