[%General]
Highest=158
CenterX=34.1682791607783
CenterY=243.777693227525
XWidth=57

[LeftLeg]
ThighAlpha=-0.0642598494887352
ThighTheta=0.312119334936142
LowerLegAlpha=0.021419957280159
LowerLegTheta=0.146199703216553

[RightLeg]
ThighAlpha=0.0856798067688942
ThighTheta=-0.206039488315582
LowerLegAlpha=0.00356999784708023
LowerLegTheta=-0.0265199020504951
