[%General]
Highest=159
CenterX=34.5283665029723
CenterY=127.293292840527
XWidth=60

[LeftLeg]
ThighAlpha=-0.157079637050629
ThighTheta=0.549778699874878
LowerLegAlpha=-0.0785398185253143
LowerLegTheta=0.235619455575943

[RightLeg]
ThighAlpha=0.0785398185253143
ThighTheta=-0.392699092626572
LowerLegAlpha=0.117809727787971
LowerLegTheta=-0.392699092626572
