[%General]
Highest=159
CenterX=36.3790843934189
CenterY=81.1461655818854
XWidth=57

[LeftLeg]
ThighAlpha=0.0196349546313286
ThighTheta=-0.314159274101257
LowerLegAlpha=0
LowerLegTheta=-0.667588412761688

[RightLeg]
ThighAlpha=0.0981747731566429
ThighTheta=0.471238911151886
LowerLegAlpha=0.0392699092626572
LowerLegTheta=-0.117809727787971
