[%General]
Highest=161
CenterX=36.6782755162644
CenterY=41.3457048554654
XWidth=51

[LeftLeg]
ThighAlpha=0.00713998824357986
ThighTheta=-0.176119565963745
LowerLegAlpha=-0.157079637050629
LowerLegTheta=-0.109479740262032

[RightLeg]
ThighAlpha=0.103529766201973
ThighTheta=0.391905784606934
LowerLegAlpha=-0.0428398996591568
LowerLegTheta=-0.541052103042603
