[%General]
Highest=159
CenterX=36.3790843934189
CenterY=81.1461655818854
XWidth=57

[LeftLeg]
ThighAlpha=0
ThighTheta=-0.314159274101257
LowerLegAlpha=0.0392699092626572
LowerLegTheta=-0.706858336925507

[RightLeg]
ThighAlpha=0.157079637050629
ThighTheta=0.471238911151886
LowerLegAlpha=-0.0392699092626572
LowerLegTheta=-0.0785398185253143
