[%General]
Highest=159
CenterX=36.2365628134058
CenterY=77.117746894872
XWidth=56

[LeftLeg]
ThighAlpha=0.0321299284696579
ThighTheta=-0.391905754804611
LowerLegAlpha=0.00356999784708023
LowerLegTheta=-0.534705400466919

[RightLeg]
ThighAlpha=0.13922968506813
ThighTheta=0.391905784606934
LowerLegAlpha=-0.024989940226078
LowerLegTheta=0.109479777514935
