[%General]
Highest=159
CenterX=33.6374415906502
CenterY=141.519196585381
XWidth=59

[LeftLeg]
ThighAlpha=-0.157079637050629
ThighTheta=0.549778699874878
LowerLegAlpha=-0.0392699092626572
LowerLegTheta=0.0785398185253143

[RightLeg]
ThighAlpha=0.0392699092626572
ThighTheta=-0.235619455575943
LowerLegAlpha=0.157079637050629
LowerLegTheta=-0.785398185253143
