[%General]
Highest=161
CenterX=37.2469552073947
CenterY=33.5675474038117
XWidth=49

[LeftLeg]
ThighAlpha=-0.0392699092626572
ThighTheta=0.0564399100840092
LowerLegAlpha=-0.0642598494887352
LowerLegTheta=-0.229159444570541

[RightLeg]
ThighAlpha=0.103529766201973
ThighTheta=0.288999378681183
LowerLegAlpha=0.0285599380731583
LowerLegTheta=-0.956757783889771
