[%General]
Highest=160
CenterX=32.8065332338534
CenterY=178.194461565078
XWidth=59

[LeftLeg]
ThighAlpha=-0.0999597683548927
ThighTheta=-0.2459327429533
LowerLegAlpha=-0.0856797993183136
LowerLegTheta=-0.0396665707230568

[RightLeg]
ThighAlpha=0.0142799690365791
ThighTheta=0.46171897649765
LowerLegAlpha=0.00356999784708023
LowerLegTheta=-0.0333198979496956
