[%General]
Highest=157
CenterX=32.1270257415635
CenterY=188.93512986787
XWidth=58

[LeftLeg]
ThighAlpha=-0.0785398185253143
ThighTheta=-0.424998998641968
LowerLegAlpha=-0.0856797993183136
LowerLegTheta=-0.0999597311019897

[RightLeg]
ThighAlpha=-0.00356999039649963
ThighTheta=0.424999058246613
LowerLegAlpha=-0.0321299210190773
LowerLegTheta=0.521558880805969
