[%General]
Highest=160
CenterX=32.8814593949908
CenterY=149.799284397701
XWidth=58

[LeftLeg]
ThighAlpha=-0.0606898590922356
ThighTheta=0.391905784606934
LowerLegAlpha=-0.121379718184471
LowerLegTheta=0.0364932715892792

[RightLeg]
ThighAlpha=0.0856798067688942
ThighTheta=-0.2522794008255
LowerLegAlpha=0.0249899476766586
LowerLegTheta=-0.674331784248352
