[%General]
Highest=161
CenterX=32.5671222739738
CenterY=153.476363557219
XWidth=56

[LeftLeg]
ThighAlpha=-0.0785398185253143
ThighTheta=0.274889349937439
LowerLegAlpha=-0.0981747731566429
LowerLegTheta=0.0392699092626572

[RightLeg]
ThighAlpha=0.0785398185253143
ThighTheta=-0.157079637050629
LowerLegAlpha=0
LowerLegTheta=-0.746128261089325
