[%General]
Highest=162
CenterX=36.9891457743344
CenterY=37.6876237201769
XWidth=50

[LeftLeg]
ThighAlpha=-0.0392699092626572
ThighTheta=-0.0785398185253143
LowerLegAlpha=-0.196349546313286
LowerLegTheta=-0.235619455575943

[RightLeg]
ThighAlpha=0.0785398185253143
ThighTheta=0.314159274101257
LowerLegAlpha=0.196349546313286
LowerLegTheta=-0.628318548202515
