[%General]
Highest=162
CenterX=35.548684125305
CenterY=99.3426455666141
XWidth=60

[LeftLeg]
ThighAlpha=-0.0589048638939857
ThighTheta=0.274889349937439
LowerLegAlpha=-0.0196349546313286
LowerLegTheta=-0.785398185253143

[RightLeg]
ThighAlpha=0.0981747731566429
ThighTheta=0.0392699092626572
LowerLegAlpha=0.0981747731566429
LowerLegTheta=-0.117809727787971
