[%General]
Highest=161
CenterX=36.434327449787
CenterY=91.8997842084878
XWidth=60

[LeftLeg]
ThighAlpha=-0.0392699092626572
ThighTheta=0.176119640469551
LowerLegAlpha=0.00356999784708023
LowerLegTheta=-1.09955739974976

[RightLeg]
ThighAlpha=0.121379725635052
ThighTheta=0.139399722218513
LowerLegAlpha=0.0606898665428162
LowerLegTheta=0.0265199784189463
