[%General]
Highest=157
CenterX=32.1270257415635
CenterY=188.93512986787
XWidth=58

[LeftLeg]
ThighAlpha=-0.0606898590922356
ThighTheta=-0.395079076290131
LowerLegAlpha=-0.13922968506813
LowerLegTheta=-0.0999597311019897

[RightLeg]
ThighAlpha=0.0321299284696579
ThighTheta=0.46489229798317
LowerLegAlpha=-0.0678298398852348
LowerLegTheta=0.46171897649765
