[%General]
Highest=158
CenterX=34.1682791607783
CenterY=243.777693227525
XWidth=57

[LeftLeg]
ThighAlpha=-0.0642598494887352
ThighTheta=0.322092622518539
LowerLegAlpha=0.021419957280159
LowerLegTheta=0.106306441128254

[RightLeg]
ThighAlpha=0.0856798067688942
ThighTheta=-0.2459327429533
LowerLegAlpha=0.00356999784708023
LowerLegTheta=0.0333199352025986
