[%General]
Highest=160
CenterX=34.9170584754425
CenterY=120.598708913874
XWidth=61

[LeftLeg]
ThighAlpha=-0.117809727787971
ThighTheta=0.484838932752609
LowerLegAlpha=-0.0499798804521561
LowerLegTheta=0.32571929693222

[RightLeg]
ThighAlpha=0.0999597758054733
ThighTheta=-0.342039197683334
LowerLegAlpha=0.021419957280159
LowerLegTheta=-0.235959425568581
