[%General]
Highest=160
CenterX=35.940764196749
CenterY=55.2838188727042
XWidth=54

[LeftLeg]
ThighAlpha=-0.0392699092626572
ThighTheta=-0.401879042387009
LowerLegAlpha=-0.0499798804521561
LowerLegTheta=-0.222359463572502

[RightLeg]
ThighAlpha=0.0856798067688942
ThighTheta=0.431799054145813
LowerLegAlpha=-0.0321299210190773
LowerLegTheta=0.288999378681183
