[%General]
Highest=159
CenterX=36.3790843934189
CenterY=81.1461655818854
XWidth=57

[LeftLeg]
ThighAlpha=0.0321299284696579
ThighTheta=-0.312119245529175
LowerLegAlpha=-0.0142799615859985
LowerLegTheta=-0.66435843706131

[RightLeg]
ThighAlpha=0.13922968506813
ThighTheta=0.454919010400772
LowerLegAlpha=-0.0142799615859985
LowerLegTheta=-0.0795597806572914
