[%General]
Highest=162
CenterX=35.1558342457118
CenterY=110.482333034737
XWidth=61

[LeftLeg]
ThighAlpha=-0.117809727787971
ThighTheta=0.392699092626572
LowerLegAlpha=0.117809727787971
LowerLegTheta=-0.0785398185253143

[RightLeg]
ThighAlpha=0.196349546313286
ThighTheta=-0.157079637050629
LowerLegAlpha=-0.117809727787971
LowerLegTheta=-0.157079637050629
