[%General]
Highest=157
CenterX=32.1270257415635
CenterY=188.93512986787
XWidth=58

[LeftLeg]
ThighAlpha=-0.117809727787971
ThighTheta=-0.392699092626572
LowerLegAlpha=-0.0392699092626572
LowerLegTheta=-0.157079637050629

[RightLeg]
ThighAlpha=0
ThighTheta=0.471238911151886
LowerLegAlpha=-0.0392699092626572
LowerLegTheta=0.471238911151886
