[%General]
Highest=159
CenterX=34.6482505944582
CenterY=229.857912359878
XWidth=56

[LeftLeg]
ThighAlpha=-0.157079637050629
ThighTheta=0.235619455575943
LowerLegAlpha=-0.196349546313286
LowerLegTheta=-0.157079637050629

[RightLeg]
ThighAlpha=0.196349546313286
ThighTheta=0.157079637050629
LowerLegAlpha=-0.0392699092626572
LowerLegTheta=-0.0785398185253143
