[%General]
Highest=155
CenterX=32.5133119909227
CenterY=283.623779227621
XWidth=48

[LeftLeg]
ThighAlpha=-0.157079637050629
ThighTheta=0.549778699874878
LowerLegAlpha=0.0392699092626572
LowerLegTheta=-0.157079637050629

[RightLeg]
ThighAlpha=0.196349546313286
ThighTheta=0.314159274101257
LowerLegAlpha=0.157079637050629
LowerLegTheta=0.235619455575943
