[%General]
Highest=156
CenterX=32.0259190502655
CenterY=196.198756074777
XWidth=58

[LeftLeg]
ThighAlpha=-0.117809727787971
ThighTheta=-0.471238911151886
LowerLegAlpha=-0.0392699092626572
LowerLegTheta=-0.157079637050629

[RightLeg]
ThighAlpha=-0.0392699092626572
ThighTheta=0.392699092626572
LowerLegAlpha=0.0392699092626572
LowerLegTheta=0.628318548202515
