[%General]
Highest=157
CenterX=33.9696611194363
CenterY=250.91179640876
XWidth=56

[LeftLeg]
ThighAlpha=-0.0392699092626572
ThighTheta=0.454919010400772
LowerLegAlpha=-0.0678298398852348
LowerLegTheta=0.342039257287979

[RightLeg]
ThighAlpha=0.0678298473358154
ThighTheta=-0.318919241428375
LowerLegAlpha=0.0606898665428162
LowerLegTheta=-0.109479710459709
