[%General]
Highest=145
CenterX=31.654026650762
CenterY=303.642992795819
XWidth=42

[LeftLeg]
ThighAlpha=-0.157079637050629
ThighTheta=-0.0364932343363762
LowerLegAlpha=-0.0142799615859985
LowerLegTheta=-0.0364932343363762

[RightLeg]
ThighAlpha=-0.0428398996591568
ThighTheta=0.537878811359406
LowerLegAlpha=0.13922968506813
LowerLegTheta=-0.534705400466919
