[%General]
Highest=141
CenterX=31.4979552647488
CenterY=305.48195298887
XWidth=41

[LeftLeg]
ThighAlpha=-0.121379718184471
ThighTheta=-0.139399647712708
LowerLegAlpha=-0.0142799615859985
LowerLegTheta=0.0197199955582619

[RightLeg]
ThighAlpha=-0.0606898590922356
ThighTheta=0.74731832742691
LowerLegAlpha=0.0821098163723946
LowerLegTheta=-0.544678747653961
