[%General]
Highest=158
CenterX=34.1755870304426
CenterY=240.483225789178
XWidth=57

[LeftLeg]
ThighAlpha=-0.0999597683548927
ThighTheta=0.391905784606934
LowerLegAlpha=0.0428399071097374
LowerLegTheta=-0.2522794008255

[RightLeg]
ThighAlpha=0.121379725635052
ThighTheta=-0.176119565963745
LowerLegAlpha=0.00356999784708023
LowerLegTheta=0.0333199352025986
