[%General]
Highest=150
CenterX=31.5391632794427
CenterY=297.883627618836
XWidth=43

[LeftLeg]
ThighAlpha=-0.0785398185253143
ThighTheta=-0.0364932343363762
LowerLegAlpha=-0.103529758751392
LowerLegTheta=0.109479777514935

[RightLeg]
ThighAlpha=0.0678298473358154
ThighTheta=0.46489229798317
LowerLegAlpha=0.0499798879027367
LowerLegTheta=-0.750491619110107
