[%General]
Highest=155
CenterX=33.6784843545845
CenterY=267.26426810706
XWidth=52

[LeftLeg]
ThighAlpha=-0.0606898590922356
ThighTheta=0.46489229798317
LowerLegAlpha=-0.13922968506813
LowerLegTheta=0.388732463121414

[RightLeg]
ThighAlpha=0.0678298473358154
ThighTheta=-0.388732433319092
LowerLegAlpha=0.0999597758054733
LowerLegTheta=-0.464892268180847
