[%General]
Highest=161
CenterX=34.8359844581831
CenterY=117.20825820024
XWidth=62

[LeftLeg]
ThighAlpha=-0.117809727787971
ThighTheta=0.448119014501572
LowerLegAlpha=0.00356999784708023
LowerLegTheta=0.0401199460029602

[RightLeg]
ThighAlpha=0.103529766201973
ThighTheta=-0.312119245529175
LowerLegAlpha=0.00713998824357986
LowerLegTheta=-0.169319570064545
