[%General]
Highest=158
CenterX=34.1240030789626
CenterY=133.913789048301
XWidth=60

[LeftLeg]
ThighAlpha=-0.0999597683548927
ThighTheta=0.60451865196228
LowerLegAlpha=-0.121379718184471
LowerLegTheta=0.112653113901615

[RightLeg]
ThighAlpha=0.13922968506813
ThighTheta=-0.322092592716217
LowerLegAlpha=0.046409897506237
LowerLegTheta=-0.604518592357635
