[%General]
Highest=155
CenterX=32.5133119909227
CenterY=283.623779227621
XWidth=48

[LeftLeg]
ThighAlpha=-0.0785398185253143
ThighTheta=0.252279460430145
LowerLegAlpha=-0.0678298398852348
LowerLegTheta=0.315745949745178

[RightLeg]
ThighAlpha=0.0142799690365791
ThighTheta=0.0333199352025986
LowerLegAlpha=0.021419957280159
LowerLegTheta=-1.02974426746368
