[%General]
Highest=162
CenterX=35.1558342457118
CenterY=110.482333034737
XWidth=61

[LeftLeg]
ThighAlpha=-0.082109808921814
ThighTheta=0.34883925318718
LowerLegAlpha=0.0606898665428162
LowerLegTheta=-0.0632398128509521

[RightLeg]
ThighAlpha=0.13922968506813
ThighTheta=-0.265879362821579
LowerLegAlpha=-0.00713998079299927
LowerLegTheta=-0.0197199191898108
