[%General]
Highest=161
CenterX=32.5390152975961
CenterY=156.915263315765
XWidth=57

[LeftLeg]
ThighAlpha=-0.0981747731566429
ThighTheta=0.274889349937439
LowerLegAlpha=-0.0981747731566429
LowerLegTheta=-0.117809727787971

[RightLeg]
ThighAlpha=0.0785398185253143
ThighTheta=0
LowerLegAlpha=0
LowerLegTheta=-0.785398185253143
