[%General]
Highest=145
CenterX=31.654026650762
CenterY=303.642992795819
XWidth=42

[LeftLeg]
ThighAlpha=-0.196349546313286
ThighTheta=0
LowerLegAlpha=0.0392699092626572
LowerLegTheta=-0.157079637050629

[RightLeg]
ThighAlpha=-0.0392699092626572
ThighTheta=0.549778699874878
LowerLegAlpha=0.196349546313286
LowerLegTheta=-0.549778699874878
