[%General]
Highest=160
CenterX=37.3610456787393
CenterY=26.530213731504
XWidth=49

[LeftLeg]
ThighAlpha=-0.0999597683548927
ThighTheta=0.0396666079759598
LowerLegAlpha=0.021419957280159
LowerLegTheta=0.103133104741573

[RightLeg]
ThighAlpha=-0.0214199498295784
ThighTheta=-0.0396665707230568
LowerLegAlpha=0.0107099786400795
LowerLegTheta=-0.67115843296051
