[%General]
Highest=155
CenterX=33.9988186876
CenterY=254.18062647664
XWidth=56

[LeftLeg]
ThighAlpha=-0.0606898590922356
ThighTheta=0.46489229798317
LowerLegAlpha=-0.103529758751392
LowerLegTheta=0.46171897649765

[RightLeg]
ThighAlpha=0.13922968506813
ThighTheta=-0.388732433319092
LowerLegAlpha=-0.0285599306225777
LowerLegTheta=-0.112653076648712
