[%General]
Highest=160
CenterX=32.8814593949908
CenterY=149.799284397701
XWidth=58

[LeftLeg]
ThighAlpha=-0.0785398185253143
ThighTheta=0.431799054145813
LowerLegAlpha=-0.121379718184471
LowerLegTheta=-0.0333198830485344

[RightLeg]
ThighAlpha=0.0856798067688942
ThighTheta=-0.2522794008255
LowerLegAlpha=0.0249899476766586
LowerLegTheta=-0.694278359413147
