[%General]
Highest=158
CenterX=34.4784382427168
CenterY=233.717663489574
XWidth=56

[LeftLeg]
ThighAlpha=-0.0785398185253143
ThighTheta=0.172946274280548
LowerLegAlpha=-0.0107099711894989
LowerLegTheta=-0.388732433319092

[RightLeg]
ThighAlpha=0.13922968506813
ThighTheta=0.0364932715892792
LowerLegAlpha=0.0999597758054733
LowerLegTheta=-0.106306403875351
