[%General]
Highest=158
CenterX=35.6280416159286
CenterY=65.0884124847786
XWidth=54

[LeftLeg]
ThighAlpha=0.00713998824357986
ThighTheta=-0.391905754804611
LowerLegAlpha=-0.0642598494887352
LowerLegTheta=-0.398252427577972

[RightLeg]
ThighAlpha=0.103529766201973
ThighTheta=0.46171897649765
LowerLegAlpha=0.00356999784708023
LowerLegTheta=0.325265944004059
