[%General]
Highest=156
CenterX=32.5835093084784
CenterY=207.135221728683
XWidth=57

[LeftLeg]
ThighAlpha=-0.0785398185253143
ThighTheta=-0.461718916893005
LowerLegAlpha=-0.0142799615859985
LowerLegTheta=-0.395079076290131

[RightLeg]
ThighAlpha=0.0856798067688942
ThighTheta=0.46171897649765
LowerLegAlpha=0.00356999784708023
LowerLegTheta=0.179292947053909
