[%General]
Highest=157
CenterX=33.9666055869264
CenterY=222.677760741932
XWidth=56

[LeftLeg]
ThighAlpha=-0.0107099711894989
ThighTheta=0.00340002961456776
LowerLegAlpha=-0.117809727787971
LowerLegTheta=-1.03971755504608

[RightLeg]
ThighAlpha=0.0678298473358154
ThighTheta=0.259079456329346
LowerLegAlpha=0.046409897506237
LowerLegTheta=-0.0265199020504951
