[%General]
Highest=158
CenterX=34.3607754145214
CenterY=130.445231800131
XWidth=61

[LeftLeg]
ThighAlpha=-0.117809727787971
ThighTheta=0.514758884906769
LowerLegAlpha=-0.103529758751392
LowerLegTheta=0.312119334936142

[RightLeg]
ThighAlpha=0.0678298473358154
ThighTheta=-0.408679038286209
LowerLegAlpha=0.0606898665428162
LowerLegTheta=-0.365159124135971
