[%General]
Highest=157
CenterX=33.4061811821259
CenterY=219.125674808411
XWidth=56

[LeftLeg]
ThighAlpha=-0.0285599306225777
ThighTheta=-0.109479740262032
LowerLegAlpha=-0.0499798804521561
LowerLegTheta=-0.956757783889771

[RightLeg]
ThighAlpha=0.13922968506813
ThighTheta=0.46489229798317
LowerLegAlpha=-0.082109808921814
LowerLegTheta=-0.182466238737106
