[%General]
Highest=152
CenterX=31.2279665516326
CenterY=294.877462171489
XWidth=44

[LeftLeg]
ThighAlpha=-0.117809727787971
ThighTheta=0.0333199352025986
LowerLegAlpha=-0.0142799615859985
LowerLegTheta=0.185639619827271

[RightLeg]
ThighAlpha=0.0678298473358154
ThighTheta=0.176119610667229
LowerLegAlpha=-0.13922968506813
LowerLegTheta=-0.674331784248352
