[%General]
Highest=160
CenterX=34.7682169450376
CenterY=123.956114585478
XWidth=61

[LeftLeg]
ThighAlpha=-0.0606898590922356
ThighTheta=0.395079135894775
LowerLegAlpha=-0.13922968506813
LowerLegTheta=0.531532108783722

[RightLeg]
ThighAlpha=0.103529766201973
ThighTheta=-0.395079076290131
LowerLegAlpha=0.0428399071097374
LowerLegTheta=-0.24275940656662
