[%General]
Highest=150
CenterX=31.5391632794427
CenterY=297.883627618836
XWidth=43

[LeftLeg]
ThighAlpha=-0.0981747731566429
ThighTheta=-0.0392699092626572
LowerLegAlpha=-0.0589048638939857
LowerLegTheta=0.0785398185253143

[RightLeg]
ThighAlpha=0.0589048638939857
ThighTheta=0.471238911151886
LowerLegAlpha=-0.0785398185253143
LowerLegTheta=-0.785398185253143
