[%General]
Highest=162
CenterX=35.4146810402312
CenterY=107.080951322516
XWidth=60

[LeftLeg]
ThighAlpha=-0.0785398185253143
ThighTheta=0.391905784606934
LowerLegAlpha=0.0606898665428162
LowerLegTheta=-0.395079076290131

[RightLeg]
ThighAlpha=0.103529766201973
ThighTheta=-0.106306403875351
LowerLegAlpha=0.0821098163723946
LowerLegTheta=-0.10313306748867
