[%General]
Highest=159
CenterX=34.6482505944582
CenterY=229.857912359878
XWidth=56

[LeftLeg]
ThighAlpha=-0.0999597683548927
ThighTheta=0.245932787656784
LowerLegAlpha=0.021419957280159
LowerLegTheta=-0.956757783889771

[RightLeg]
ThighAlpha=0.121379725635052
ThighTheta=0.106306441128254
LowerLegAlpha=0.0499798879027367
LowerLegTheta=-0.0364932343363762
