[%General]
Highest=162
CenterX=33.1520297216742
CenterY=163.897863229923
XWidth=58

[LeftLeg]
ThighAlpha=-0.0999597683548927
ThighTheta=0.106306441128254
LowerLegAlpha=-0.0856797993183136
LowerLegTheta=-0.10313306748867

[RightLeg]
ThighAlpha=0.0321299284696579
ThighTheta=0.322092622518539
LowerLegAlpha=0.00356999784708023
LowerLegTheta=-0.750491619110107
