[%General]
Highest=159
CenterX=35.7306992433997
CenterY=58.3504198014323
XWidth=54

[LeftLeg]
ThighAlpha=-0.00713998079299927
ThighTheta=-0.391905754804611
LowerLegAlpha=-0.0856797993183136
LowerLegTheta=-0.322092592716217

[RightLeg]
ThighAlpha=0.103529766201973
ThighTheta=0.395079135894775
LowerLegAlpha=-0.0464098900556564
LowerLegTheta=0.46171897649765
