[%General]
Highest=158
CenterX=35.6280416159286
CenterY=65.0884124847786
XWidth=54

[LeftLeg]
ThighAlpha=0
ThighTheta=-0.431968986988068
LowerLegAlpha=-0.0392699092626572
LowerLegTheta=-0.353429168462753

[RightLeg]
ThighAlpha=0.0981747731566429
ThighTheta=0.471238911151886
LowerLegAlpha=-0.0196349546313286
LowerLegTheta=0.314159274101257
