[%General]
Highest=158
CenterX=34.4784382427168
CenterY=233.717663489574
XWidth=56

[LeftLeg]
ThighAlpha=-0.0785398185253143
ThighTheta=0.212839543819427
LowerLegAlpha=0.0428399071097374
LowerLegTheta=-0.408679038286209

[RightLeg]
ThighAlpha=0.13922968506813
ThighTheta=0.0265199784189463
LowerLegAlpha=0.0999597758054733
LowerLegTheta=-0.0564398318529129
