[%General]
Highest=157
CenterX=34.0640641310457
CenterY=247.203715103985
XWidth=57

[LeftLeg]
ThighAlpha=-0.0392699092626572
ThighTheta=0.391905784606934
LowerLegAlpha=-0.0142799615859985
LowerLegTheta=0.249106109142303

[RightLeg]
ThighAlpha=0.0856798067688942
ThighTheta=-0.249106079339981
LowerLegAlpha=0.0428399071097374
LowerLegTheta=-0.109479740262032
