[%General]
Highest=159
CenterX=35.7306992433997
CenterY=58.3504198014323
XWidth=54

[LeftLeg]
ThighAlpha=-0.00713998079299927
ThighTheta=-0.431798994541168
LowerLegAlpha=-0.0856797993183136
LowerLegTheta=-0.222359463572502

[RightLeg]
ThighAlpha=0.103529766201973
ThighTheta=0.424999058246613
LowerLegAlpha=-0.0464098900556564
LowerLegTheta=0.431799054145813
