[%General]
Highest=158
CenterX=34.3607754145214
CenterY=130.445231800131
XWidth=61

[LeftLeg]
ThighAlpha=-0.157079637050629
ThighTheta=0.549778699874878
LowerLegAlpha=-0.0785398185253143
LowerLegTheta=0.314159274101257

[RightLeg]
ThighAlpha=0.0785398185253143
ThighTheta=-0.314159274101257
LowerLegAlpha=0.157079637050629
LowerLegTheta=-0.549778699874878
