[%General]
Highest=154
CenterX=32.1138289150041
CenterY=287.838343809784
XWidth=48

[LeftLeg]
ThighAlpha=-0.0589048638939857
ThighTheta=0.0785398185253143
LowerLegAlpha=-0.0981747731566429
LowerLegTheta=0.392699092626572

[RightLeg]
ThighAlpha=-0.0785398185253143
ThighTheta=-0.0785398185253143
LowerLegAlpha=0.0981747731566429
LowerLegTheta=-0.706858336925507
