[%General]
Highest=160
CenterX=33.2970305526948
CenterY=145.404812478544
XWidth=59

[LeftLeg]
ThighAlpha=-0.0785398185253143
ThighTheta=0.46489229798317
LowerLegAlpha=-0.0142799615859985
LowerLegTheta=0.0333199352025986

[RightLeg]
ThighAlpha=0.103529766201973
ThighTheta=-0.388732433319092
LowerLegAlpha=0.021419957280159
LowerLegTheta=-0.468065589666367
