[%General]
Highest=154
CenterX=31.4927215650953
CenterY=291.552829913771
XWidth=45

[LeftLeg]
ThighAlpha=-0.0606898590922356
ThighTheta=-0.0333198979496956
LowerLegAlpha=-0.13922968506813
LowerLegTheta=0.458545625209808

[RightLeg]
ThighAlpha=0.0856798067688942
ThighTheta=-0.249106079339981
LowerLegAlpha=0.0606898665428162
LowerLegTheta=0.74731832742691
