[%General]
Highest=161
CenterX=37.2469552073947
CenterY=33.5675474038117
XWidth=49

[LeftLeg]
ThighAlpha=-0.0392699092626572
ThighTheta=0
LowerLegAlpha=-0.0785398185253143
LowerLegTheta=-0.157079637050629

[RightLeg]
ThighAlpha=0.0785398185253143
ThighTheta=0.157079637050629
LowerLegAlpha=0.0785398185253143
LowerLegTheta=-0.549778699874878
