[%General]
Highest=158
CenterX=32.4376721069246
CenterY=185.358004791009
XWidth=59

[LeftLeg]
ThighAlpha=-0.0785398185253143
ThighTheta=-0.391905754804611
LowerLegAlpha=-0.0499798804521561
LowerLegTheta=-0.0364932343363762

[RightLeg]
ThighAlpha=0.0142799690365791
ThighTheta=0.46489229798317
LowerLegAlpha=-0.0642598494887352
LowerLegTheta=0.31891930103302
