[%General]
Highest=160
CenterX=37.3610456787393
CenterY=26.530213731504
XWidth=49

[LeftLeg]
ThighAlpha=-0.117809727787971
ThighTheta=0
LowerLegAlpha=0.0392699092626572
LowerLegTheta=0.235619455575943

[RightLeg]
ThighAlpha=-0.0392699092626572
ThighTheta=-0.0785398185253143
LowerLegAlpha=0.157079637050629
LowerLegTheta=-0.628318548202515
