[%General]
Highest=156
CenterX=32.0418318292991
CenterY=199.750743984867
XWidth=58

[LeftLeg]
ThighAlpha=-0.117809727787971
ThighTheta=-0.431798994541168
LowerLegAlpha=-0.0142799615859985
LowerLegTheta=-0.38827908039093

[RightLeg]
ThighAlpha=0.0321299284696579
ThighTheta=0.484838932752609
LowerLegAlpha=0.0249899476766586
LowerLegTheta=0.31891930103302
