[%General]
Highest=158
CenterX=34.4267678713622
CenterY=237.301995838792
XWidth=58

[LeftLeg]
ThighAlpha=-0.117809727787971
ThighTheta=0.314159274101257
LowerLegAlpha=0.0392699092626572
LowerLegTheta=-0.314159274101257

[RightLeg]
ThighAlpha=0.157079637050629
ThighTheta=-0.0785398185253143
LowerLegAlpha=0
LowerLegTheta=0
