[%General]
Highest=159
CenterX=33.9435277962538
CenterY=137.671412019654
XWidth=60

[LeftLeg]
ThighAlpha=-0.157079637050629
ThighTheta=0.628318548202515
LowerLegAlpha=-0.0392699092626572
LowerLegTheta=0

[RightLeg]
ThighAlpha=0.0785398185253143
ThighTheta=-0.314159274101257
LowerLegAlpha=0.117809727787971
LowerLegTheta=-0.628318548202515
