[%General]
Highest=156
CenterX=32.1738449490995
CenterY=203.495548460936
XWidth=58

[LeftLeg]
ThighAlpha=-0.0981747731566429
ThighTheta=-0.471238911151886
LowerLegAlpha=0
LowerLegTheta=-0.353429168462753

[RightLeg]
ThighAlpha=0.0785398185253143
ThighTheta=0.471238911151886
LowerLegAlpha=-0.0196349546313286
LowerLegTheta=0.274889349937439
