[%General]
Highest=162
CenterX=35.8947799408226
CenterY=95.3395058358537
XWidth=59

[LeftLeg]
ThighAlpha=-0.0589048638939857
ThighTheta=0.117809727787971
LowerLegAlpha=0.0785398185253143
LowerLegTheta=-0.785398185253143

[RightLeg]
ThighAlpha=0.0981747731566429
ThighTheta=0.0785398185253143
LowerLegAlpha=0.0981747731566429
LowerLegTheta=-0.0392699092626572
