[%General]
Highest=154
CenterX=32.1138289150041
CenterY=287.838343809784
XWidth=48

[LeftLeg]
ThighAlpha=-0.0642598494887352
ThighTheta=0.176119610667229
LowerLegAlpha=-0.103529758751392
LowerLegTheta=0.255452781915665

[RightLeg]
ThighAlpha=-0.0107099711894989
ThighTheta=0.106306441128254
LowerLegAlpha=0.00356999784708023
LowerLegTheta=-0.959931075572968
