[%General]
Highest=157
CenterX=33.9666055869264
CenterY=222.677760741932
XWidth=56

[LeftLeg]
ThighAlpha=0
ThighTheta=-0.117809727787971
LowerLegAlpha=-0.0785398185253143
LowerLegTheta=-0.785398185253143

[RightLeg]
ThighAlpha=0.0196349546313286
ThighTheta=0.157079637050629
LowerLegAlpha=0.0981747731566429
LowerLegTheta=0.157079637050629
