[%General]
Highest=162
CenterX=36.5438096078258
CenterY=45.3278344654532
XWidth=52

[LeftLeg]
ThighAlpha=-0.00713998079299927
ThighTheta=-0.249106079339981
LowerLegAlpha=-0.0678298398852348
LowerLegTheta=-0.109479740262032

[RightLeg]
ThighAlpha=0.121379725635052
ThighTheta=0.388732463121414
LowerLegAlpha=-0.082109808921814
LowerLegTheta=-0.24275940656662
