[%General]
Highest=161
CenterX=33.1396204921578
CenterY=171.24570970498
XWidth=58

[LeftLeg]
ThighAlpha=-0.157079637050629
ThighTheta=-0.0785398185253143
LowerLegAlpha=-0.0785398185253143
LowerLegTheta=0

[RightLeg]
ThighAlpha=0.0392699092626572
ThighTheta=0.392699092626572
LowerLegAlpha=0.196349546313286
LowerLegTheta=-0.471238911151886
