[%General]
Highest=154
CenterX=32.7652213575861
CenterY=279.49508631771
XWidth=49

[LeftLeg]
ThighAlpha=-0.117809727787971
ThighTheta=0.431799054145813
LowerLegAlpha=-0.0142799615859985
LowerLegTheta=0.176119640469551

[RightLeg]
ThighAlpha=0.0107099786400795
ThighTheta=-0.282199323177338
LowerLegAlpha=0.0606898665428162
LowerLegTheta=-0.634438514709473
