[%General]
Highest=158
CenterX=34.4643518861632
CenterY=226.06178512315
XWidth=56

[LeftLeg]
ThighAlpha=-0.157079637050629
ThighTheta=0.235619455575943
LowerLegAlpha=-0.196349546313286
LowerLegTheta=-0.0785398185253143

[RightLeg]
ThighAlpha=0.157079637050629
ThighTheta=0.235619455575943
LowerLegAlpha=-0.0392699092626572
LowerLegTheta=-0.0785398185253143
