[%General]
Highest=159
CenterX=35.7306992433997
CenterY=58.3504198014323
XWidth=54

[LeftLeg]
ThighAlpha=0
ThighTheta=-0.392699092626572
LowerLegAlpha=-0.0785398185253143
LowerLegTheta=-0.314159274101257

[RightLeg]
ThighAlpha=0.0785398185253143
ThighTheta=0.392699092626572
LowerLegAlpha=0
LowerLegTheta=0.471238911151886
