[%General]
Highest=162
CenterX=35.548684125305
CenterY=99.3426455666141
XWidth=60

[LeftLeg]
ThighAlpha=-0.0428398996591568
ThighTheta=0.31891930103302
LowerLegAlpha=-0.121379718184471
LowerLegTheta=-0.886944591999054

[RightLeg]
ThighAlpha=0.121379725635052
ThighTheta=0.0364932715892792
LowerLegAlpha=0.0999597758054733
LowerLegTheta=-0.106306403875351
