[%General]
Highest=150
CenterX=37.6749938850387
CenterY=149.472857725234
XWidth=48

[LeftLeg]
ThighAlpha=-0.0785398185253143
ThighTheta=0.282199382781982
LowerLegAlpha=-0.13922968506813
LowerLegTheta=-0.956757783889771

[RightLeg]
ThighAlpha=0.0856798067688942
ThighTheta=0.0265199784189463
LowerLegAlpha=0.0856798067688942
LowerLegTheta=-0.0564398318529129
