[%General]
Highest=147
CenterX=33.5083241045006
CenterY=224.312267388029
XWidth=49

[LeftLeg]
ThighAlpha=-0.157079637050629
ThighTheta=-0.0564398318529129
LowerLegAlpha=-0.0856797993183136
LowerLegTheta=-0.0333198830485344

[RightLeg]
ThighAlpha=0.0856798067688942
ThighTheta=0.395079135894775
LowerLegAlpha=0.0999597758054733
LowerLegTheta=-0.567798674106598
