[%General]
Highest=147
CenterX=33.4876161273248
CenterY=212.302122688861
XWidth=49

[LeftLeg]
ThighAlpha=-0.117809727787971
ThighTheta=0.169319659471512
LowerLegAlpha=-0.0499798804521561
LowerLegTheta=0.0931598246097565

[RightLeg]
ThighAlpha=0.0499798879027367
ThighTheta=0.206039562821388
LowerLegAlpha=0.00713998824357986
LowerLegTheta=-1.09955739974976
