[%General]
Highest=146
CenterX=40.4650736486925
CenterY=118.29193433262
XWidth=50

[LeftLeg]
ThighAlpha=-0.0464098900556564
ThighTheta=-0.514758765697479
LowerLegAlpha=-0.0856797993183136
LowerLegTheta=-0.418199002742767

[RightLeg]
ThighAlpha=0.13922968506813
ThighTheta=0.59771865606308
LowerLegAlpha=0.021419957280159
LowerLegTheta=0.176119640469551
