[%General]
Highest=145
CenterX=41.7817959183673
CenterY=53.8196408163265
XWidth=53

[LeftLeg]
ThighAlpha=-0.117809727787971
ThighTheta=0.574598729610443
LowerLegAlpha=-0.103529758751392
LowerLegTheta=0.0496399253606796

[RightLeg]
ThighAlpha=0.13922968506813
ThighTheta=-0.514758765697479
LowerLegAlpha=0.0606898665428162
LowerLegTheta=-0.597718596458435
