[%General]
Highest=147
CenterX=37.0827006384809
CenterY=170.55401427903
XWidth=54

[LeftLeg]
ThighAlpha=-0.0785398185253143
ThighTheta=0.574598729610443
LowerLegAlpha=-0.0321299210190773
LowerLegTheta=0.282199382781982

[RightLeg]
ThighAlpha=0.13922968506813
ThighTheta=-0.454918920993805
LowerLegAlpha=0.021419957280159
LowerLegTheta=-0.0333198830485344
