[%General]
Highest=141
CenterX=32.794097769768
CenterY=263.233590694055
XWidth=43

[LeftLeg]
ThighAlpha=-0.0999597683548927
ThighTheta=-0.461718916893005
LowerLegAlpha=-0.0285599306225777
LowerLegTheta=-0.507958829402924

[RightLeg]
ThighAlpha=-0.00356999039649963
ThighTheta=0.544678807258606
LowerLegAlpha=0.0606898665428162
LowerLegTheta=0.31891930103302
