[%General]
Highest=147
CenterX=40.0131587615283
CenterY=133.260688405797
XWidth=49

[LeftLeg]
ThighAlpha=-0.024989940226078
ThighTheta=-0.282199323177338
LowerLegAlpha=0.00713998824357986
LowerLegTheta=-0.837078034877777

[RightLeg]
ThighAlpha=0.13922968506813
ThighTheta=0.371959179639816
LowerLegAlpha=-0.0107099711894989
LowerLegTheta=0.0564399100840092
