[%General]
Highest=144
CenterX=32.4084605779131
CenterY=294.453392336846
XWidth=41

[LeftLeg]
ThighAlpha=-0.117809727787971
ThighTheta=0.371959179639816
LowerLegAlpha=-0.0606898590922356
LowerLegTheta=-0.627638518810272

[RightLeg]
ThighAlpha=0.103529766201973
ThighTheta=-0.00339995324611664
LowerLegAlpha=0.0499798879027367
LowerLegTheta=0.00340002961456776
