[%General]
Highest=145
CenterX=41.8984260196584
CenterY=48.8431571041374
XWidth=52

[LeftLeg]
ThighAlpha=-0.117809727787971
ThighTheta=0.59771865606308
LowerLegAlpha=-0.103529758751392
LowerLegTheta=0.176119640469551

[RightLeg]
ThighAlpha=0.13922968506813
ThighTheta=-0.574598670005798
LowerLegAlpha=0.0606898665428162
LowerLegTheta=-0.478038877248764
