[%General]
Highest=145
CenterX=42.0984090873185
CenterY=44.5598369590976
XWidth=50

[LeftLeg]
ThighAlpha=-0.117809727787971
ThighTheta=0.574598729610443
LowerLegAlpha=-0.0678298398852348
LowerLegTheta=0.34883925318718

[RightLeg]
ThighAlpha=0.13922968506813
ThighTheta=-0.574598670005798
LowerLegAlpha=0.103529766201973
LowerLegTheta=-0.431798994541168
