[%General]
Highest=148
CenterX=40.9529044883932
CenterY=68.7370447566467
XWidth=52

[LeftLeg]
ThighAlpha=-0.117809727787971
ThighTheta=0.34883925318718
LowerLegAlpha=-0.0321299210190773
LowerLegTheta=-0.123079679906368

[RightLeg]
ThighAlpha=0.0678298473358154
ThighTheta=-0.2522794008255
LowerLegAlpha=0.0606898665428162
LowerLegTheta=-0.896917939186096
