[%General]
Highest=143
CenterX=35.6226876950879
CenterY=188.518153441761
XWidth=53

[LeftLeg]
ThighAlpha=-0.0785398185253143
ThighTheta=0.627638638019562
LowerLegAlpha=-0.0678298398852348
LowerLegTheta=0.252279460430145

[RightLeg]
ThighAlpha=0.13922968506813
ThighTheta=-0.537878751754761
LowerLegAlpha=0.021419957280159
LowerLegTheta=-0.408679038286209
