[%General]
Highest=150
CenterX=40.8164293214333
CenterY=93.5019031368946
XWidth=48

[LeftLeg]
ThighAlpha=-0.0642598494887352
ThighTheta=-0.282199323177338
LowerLegAlpha=-0.0856797993183136
LowerLegTheta=-0.0931597501039505

[RightLeg]
ThighAlpha=0.0678298473358154
ThighTheta=0.431799054145813
LowerLegAlpha=-0.0107099711894989
LowerLegTheta=-0.169319570064545
