[%General]
Highest=145
CenterX=33.960614059461
CenterY=203.537718810781
XWidth=52

[LeftLeg]
ThighAlpha=-0.117809727787971
ThighTheta=0.424999058246613
LowerLegAlpha=-0.0499798804521561
LowerLegTheta=0.070039875805378

[RightLeg]
ThighAlpha=0.0499798879027367
ThighTheta=-0.229159444570541
LowerLegAlpha=0.0606898665428162
LowerLegTheta=-0.860197961330414
