[%General]
Highest=148
CenterX=39.9490897455329
CenterY=137.312400006736
XWidth=48

[LeftLeg]
ThighAlpha=-0.00713998079299927
ThighTheta=-0.10267972946167
LowerLegAlpha=-0.0107099711894989
LowerLegTheta=-0.956757783889771

[RightLeg]
ThighAlpha=0.13922968506813
ThighTheta=0.259079456329346
LowerLegAlpha=0.0107099786400795
LowerLegTheta=0.0863598436117172
