[%General]
Highest=146
CenterX=41.6358544334895
CenterY=59.0432867109961
XWidth=53

[LeftLeg]
ThighAlpha=-0.117809727787971
ThighTheta=0.514758884906769
LowerLegAlpha=-0.0499798804521561
LowerLegTheta=0.0265199784189463

[RightLeg]
ThighAlpha=0.13922968506813
ThighTheta=-0.424998998641968
LowerLegAlpha=0.0606898665428162
LowerLegTheta=-0.777238190174103
