[%General]
Highest=150
CenterX=40.774230008477
CenterY=89.0915669837682
XWidth=48

[LeftLeg]
ThighAlpha=-0.0785398185253143
ThighTheta=-0.169319570064545
LowerLegAlpha=-0.14279967546463
LowerLegTheta=-0.116279698908329

[RightLeg]
ThighAlpha=0.0856798067688942
ThighTheta=0.401879131793976
LowerLegAlpha=0.13922968506813
LowerLegTheta=-0.567798674106598
