[%General]
Highest=144
CenterX=32.1688077484195
CenterY=291.026017182688
XWidth=40

[LeftLeg]
ThighAlpha=-0.0785398185253143
ThighTheta=0.378759175539017
LowerLegAlpha=-0.157079637050629
LowerLegTheta=-0.567798674106598

[RightLeg]
ThighAlpha=0.13922968506813
ThighTheta=0.0863598436117172
LowerLegAlpha=-0.0392699092626572
LowerLegTheta=-0.0564398318529129
