[%General]
Highest=147
CenterX=33.0229222404419
CenterY=216.511849486493
XWidth=49

[LeftLeg]
ThighAlpha=-0.157079637050629
ThighTheta=0.0265199784189463
LowerLegAlpha=-0.0321299210190773
LowerLegTheta=0.206039562821388

[RightLeg]
ThighAlpha=0.103529766201973
ThighTheta=0.355639219284058
LowerLegAlpha=-0.13922968506813
LowerLegTheta=-1.09955739974976
