[%General]
Highest=146
CenterX=33.7672610556348
CenterY=208.154796718973
XWidth=50

[LeftLeg]
ThighAlpha=-0.0785398185253143
ThighTheta=0.282199382781982
LowerLegAlpha=-0.103529758751392
LowerLegTheta=0.123079754412174

[RightLeg]
ThighAlpha=0.046409897506237
ThighTheta=0.0401199460029602
LowerLegAlpha=-0.0142799615859985
LowerLegTheta=-1.06963741779327
