[%General]
Highest=149
CenterX=40.5445176790428
CenterY=72.7591477389476
XWidth=51

[LeftLeg]
ThighAlpha=-0.121379718184471
ThighTheta=0.146199703216553
LowerLegAlpha=-0.082109808921814
LowerLegTheta=0.0265199784189463

[RightLeg]
ThighAlpha=0.13922968506813
ThighTheta=-0.0863597691059113
LowerLegAlpha=-0.117809727787971
LowerLegTheta=-0.94995778799057
