[%General]
Highest=143
CenterX=32.9105535973461
CenterY=276.727327389592
XWidth=40

[LeftLeg]
ThighAlpha=-0.00713998079299927
ThighTheta=-0.0265199020504951
LowerLegAlpha=-0.0321299210190773
LowerLegTheta=-1.09955739974976

[RightLeg]
ThighAlpha=0.103529766201973
ThighTheta=0.424999058246613
LowerLegAlpha=-0.0678298398852348
LowerLegTheta=0.0102000124752522
