[%General]
Highest=144
CenterX=32.0682892855834
CenterY=240.501612844104
XWidth=45

[LeftLeg]
ThighAlpha=-0.117809727787971
ThighTheta=-0.431798994541168
LowerLegAlpha=-0.0499798804521561
LowerLegTheta=0.00340002961456776

[RightLeg]
ThighAlpha=-0.0214199498295784
ThighTheta=0.544678807258606
LowerLegAlpha=-0.0107099711894989
LowerLegTheta=0.431799054145813
