[%General]
Highest=149
CenterX=40.8327847899025
CenterY=84.7728550886723
XWidth=48

[LeftLeg]
ThighAlpha=-0.0999597683548927
ThighTheta=-0.0333198830485344
LowerLegAlpha=-0.157079637050629
LowerLegTheta=-0.215559482574463

[RightLeg]
ThighAlpha=0.13922968506813
ThighTheta=0.288999378681183
LowerLegAlpha=0.0606898665428162
LowerLegTheta=-0.544678747653961
