[%General]
Highest=146
CenterX=42.5507391438251
CenterY=36.4560979365568
XWidth=48

[LeftLeg]
ThighAlpha=-0.0785398185253143
ThighTheta=0.514758884906769
LowerLegAlpha=-0.0142799615859985
LowerLegTheta=0.34883925318718

[RightLeg]
ThighAlpha=0.13922968506813
ThighTheta=-0.514758765697479
LowerLegAlpha=0.0999597758054733
LowerLegTheta=-0.318919241428375
