[%General]
Highest=142
CenterX=33.153491531005
CenterY=272.258103686019
XWidth=42

[LeftLeg]
ThighAlpha=-0.0285599306225777
ThighTheta=-0.109479710459709
LowerLegAlpha=0.00713998824357986
LowerLegTheta=-1.09955739974976

[RightLeg]
ThighAlpha=0.0321299284696579
ThighTheta=0.431799054145813
LowerLegAlpha=0.0606898665428162
LowerLegTheta=0.146199703216553
