[%General]
Highest=141
CenterX=32.5158318711118
CenterY=258.26587174988
XWidth=43

[LeftLeg]
ThighAlpha=-0.117809727787971
ThighTheta=-0.491638839244843
LowerLegAlpha=-0.0107099711894989
LowerLegTheta=-0.418199002742767

[RightLeg]
ThighAlpha=0.0142799690365791
ThighTheta=0.59771865606308
LowerLegAlpha=0.0428399071097374
LowerLegTheta=0.342039257287979
