[%General]
Highest=146
CenterX=32.51947641705
CenterY=231.954196363349
XWidth=47

[LeftLeg]
ThighAlpha=-0.082109808921814
ThighTheta=-0.176119565963745
LowerLegAlpha=-0.0856797993183136
LowerLegTheta=-0.215559482574463

[RightLeg]
ThighAlpha=-0.00713998079299927
ThighTheta=0.514758884906769
LowerLegAlpha=0.00356999784708023
LowerLegTheta=-0.0265199020504951
