[%General]
Highest=146
CenterX=36.5056008997918
CenterY=175.317176599334
XWidth=52

[LeftLeg]
ThighAlpha=-0.117809727787971
ThighTheta=0.544678807258606
LowerLegAlpha=-0.0499798804521561
LowerLegTheta=0.46171897649765

[RightLeg]
ThighAlpha=0.121379725635052
ThighTheta=-0.597718596458435
LowerLegAlpha=0.0321299284696579
LowerLegTheta=0.0265199784189463
