[%General]
CenterX=29.5411466887036
CenterY=95.808738767953
Highest=161
XWidth=55

[LeftLeg]
LowerLegAlpha=-0.0589000917971134
LowerLegTheta=-0.0333199985325336
ThighAlpha=-0.0642599985003471
ThighTheta=0.106310002505779

[RightLeg]
LowerLegAlpha=-0.0606900006532669
LowerLegTheta=-0.671159982681274
ThighAlpha=0.0981699973344803
ThighTheta=-0.0396700017154217
