[%General]
CenterX=29.0655708769994
CenterY=314.351726420298
Highest=135
XWidth=41

[LeftLeg]
LowerLegAlpha=0.392699092626572
LowerLegTheta=-0.235619455575943
ThighAlpha=-0.392699092626572
ThighTheta=-0.0785398185253143

[RightLeg]
LowerLegAlpha=0.0785398185253143
LowerLegTheta=-0.157079637050629
ThighAlpha=-0.0392699092626572
ThighTheta=-0.157079637050629
