[%General]
CenterX=29.8114459992824
CenterY=135.107579307288
Highest=157
XWidth=57

[LeftLeg]
LowerLegAlpha=-0.0285599995404482
LowerLegTheta=-0.548789978027344
ThighAlpha=-0.0606900006532669
ThighTheta=-0.439900010824203

[RightLeg]
LowerLegAlpha=-0.017850000411272
LowerLegTheta=0.380994856357574
ThighAlpha=-0.0214200001209974
ThighTheta=0.472625136375427
