[%General]
CenterX=34.271632879606
CenterY=20.2931768458944
Highest=159
XWidth=50

[LeftLeg]
LowerLegAlpha=-0.0981699973344803
LowerLegTheta=-0.785399973392487
ThighAlpha=0.0981699973344803
ThighTheta=-0.134869262576103

[RightLeg]
LowerLegAlpha=0.0673837810754776
LowerLegTheta=0.109480001032352
ThighAlpha=0.0843411684036255
ThighTheta=0.17611999809742
