[%General]
CenterX=29.9244685662596
CenterY=107.345639666362
Highest=161
XWidth=55

[LeftLeg]
LowerLegAlpha=-0.0981699973344803
LowerLegTheta=-0.0898452326655388
ThighAlpha=-0.0464100018143654
ThighTheta=-0.047410000115633

[RightLeg]
LowerLegAlpha=0.0606900006532669
LowerLegTheta=-0.398250013589859
ThighAlpha=0.0321299992501736
ThighTheta=0.322089999914169
