[%General]
CenterX=34.0648969056388
CenterY=22.8573002642399
Highest=159
XWidth=52

[LeftLeg]
LowerLegAlpha=-0.0981699973344803
LowerLegTheta=-0.785399973392487
ThighAlpha=0.0883620604872704
ThighTheta=-0.129309445619583

[RightLeg]
LowerLegAlpha=0.0526575706899166
LowerLegTheta=-0.0333199985325336
ThighAlpha=0.0821100026369095
ThighTheta=0.179289996623993
