[%General]
CenterX=30.6759000929985
CenterY=151.453500730703
Highest=159
XWidth=59

[LeftLeg]
LowerLegAlpha=0.0214200001209974
LowerLegTheta=-0.750490009784698
ThighAlpha=-0.0785399973392487
ThighTheta=-0.229475051164627

[RightLeg]
LowerLegAlpha=-0.0321299992501736
LowerLegTheta=0.0083297248929739
ThighAlpha=0.0981699973344803
ThighTheta=0.366715222597122
