[%General]
CenterX=32.9348213797254
CenterY=60.6432408775097
Highest=157
XWidth=58

[LeftLeg]
LowerLegAlpha=-0.0321299992501736
LowerLegTheta=0.388729989528656
ThighAlpha=-0.0785399973392487
ThighTheta=0.464890003204346

[RightLeg]
LowerLegAlpha=0.0428400002419949
LowerLegTheta=-0.394289821386337
ThighAlpha=0.0981699973344803
ThighTheta=-0.425620079040527
