[%General]
CenterX=29.9115319148936
CenterY=139.254957446809
Highest=157
XWidth=57

[LeftLeg]
LowerLegAlpha=-0.0678299963474274
LowerLegTheta=-0.534709990024567
ThighAlpha=-0.00713999988511205
ThighTheta=-0.431179910898209

[RightLeg]
LowerLegAlpha=-0.0856800004839897
LowerLegTheta=0.318919986486435
ThighAlpha=0.0856800004839897
ThighTheta=0.464890003204346
