[%General]
CenterX=30.6407926263302
CenterY=161.274904483347
Highest=160
XWidth=60

[LeftLeg]
LowerLegAlpha=-0.0981699973344803
LowerLegTheta=-0.746129989624023
ThighAlpha=-0.0606900006532669
ThighTheta=0.109480001032352

[RightLeg]
LowerLegAlpha=0.0249899998307228
LowerLegTheta=0.0027799082454294
ThighAlpha=0.0678299963474274
ThighTheta=0.140020087361336
