[%General]
CenterX=29.7472651511156
CenterY=103.327538372277
Highest=161
XWidth=54

[LeftLeg]
LowerLegAlpha=-0.0981699973344803
LowerLegTheta=-0.0333199985325336
ThighAlpha=-0.0821100026369095
ThighTheta=-0.0364900007843971

[RightLeg]
LowerLegAlpha=0.0821100026369095
LowerLegTheta=-0.746130108833313
ThighAlpha=0.0499799996614456
ThighTheta=0.26001513004303
