[%General]
CenterX=25.7751394246124
CenterY=231.744097486672
Highest=159
XWidth=52

[LeftLeg]
LowerLegAlpha=-0.0678299963474274
LowerLegTheta=-0.0364900007843971
ThighAlpha=-0.0785399973392487
ThighTheta=0.179289996623993

[RightLeg]
LowerLegAlpha=0.0249899998307228
LowerLegTheta=-0.785399973392487
ThighAlpha=0.00713999988511205
ThighTheta=0.0190403666347265
