[%General]
CenterX=33.7136900070829
CenterY=43.4070091080496
Highest=161
XWidth=56

[LeftLeg]
LowerLegAlpha=-0.0499798804521561
LowerLegTheta=-0.112653076648712
ThighAlpha=0.0678298473358154
ThighTheta=0.325265944004059

[RightLeg]
LowerLegAlpha=0.0107099786400795
LowerLegTheta=-0.176119565963745
ThighAlpha=0.121379725635052
ThighTheta=-0.179292917251587
