[%General]
CenterX=29.8645712027949
CenterY=114.669969638995
Highest=160
XWidth=57

[LeftLeg]
LowerLegAlpha=-0.0642599985003471
LowerLegTheta=-0.112649999558926
ThighAlpha=-0.0821100026369095
ThighTheta=-0.249109998345375

[RightLeg]
LowerLegAlpha=-0.0227586459368467
LowerLegTheta=-0.0341099984943867
ThighAlpha=0.044178556650877
ThighTheta=0.386350005865097
