[%General]
CenterX=33.4705748499588
CenterY=32.384977861213
Highest=161
XWidth=53

[LeftLeg]
LowerLegAlpha=-0.0142799997702241
LowerLegTheta=-0.52836000919342
ThighAlpha=0.0249899998307228
ThighTheta=0.103129997849464

[RightLeg]
LowerLegAlpha=0.00713999988511205
LowerLegTheta=-0.144585236907005
ThighAlpha=0.0981699973344803
ThighTheta=0.00495522934943438
