[%General]
CenterX=26.0617630271898
CenterY=238.932371549662
Highest=158
XWidth=54

[LeftLeg]
LowerLegAlpha=-0.0499798804521561
LowerLegTheta=0.0333199352025986
ThighAlpha=-0.0785398185253143
ThighTheta=-0.0364932343363762

[RightLeg]
LowerLegAlpha=0.0642598569393158
LowerLegTheta=-0.747318267822266
ThighAlpha=0.0678298473358154
ThighTheta=0.391905784606934
