[%General]
CenterX=26.1680933655342
CenterY=242.949865338172
Highest=158
XWidth=55

[LeftLeg]
LowerLegAlpha=-0.0678298398852348
LowerLegTheta=-0.0364932343363762
ThighAlpha=-0.0785398185253143
ThighTheta=-0.106306403875351

[RightLeg]
LowerLegAlpha=-0.0142799615859985
LowerLegTheta=-0.461718916893005
ThighAlpha=0.0321299284696579
ThighTheta=0.391905784606934
