[%General]
CenterX=29.8516653229606
CenterY=118.386359115039
Highest=160
XWidth=58

[LeftLeg]
LowerLegAlpha=-0.0678299963474274
LowerLegTheta=-0.196545138955116
ThighAlpha=-0.0464100018143654
ThighTheta=-0.308014869689941

[RightLeg]
LowerLegAlpha=-0.0285599995404482
LowerLegTheta=0.179289996623993
ThighAlpha=0.0142799997702241
ThighTheta=0.39190998673439
