[%General]
CenterX=35.9640754800022
CenterY=6.65670902789239
Highest=157
XWidth=40

[LeftLeg]
LowerLegAlpha=0.0785398185253143
LowerLegTheta=0.510508835315704
ThighAlpha=-0.353429168462753
ThighTheta=-0.157079637050629

[RightLeg]
LowerLegAlpha=-0.0392699092626572
LowerLegTheta=0.431968986988068
ThighAlpha=0.0785398185253143
ThighTheta=-0.0785398185253143
