[%General]
CenterX=30.3395291201983
CenterY=88.6291106662854
Highest=160
XWidth=56

[LeftLeg]
LowerLegAlpha=-0.0981699973344803
LowerLegTheta=0.0333199985325336
ThighAlpha=0.0464100018143654
ThighTheta=0.249109998345375

[RightLeg]
LowerLegAlpha=0.0821100026369095
LowerLegTheta=-0.785399973392487
ThighAlpha=0.0981699973344803
ThighTheta=-0.156290546059608
