[%General]
CenterX=30.7056416704456
CenterY=168.417054870759
Highest=161
XWidth=61

[LeftLeg]
LowerLegAlpha=-0.0142799997702241
LowerLegTheta=-0.159655049443245
ThighAlpha=-0.0981699973344803
ThighTheta=0.0364900007843971

[RightLeg]
LowerLegAlpha=0.0606900006532669
LowerLegTheta=-0.0245901830494404
ThighAlpha=0.0981699973344803
ThighTheta=0.0333199985325336
