[%General]
CenterX=29.7872255698192
CenterY=124.591123919308
Highest=158
XWidth=58

[LeftLeg]
LowerLegAlpha=-0.103529758751392
LowerLegTheta=-0.2459327429533
ThighAlpha=-0.0214199498295784
ThighTheta=-0.391905754804611

[RightLeg]
LowerLegAlpha=-0.0285599306225777
LowerLegTheta=0.388732463121414
ThighAlpha=-0.0214199498295784
ThighTheta=0.46489229798317
