[%General]
CenterX=30.8361450727956
CenterY=84.8860327472243
Highest=159
XWidth=57

[LeftLeg]
LowerLegAlpha=-0.0981699973344803
LowerLegTheta=0.0222103670239449
ThighAlpha=0.0107100000604987
ThighTheta=0.330819815397263

[RightLeg]
LowerLegAlpha=0.0249899998307228
LowerLegTheta=-0.744140028953552
ThighAlpha=0.0981699973344803
ThighTheta=-0.252279996871948
