[%General]
CenterX=32.8547539100468
CenterY=64.2356631616153
Highest=157
XWidth=59

[LeftLeg]
LowerLegAlpha=-0.0464100912213326
LowerLegTheta=0.308014869689941
ThighAlpha=-0.0606900006532669
ThighTheta=0.475805133581161

[RightLeg]
LowerLegAlpha=0.0428400002419949
LowerLegTheta=-0.545620024204254
ThighAlpha=0.0981699973344803
ThighTheta=-0.361360013484955
