[%General]
CenterX=26.8768206525556
CenterY=284.006854221386
Highest=154
XWidth=47

[LeftLeg]
LowerLegAlpha=-0.0142799615859985
LowerLegTheta=-0.610865235328674
ThighAlpha=-0.0107099711894989
ThighTheta=-0.318919241428375

[RightLeg]
LowerLegAlpha=0.0249899476766586
LowerLegTheta=0.0364932715892792
ThighAlpha=-0.00356999039649963
ThighTheta=0.46489229798317
