[%General]
CenterX=29.8974824459816
CenterY=110.887769048588
Highest=162
XWidth=57

[LeftLeg]
LowerLegAlpha=-0.0981699973344803
LowerLegTheta=-0.109480001032352
ThighAlpha=-0.0642599985003471
ThighTheta=-0.117215134203434

[RightLeg]
LowerLegAlpha=0.00713999988511205
LowerLegTheta=-0.193379998207092
ThighAlpha=0.0285599995404482
ThighTheta=0.313369989395142
