[%General]
CenterX=32.4632466823404
CenterY=68.1555038051411
Highest=157
XWidth=60

[LeftLeg]
LowerLegAlpha=-0.0499798804521561
LowerLegTheta=0.179292947053909
ThighAlpha=-0.0999597683548927
ThighTheta=0.534705460071564

[RightLeg]
LowerLegAlpha=0.0606898665428162
LowerLegTheta=-0.534705400466919
ThighAlpha=0.13922968506813
ThighTheta=-0.391905754804611
