[%General]
CenterX=29.0355482202085
CenterY=308.259660704934
Highest=146
XWidth=45

[LeftLeg]
LowerLegAlpha=-0.0142799615859985
LowerLegTheta=-0.461718916893005
ThighAlpha=-0.0785398185253143
ThighTheta=0.388732463121414

[RightLeg]
LowerLegAlpha=0.0606898665428162
LowerLegTheta=-0.179292917251587
ThighAlpha=0.13922968506813
ThighTheta=0.0364932715892792
