[%General]
CenterX=30.7975649974024
CenterY=157.847778455422
Highest=160
XWidth=60

[LeftLeg]
LowerLegAlpha=0.00356999994255602
LowerLegTheta=-0.747319996356964
ThighAlpha=-0.0606900006532669
ThighTheta=-0.106310002505779

[RightLeg]
LowerLegAlpha=0.00713999988511205
LowerLegTheta=0.0333199985325336
ThighAlpha=0.0678299963474274
ThighTheta=0.19020514190197
