[%General]
CenterX=33.3006225689273
CenterY=53.6620661573246
Highest=159
XWidth=58

[LeftLeg]
LowerLegAlpha=-0.0142799997702241
LowerLegTheta=0.388729989528656
ThighAlpha=-0.0392699986696243
ThighTheta=0.39190998673439

[RightLeg]
LowerLegAlpha=0.0285599995404482
LowerLegTheta=-0.242760002613068
ThighAlpha=0.0981699973344803
ThighTheta=-0.395080000162125
