[%General]
CenterX=30.3294011563146
CenterY=147.393168196043
Highest=159
XWidth=58

[LeftLeg]
LowerLegAlpha=-0.0107100000604987
LowerLegTheta=-0.691789984703064
ThighAlpha=-0.0285599995404482
ThighTheta=-0.274100005626678

[RightLeg]
LowerLegAlpha=-0.0142799997702241
LowerLegTheta=0.0694199055433273
ThighAlpha=0.0678299963474274
ThighTheta=0.425620079040527
