[%General]
CenterX=33.6866884840762
CenterY=25.5759796113412
Highest=160
XWidth=52

[LeftLeg]
LowerLegAlpha=-0.0499799996614456
LowerLegTheta=-0.523004651069641
ThighAlpha=0.0821100026369095
ThighTheta=-0.0362955033779144

[RightLeg]
LowerLegAlpha=0.0821100026369095
LowerLegTheta=0
ThighAlpha=0.0856800004839897
ThighTheta=0.0813200026750565
