[%General]
CenterX=33.7991951856148
CenterY=16.1160455336427
Highest=157
XWidth=49

[LeftLeg]
LowerLegAlpha=0.0392699092626572
LowerLegTheta=0
ThighAlpha=-0.353429168462753
ThighTheta=0.314159274101257

[RightLeg]
LowerLegAlpha=0
LowerLegTheta=0.0392699092626572
ThighAlpha=0.117809727787971
ThighTheta=0.274889349937439
