[%General]
CenterX=25.4068521353534
CenterY=263.179406640976
Highest=154
XWidth=52

[LeftLeg]
LowerLegAlpha=-0.0499798804521561
LowerLegTheta=-0.325265914201736
ThighAlpha=-0.0785398185253143
ThighTheta=-0.391905754804611

[RightLeg]
LowerLegAlpha=-0.103529758751392
LowerLegTheta=0.531532108783722
ThighAlpha=-0.0214199498295784
ThighTheta=0.46489229798317
