[%General]
CenterX=29.7053292216817
CenterY=92.1835150277971
Highest=160
XWidth=55

[LeftLeg]
LowerLegAlpha=-0.0981699973344803
LowerLegTheta=-0.00813522934913635
ThighAlpha=-0.00669378461316228
ThighTheta=0.19020514190197

[RightLeg]
LowerLegAlpha=-0.0107100000604987
LowerLegTheta=-0.785399973392487
ThighAlpha=0.0981699973344803
ThighTheta=-0.0396700017154217
