[%General]
CenterX=26.0783030842308
CenterY=246.663011475903
Highest=158
XWidth=55

[LeftLeg]
LowerLegAlpha=-0.121379718184471
LowerLegTheta=0.0364932715892792
ThighAlpha=-0.0785398185253143
ThighTheta=-0.179292917251587

[RightLeg]
LowerLegAlpha=0.0642598569393158
LowerLegTheta=-0.395079076290131
ThighAlpha=0.0142799690365791
ThighTheta=0.46489229798317
