[%General]
CenterX=30.8718060875039
CenterY=182.396274524447
Highest=159
XWidth=62

[LeftLeg]
LowerLegAlpha=0.0214200001209974
LowerLegTheta=0.238194867968559
ThighAlpha=-0.0785399973392487
ThighTheta=0.402815133333206

[RightLeg]
LowerLegAlpha=0.0107100000604987
LowerLegTheta=-0.0364900007843971
ThighAlpha=0.0981699973344803
ThighTheta=-0.318919986486435
