[%General]
CenterX=25.8111219303979
CenterY=249.954354466513
Highest=158
XWidth=54

[LeftLeg]
LowerLegAlpha=-0.0142799615859985
LowerLegTheta=-0.0364932343363762
ThighAlpha=-0.0999597683548927
ThighTheta=-0.2522794008255

[RightLeg]
LowerLegAlpha=-0.0285599306225777
LowerLegTheta=-0.109479740262032
ThighAlpha=-0.00356999039649963
ThighTheta=0.46489229798317
