[%General]
CenterX=30.8968110117969
CenterY=175.538399395138
Highest=162
XWidth=62

[LeftLeg]
LowerLegAlpha=-0.0727387368679047
LowerLegTheta=-0.0787354111671448
ThighAlpha=-0.0107100000604987
ThighTheta=0.277270287275314

[RightLeg]
LowerLegAlpha=0.00713999988511205
LowerLegTheta=0.0364900007843971
ThighAlpha=0.0981699973344803
ThighTheta=-0.17611999809742
