[%General]
CenterX=32.8850415512465
CenterY=3.07571560480148
Highest=125
XWidth=41

[LeftLeg]
LowerLegAlpha=-0.274889349937439
LowerLegTheta=0.0392699092626572
ThighAlpha=-0.392699092626572
ThighTheta=-0.117809727787971

[RightLeg]
LowerLegAlpha=-0.0392699092626572
LowerLegTheta=0.235619455575943
ThighAlpha=-0.0785398185253143
ThighTheta=-0.157079637050629
