[%General]
CenterX=26.486719301624
CenterY=227.481199050003
Highest=157
XWidth=52

[LeftLeg]
LowerLegAlpha=-0.0321299210190773
LowerLegTheta=0.030146598815918
ThighAlpha=-0.0606898590922356
ThighTheta=0.252279460430145

[RightLeg]
LowerLegAlpha=0.00713998824357986
LowerLegTheta=-0.820304751396179
ThighAlpha=-0.00356999039649963
ThighTheta=-0.0364932343363762
