[%General]
CenterX=25.4345858639792
CenterY=266.617766802376
Highest=153
XWidth=52

[LeftLeg]
LowerLegAlpha=-0.0464098900556564
LowerLegTheta=-0.255452752113342
ThighAlpha=-0.0785398185253143
ThighTheta=-0.461718916893005

[RightLeg]
LowerLegAlpha=-0.0499798804521561
LowerLegTheta=0.531532108783722
ThighAlpha=-0.024989940226078
ThighTheta=0.46489229798317
