[%General]
CenterX=27.318500971645
CenterY=292.257875998241
Highest=152
XWidth=46

[LeftLeg]
LowerLegAlpha=-0.0981699973344803
LowerLegTheta=-0.785399973392487
ThighAlpha=0.0107100000604987
ThighTheta=-0.109480001032352

[RightLeg]
LowerLegAlpha=-0.0981699973344803
LowerLegTheta=-0.249109998345375
ThighAlpha=0.0856800004839897
ThighTheta=0.464890003204346
