[%General]
CenterX=28.3703803107974
CenterY=302.888107571325
Highest=148
XWidth=47

[LeftLeg]
LowerLegAlpha=0.0606900006532669
LowerLegTheta=-0.785399973392487
ThighAlpha=-0.0981699973344803
ThighTheta=0.18266449868679

[RightLeg]
LowerLegAlpha=-0.0214200001209974
LowerLegTheta=-0.17611999809742
ThighAlpha=0.0981699973344803
ThighTheta=0.17611999809742
