[%General]
CenterX=25.8896064279219
CenterY=235.443220407271
Highest=160
XWidth=53

[LeftLeg]
LowerLegAlpha=-0.0638088285923004
LowerLegTheta=-0.0247946791350842
ThighAlpha=-0.0763085559010506
ThighTheta=0.100954681634903

[RightLeg]
LowerLegAlpha=-0.0107100000604987
LowerLegTheta=-0.785399973392487
ThighAlpha=-0.00491000013425946
ThighTheta=0.304830014705658
