[%General]
CenterX=30.1348634112573
CenterY=143.238308749135
Highest=157
XWidth=58

[LeftLeg]
LowerLegAlpha=-0.0142799997702241
LowerLegTheta=-0.534709990024567
ThighAlpha=-0.0606900006532669
ThighTheta=-0.39190998673439

[RightLeg]
LowerLegAlpha=-0.0142799997702241
LowerLegTheta=0.191189810633659
ThighAlpha=0.0321299992501736
ThighTheta=0.456170171499252
