[%General]
CenterX=33.3971355115381
CenterY=50.3697813121272
Highest=160
XWidth=57

[LeftLeg]
LowerLegAlpha=0.0214200001209974
LowerLegTheta=0.201304763555527
ThighAlpha=-0.0606900006532669
ThighTheta=0.386350184679031

[RightLeg]
LowerLegAlpha=0.0249899998307228
LowerLegTheta=-0.0999599993228912
ThighAlpha=0.0981699973344803
ThighTheta=-0.395080000162125
