[%General]
CenterX=25.4315753188556
CenterY=256.777132553761
Highest=157
XWidth=54

[LeftLeg]
LowerLegAlpha=-0.0499798804521561
LowerLegTheta=-0.255452752113342
ThighAlpha=-0.0999597683548927
ThighTheta=-0.318919241428375

[RightLeg]
LowerLegAlpha=-0.0999597683548927
LowerLegTheta=0.458545625209808
ThighAlpha=-0.0214199498295784
ThighTheta=0.395079135894775
