[%General]
CenterX=29.1998664465508
CenterY=310.326723674204
Highest=143
XWidth=45

[LeftLeg]
LowerLegAlpha=-0.13922968506813
LowerLegTheta=-0.674331784248352
ThighAlpha=-0.0785398185253143
ThighTheta=0.534705460071564

[RightLeg]
LowerLegAlpha=0.0285599380731583
LowerLegTheta=-0.2459327429533
ThighAlpha=0.13922968506813
ThighTheta=0.0333199352025986
