[%General]
CenterX=29.1697052662145
CenterY=312.338249019974
Highest=140
XWidth=43

[LeftLeg]
LowerLegAlpha=-0.0678299963474274
LowerLegTheta=-0.490875691175461
ThighAlpha=-0.0981699973344803
ThighTheta=0.674329996109009

[RightLeg]
LowerLegAlpha=0.0981699973344803
LowerLegTheta=-0.109480001032352
ThighAlpha=0.0142799997702241
ThighTheta=-0.106310002505779
