[%General]
CenterX=30.6407926263302
CenterY=161.274904483347
Highest=160
XWidth=60

[LeftLeg]
LowerLegAlpha=-0.0981699973344803
LowerLegTheta=-0.746129989624023
ThighAlpha=-0.0606900006532669
ThighTheta=0.0309401843696833

[RightLeg]
LowerLegAlpha=0.0249899998307228
LowerLegTheta=0.002779999980703
ThighAlpha=0.0678299963474274
ThighTheta=0.140019997954369
