[%General]
CenterX=27.801418727199
CenterY=296.126901770031
Highest=150
XWidth=47

[LeftLeg]
LowerLegAlpha=0.00356999784708023
LowerLegTheta=-0.81395810842514
ThighAlpha=-0.0428398996591568
ThighTheta=-0.0396665707230568

[RightLeg]
LowerLegAlpha=0.00713998824357986
LowerLegTheta=-0.182466238737106
ThighAlpha=0.0499798879027367
ThighTheta=0.322092622518539
