[%General]
CenterX=33.6866884840762
CenterY=25.5759796113412
Highest=160
XWidth=52

[LeftLeg]
LowerLegAlpha=-0.0499799996614456
LowerLegTheta=-0.385560005903244
ThighAlpha=0.0821100026369095
ThighTheta=-0.252279996871948

[RightLeg]
LowerLegAlpha=0.0821100026369095
LowerLegTheta=0
ThighAlpha=0.0856800004839897
ThighTheta=0.0813197270035744
