[%General]
CenterX=30.8170926190963
CenterY=172.113105704355
Highest=160
XWidth=62

[LeftLeg]
LowerLegAlpha=0.00356999994255602
LowerLegTheta=-0.17611999809742
ThighAlpha=-0.0606900006532669
ThighTheta=0.249109998345375

[RightLeg]
LowerLegAlpha=0.0642599985003471
LowerLegTheta=-0.0027799082454294
ThighAlpha=0.0981699973344803
ThighTheta=-0.0670400932431221
