[%General]
CenterX=29.702436440678
CenterY=121.388877118644
Highest=160
XWidth=58

[LeftLeg]
LowerLegAlpha=-0.0142799615859985
LowerLegTheta=-0.112653076648712
ThighAlpha=-0.0999597683548927
ThighTheta=-0.388732433319092

[RightLeg]
LowerLegAlpha=-0.0642598494887352
LowerLegTheta=0.395079135894775
ThighAlpha=-0.00356999039649963
ThighTheta=0.391905784606934
