[%General]
CenterX=30.9452735761389
CenterY=154.708386981202
Highest=159
XWidth=60

[LeftLeg]
LowerLegAlpha=-0.0142799997702241
LowerLegTheta=-0.778854787349701
ThighAlpha=-0.0464100018143654
ThighTheta=-0.147755235433578

[RightLeg]
LowerLegAlpha=0.0107100000604987
LowerLegTheta=0.0364900007843971
ThighAlpha=0.0678299963474274
ThighTheta=0.279650002717972
