[%General]
CenterX=28.2671976346177
CenterY=299.851098118083
Highest=149
XWidth=47

[LeftLeg]
LowerLegAlpha=0.0214200001209974
LowerLegTheta=-0.785399973392487
ThighAlpha=-0.0606900006532669
ThighTheta=0.103129997849464

[RightLeg]
LowerLegAlpha=-0.0785399973392487
LowerLegTheta=-0.252279996871948
ThighAlpha=0.0981699973344803
ThighTheta=0.252279996871948
