[%General]
CenterX=33.971082163797
CenterY=8.62133552649033
Highest=156
XWidth=44

[LeftLeg]
LowerLegAlpha=0.0785398185253143
LowerLegTheta=0.510508835315704
ThighAlpha=-0.353429168462753
ThighTheta=-0.0392699092626572

[RightLeg]
LowerLegAlpha=0.0392699092626572
LowerLegTheta=0.431968986988068
ThighAlpha=0.0392699092626572
ThighTheta=0.0392699092626572
