[%General]
CenterX=32.8547539100468
CenterY=64.2356631616153
Highest=157
XWidth=59

[LeftLeg]
LowerLegAlpha=-0.0856800004839897
LowerLegTheta=0.249109998345375
ThighAlpha=-0.0606900006532669
ThighTheta=0.534709990024567

[RightLeg]
LowerLegAlpha=0.0428400002419949
LowerLegTheta=-0.545615136623383
ThighAlpha=0.0981699973344803
ThighTheta=-0.361359894275665
