[%General]
CenterX=27.0339455279468
CenterY=288.475948143515
Highest=153
XWidth=46

[LeftLeg]
LowerLegAlpha=-0.0107099711894989
LowerLegTheta=-0.747318267822266
ThighAlpha=-0.00356999039649963
ThighTheta=-0.2522794008255

[RightLeg]
LowerLegAlpha=0.0249899476766586
LowerLegTheta=-0.106306403875351
ThighAlpha=0.0142799690365791
ThighTheta=0.46489229798317
