[%General]
CenterX=29.4023845918679
CenterY=210.060140629777
Highest=156
XWidth=58

[LeftLeg]
LowerLegAlpha=-0.0321299992501736
LowerLegTheta=0.106310002505779
ThighAlpha=-0.0606900006532669
ThighTheta=0.534709990024567

[RightLeg]
LowerLegAlpha=0.0249899998307228
LowerLegTheta=-0.667590260505676
ThighAlpha=0.0678299963474274
ThighTheta=-0.347284764051437
