[%General]
CenterX=27.407080211716
CenterY=223.444194430949
Highest=158
XWidth=54

[LeftLeg]
LowerLegAlpha=-0.0321299992501736
LowerLegTheta=0.197940275073051
ThighAlpha=-0.0606900006532669
ThighTheta=0.221739903092384

[RightLeg]
LowerLegAlpha=0.00356999994255602
LowerLegTheta=-0.785399973392487
ThighAlpha=0.0285599995404482
ThighTheta=-0.109480001032352
