[%General]
CenterX=25.9764519261012
CenterY=274.530556429226
Highest=154
XWidth=48

[LeftLeg]
LowerLegAlpha=-0.0142799615859985
LowerLegTheta=-0.468065589666367
ThighAlpha=-0.0428398996591568
ThighTheta=-0.391905754804611

[RightLeg]
LowerLegAlpha=0.0107099786400795
LowerLegTheta=0.31891930103302
ThighAlpha=-0.0428398996591568
ThighTheta=0.46489229798317
