[%General]
CenterX=27.9978234922418
CenterY=345.366987292003
Highest=113
XWidth=35

[LeftLeg]
LowerLegAlpha=0.392699092626572
LowerLegTheta=0.746128261089325
ThighAlpha=-0.157079637050629
ThighTheta=-0.667588412761688

[RightLeg]
LowerLegAlpha=0.0392699092626572
LowerLegTheta=0.785398185253143
ThighAlpha=0.353429168462753
ThighTheta=-0.628318548202515
