[%General]
CenterX=30.6965490171774
CenterY=164.71407765486
Highest=160
XWidth=61

[LeftLeg]
LowerLegAlpha=0.0428400002419949
LowerLegTheta=-0.479169636964798
ThighAlpha=-0.0785399973392487
ThighTheta=0.0616847686469555

[RightLeg]
LowerLegAlpha=0.029449999332428
LowerLegTheta=-0.117219999432564
ThighAlpha=0.0981699973344803
ThighTheta=0.117219999432564
