[%General]
Highest=143
CenterX=35.5550512151034
CenterY=305.555292227355
XWidth=46

[LeftLeg]
ThighAlpha=-0.0196349546313286
ThighTheta=-0.235619455575943
LowerLegAlpha=-0.0981747731566429
LowerLegTheta=-0.785398185253143

[RightLeg]
ThighAlpha=-0.0589048638939857
ThighTheta=0.785398185253143
LowerLegAlpha=0
LowerLegTheta=-0.549778699874878
