[%General]
Highest=161
CenterX=36.4755877259646
CenterY=75.6345322486202
XWidth=59

[LeftLeg]
ThighAlpha=-0.0785398185253143
ThighTheta=0
LowerLegAlpha=0
LowerLegTheta=0.157079637050629

[RightLeg]
ThighAlpha=0.0981747731566429
ThighTheta=0.0785398185253143
LowerLegAlpha=0.0196349546313286
LowerLegTheta=-0.785398185253143
