[%General]
Highest=158
CenterX=37.9661943889656
CenterY=105.718442958058
XWidth=62

[LeftLeg]
ThighAlpha=-0.0392699092626572
ThighTheta=-0.471238911151886
LowerLegAlpha=0
LowerLegTheta=-0.157079637050629

[RightLeg]
ThighAlpha=0
ThighTheta=0.471238911151886
LowerLegAlpha=-0.0589048638939857
LowerLegTheta=0.392699092626572
