[%General]
Highest=158
CenterX=35.9634247590808
CenterY=231.059792438844
XWidth=57

[LeftLeg]
ThighAlpha=-0.0785398185253143
ThighTheta=0.157079637050629
LowerLegAlpha=-0.0785398185253143
LowerLegTheta=0.314159274101257

[RightLeg]
ThighAlpha=-0.0196349546313286
ThighTheta=0
LowerLegAlpha=0.0589048638939857
LowerLegTheta=-0.785398185253143
