[%General]
Highest=149
CenterX=35.7988838480667
CenterY=283.496061198535
XWidth=52

[LeftLeg]
ThighAlpha=-0.0785398185253143
ThighTheta=-0.392699092626572
LowerLegAlpha=-0.0392699092626572
LowerLegTheta=-0.549778699874878

[RightLeg]
ThighAlpha=0
ThighTheta=0.785398185253143
LowerLegAlpha=0.0785398185253143
LowerLegTheta=0.235619455575943
