[%General]
Highest=156
CenterX=39.0872035608478
CenterY=129.425326673441
XWidth=61

[LeftLeg]
ThighAlpha=-0.0392699092626572
ThighTheta=-0.471238911151886
LowerLegAlpha=0.0392699092626572
LowerLegTheta=-0.706858336925507

[RightLeg]
ThighAlpha=-0.0589048638939857
ThighTheta=0.628318548202515
LowerLegAlpha=0.0196349546313286
LowerLegTheta=0.235619455575943
