[%General]
Highest=160
CenterX=40.5873773092106
CenterY=168.063089601546
XWidth=59

[LeftLeg]
ThighAlpha=0
ThighTheta=0.314159274101257
LowerLegAlpha=-0.0196349546313286
LowerLegTheta=-0.314159274101257

[RightLeg]
ThighAlpha=-0.0196349546313286
ThighTheta=-0.0785398185253143
LowerLegAlpha=0.0589048638939857
LowerLegTheta=-0.0785398185253143
