[%General]
Highest=151
CenterX=35.1669150005198
CenterY=273.704667521397
XWidth=54

[LeftLeg]
ThighAlpha=-0.0785398185253143
ThighTheta=-0.549778699874878
LowerLegAlpha=-0.0589048638939857
LowerLegTheta=-0.157079637050629

[RightLeg]
ThighAlpha=-0.0785398185253143
ThighTheta=0.628318548202515
LowerLegAlpha=-0.0196349546313286
LowerLegTheta=0.549778699874878
