[%General]
Highest=157
CenterX=37.9341534398663
CenterY=109.954323748956
XWidth=61

[LeftLeg]
ThighAlpha=0
ThighTheta=-0.549778699874878
LowerLegAlpha=0
LowerLegTheta=-0.235619455575943

[RightLeg]
ThighAlpha=-0.0196349546313286
ThighTheta=0.471238911151886
LowerLegAlpha=-0.0981747731566429
LowerLegTheta=0.549778699874878
