[%General]
Highest=159
CenterX=35.9429205947671
CenterY=235.605135822805
XWidth=57

[LeftLeg]
ThighAlpha=-0.0785398185253143
ThighTheta=0.0785398185253143
LowerLegAlpha=-0.0589048638939857
LowerLegTheta=0.235619455575943

[RightLeg]
ThighAlpha=0.0589048638939857
ThighTheta=0.157079637050629
LowerLegAlpha=0
LowerLegTheta=-0.785398185253143
