[%General]
Highest=160
CenterX=40.7766532365075
CenterY=159.402747955319
XWidth=59

[LeftLeg]
ThighAlpha=0
ThighTheta=0.0785398185253143
LowerLegAlpha=-0.0981747731566429
LowerLegTheta=-0.628318548202515

[RightLeg]
ThighAlpha=-0.0196349546313286
ThighTheta=0
LowerLegAlpha=0.0589048638939857
LowerLegTheta=0.235619455575943
