[%General]
Highest=156
CenterX=38.4194920091324
CenterY=205.115639269406
XWidth=61

[LeftLeg]
ThighAlpha=-0.0981747731566429
ThighTheta=0.549778699874878
LowerLegAlpha=-0.0392699092626572
LowerLegTheta=0.314159274101257

[RightLeg]
ThighAlpha=0.0392699092626572
ThighTheta=-0.549778699874878
LowerLegAlpha=0.0589048638939857
LowerLegTheta=-0.392699092626572
