[%General]
Highest=143
CenterX=41.3990456383888
CenterY=80.1622542327468
XWidth=52

[LeftLeg]
ThighAlpha=0.0196349546313286
ThighTheta=-0.353429168462753
LowerLegAlpha=-0.0981747731566429
LowerLegTheta=-0.196349546313286

[RightLeg]
ThighAlpha=0.0196349546313286
ThighTheta=0.510508835315704
LowerLegAlpha=0.0196349546313286
LowerLegTheta=0.392699092626572
