[%General]
Highest=140
CenterX=36.8410773440876
CenterY=224.227221662106
XWidth=53

[LeftLeg]
ThighAlpha=-0.0981747731566429
ThighTheta=-0.510508835315704
LowerLegAlpha=0.0196349546313286
LowerLegTheta=-0.235619455575943

[RightLeg]
ThighAlpha=-0.0785398185253143
ThighTheta=0.549778699874878
LowerLegAlpha=0.0981747731566429
LowerLegTheta=0.549778699874878
