[%General]
Highest=143
CenterX=39.7165955505461
CenterY=150.699192228216
XWidth=57

[LeftLeg]
ThighAlpha=-0.0981747731566429
ThighTheta=0.549778699874878
LowerLegAlpha=-0.0785398185253143
LowerLegTheta=0.431968986988068

[RightLeg]
ThighAlpha=0.0589048638939857
ThighTheta=-0.353429168462753
LowerLegAlpha=0.0785398185253143
LowerLegTheta=-0.314159274101257
