[%General]
Highest=146
CenterX=41.21378484693
CenterY=57.6586967675731
XWidth=51

[LeftLeg]
ThighAlpha=-0.0589048638939857
ThighTheta=0.0392699092626572
LowerLegAlpha=-0.0981747731566429
LowerLegTheta=-0.0392699092626572

[RightLeg]
ThighAlpha=0.0981747731566429
ThighTheta=0.274889349937439
LowerLegAlpha=-0.0196349546313286
LowerLegTheta=-0.785398185253143
