[%General]
Highest=139
CenterX=37.0461611130196
CenterY=232.116068361388
XWidth=51

[LeftLeg]
ThighAlpha=-0.0785398185253143
ThighTheta=-0.549778699874878
LowerLegAlpha=0
LowerLegTheta=-0.392699092626572

[RightLeg]
ThighAlpha=-0.0392699092626572
ThighTheta=0.510508835315704
LowerLegAlpha=0.0981747731566429
LowerLegTheta=0.431968986988068
