[%General]
Highest=143
CenterX=37.7456979758425
CenterY=178.427651536043
XWidth=54

[LeftLeg]
ThighAlpha=-0.0981747731566429
ThighTheta=0.431968986988068
LowerLegAlpha=-0.0589048638939857
LowerLegTheta=0.0392699092626572

[RightLeg]
ThighAlpha=0.0196349546313286
ThighTheta=-0.117809727787971
LowerLegAlpha=0.0589048638939857
LowerLegTheta=-0.785398185253143
