[%General]
Highest=142
CenterX=42.9590582876513
CenterY=25.3848415031382
XWidth=49

[LeftLeg]
ThighAlpha=-0.0785398185253143
ThighTheta=0.510508835315704
LowerLegAlpha=-0.0196349546313286
LowerLegTheta=0.314159274101257

[RightLeg]
ThighAlpha=0.0785398185253143
ThighTheta=-0.589048624038696
LowerLegAlpha=-0.0589048638939857
LowerLegTheta=-0.0785398185253143
