[%General]
Highest=157
CenterX=37.3657689089336
CenterY=134.14531478251
XWidth=51

[LeftLeg]
ThighAlpha=-0.00713998079299927
ThighTheta=-0.424998998641968
LowerLegAlpha=-0.0678298398852348
LowerLegTheta=-0.717398345470428

[RightLeg]
ThighAlpha=0.0142799690365791
ThighTheta=0.574598729610443
LowerLegAlpha=0.021419957280159
LowerLegTheta=0.312119334936142
