[%General]
Highest=156
CenterX=32.2375567280375
CenterY=216.852636239531
XWidth=49

[LeftLeg]
ThighAlpha=-0.0392699092626572
ThighTheta=0.567798733711243
LowerLegAlpha=-0.0678298398852348
LowerLegTheta=0.206039562821388

[RightLeg]
ThighAlpha=0.0142799690365791
ThighTheta=-0.424998998641968
LowerLegAlpha=-0.0107099711894989
LowerLegTheta=-0.611318588256836
