[%General]
Highest=161
CenterX=35.4453444747613
CenterY=179.953913710778
XWidth=55

[LeftLeg]
ThighAlpha=-0.0428398996591568
ThighTheta=0.514758884906769
LowerLegAlpha=0.00356999784708023
LowerLegTheta=-0.215559482574463

[RightLeg]
ThighAlpha=0.0499798879027367
ThighTheta=-0.176119565963745
LowerLegAlpha=0.0428399071097374
LowerLegTheta=-0.192439526319504
