[%General]
Highest=156
CenterX=29.4763918684237
CenterY=260.876371437328
XWidth=48

[LeftLeg]
ThighAlpha=-0.024989940226078
ThighTheta=-0.235959425568581
LowerLegAlpha=-0.13922968506813
LowerLegTheta=-0.0795597806572914

[RightLeg]
ThighAlpha=0.0321299284696579
ThighTheta=0.454919010400772
LowerLegAlpha=-0.00713998079299927
LowerLegTheta=-0.0727597996592522
