[%General]
Highest=156
CenterX=41.7525753911521
CenterY=32.4389722485737
XWidth=47

[LeftLeg]
ThighAlpha=-0.082109808921814
ThighTheta=0.544678807258606
LowerLegAlpha=0.0606898665428162
LowerLegTheta=0.295799374580383

[RightLeg]
ThighAlpha=0.0499798879027367
ThighTheta=-0.371959120035172
LowerLegAlpha=0.00713998824357986
LowerLegTheta=-0.365159124135971
