[%General]
Highest=158
CenterX=43.0485014161512
CenterY=13.316104668367
XWidth=44

[LeftLeg]
ThighAlpha=0.0321299284696579
ThighTheta=0.109479792416096
LowerLegAlpha=-0.0499798804521561
LowerLegTheta=-0.418199002742767

[RightLeg]
ThighAlpha=0.0321299284696579
ThighTheta=-0.0265199020504951
LowerLegAlpha=0.0999597758054733
LowerLegTheta=-0.176119565963745
