[%General]
Highest=161
CenterX=35.405207461876
CenterY=165.534395960841
XWidth=55

[LeftLeg]
ThighAlpha=-0.117809727787971
ThighTheta=0.199239581823349
LowerLegAlpha=-0.0142799615859985
LowerLegTheta=-0.784038186073303

[RightLeg]
ThighAlpha=0.0142799690365791
ThighTheta=0.116279773414135
LowerLegAlpha=0.0999597758054733
LowerLegTheta=-0.176119565963745
