[%General]
Highest=160
CenterX=36.872037770332
CenterY=156.422266219921
XWidth=51

[LeftLeg]
ThighAlpha=-0.0285599306225777
ThighTheta=0.0265199784189463
LowerLegAlpha=0.021419957280159
LowerLegTheta=-0.926837861537933

[RightLeg]
ThighAlpha=0.0321299284696579
ThighTheta=0.259079456329346
LowerLegAlpha=0.00356999784708023
LowerLegTheta=0.0197199955582619
