[%General]
Highest=139
CenterX=27.089593711668
CenterY=303.256915412922
XWidth=41

[LeftLeg]
ThighAlpha=0.046409897506237
ThighTheta=-0.2454794049263
LowerLegAlpha=-0.13922968506813
LowerLegTheta=-0.926837861537933

[RightLeg]
ThighAlpha=0.0856798067688942
ThighTheta=0.926837921142578
LowerLegAlpha=-0.13922968506813
LowerLegTheta=-0.318919241428375
