[%General]
Highest=156
CenterX=41.4140496892698
CenterY=36.5893125353102
XWidth=48

[LeftLeg]
ThighAlpha=-0.0785398185253143
ThighTheta=0.544678807258606
LowerLegAlpha=0.021419957280159
LowerLegTheta=0.401879131793976

[RightLeg]
ThighAlpha=0.0678298473358154
ThighTheta=-0.431798994541168
LowerLegAlpha=0.00713998824357986
LowerLegTheta=-0.424998998641968
