[%General]
Highest=159
CenterX=40.4400822424449
CenterY=70.3888632050221
XWidth=52

[LeftLeg]
ThighAlpha=-0.0107099711894989
ThighTheta=0.424999058246613
LowerLegAlpha=0.00356999784708023
LowerLegTheta=-0.0795597806572914

[RightLeg]
ThighAlpha=0.13922968506813
ThighTheta=-0.2522794008255
LowerLegAlpha=-0.0642598494887352
LowerLegTheta=-0.66435843706131
