[%General]
Highest=162
CenterX=38.5053162468229
CenterY=83.6372709489401
XWidth=50

[LeftLeg]
ThighAlpha=-0.0214199498295784
ThighTheta=0.116279773414135
LowerLegAlpha=-0.117809727787971
LowerLegTheta=-0.116279698908329

[RightLeg]
ThighAlpha=0.13922968506813
ThighTheta=-0.0265199020504951
LowerLegAlpha=-0.117809727787971
LowerLegTheta=-0.295799285173416
