[%General]
Highest=158
CenterX=29.2846591403779
CenterY=241.117624865775
XWidth=49

[LeftLeg]
ThighAlpha=-0.0785398185253143
ThighTheta=0.0863598436117172
LowerLegAlpha=-0.0856797993183136
LowerLegTheta=0.19243960082531

[RightLeg]
ThighAlpha=0.0606898665428162
ThighTheta=-0.176119565963745
LowerLegAlpha=-0.117809727787971
LowerLegTheta=-0.139399647712708
