[%General]
Highest=157
CenterX=29.8878661087866
CenterY=256.50119944212
XWidth=48

[LeftLeg]
ThighAlpha=-0.0285599306225777
ThighTheta=-0.169319570064545
LowerLegAlpha=-0.157079637050629
LowerLegTheta=-0.0265199020504951

[RightLeg]
ThighAlpha=0.0321299284696579
ThighTheta=0.395079135894775
LowerLegAlpha=0.021419957280159
LowerLegTheta=-0.2522794008255
