[%General]
Highest=158
CenterX=37.3643014783687
CenterY=139.283535387127
XWidth=50

[LeftLeg]
ThighAlpha=-0.024989940226078
ThighTheta=-0.401879042387009
LowerLegAlpha=-0.0107099711894989
LowerLegTheta=-0.717398345470428

[RightLeg]
ThighAlpha=-0.00356999039649963
ThighTheta=0.574598729610443
LowerLegAlpha=0.0428399071097374
LowerLegTheta=0.169319659471512
