[%General]
Highest=159
CenterX=37.4419162690907
CenterY=115.425105157666
XWidth=53

[LeftLeg]
ThighAlpha=-0.0428398996591568
ThighTheta=-0.401879042387009
LowerLegAlpha=-0.0678298398852348
LowerLegTheta=-0.395079076290131

[RightLeg]
ThighAlpha=0.0142799690365791
ThighTheta=0.514758884906769
LowerLegAlpha=-0.0107099711894989
LowerLegTheta=0.46171897649765
