[%General]
Highest=156
CenterX=33.0432320952585
CenterY=211.881841352608
XWidth=48

[LeftLeg]
ThighAlpha=-0.0785398185253143
ThighTheta=0.574598729610443
LowerLegAlpha=-0.0107099711894989
LowerLegTheta=0.312119334936142

[RightLeg]
ThighAlpha=0.0142799690365791
ThighTheta=-0.431798994541168
LowerLegAlpha=0.0249899476766586
LowerLegTheta=-0.567798674106598
