[%General]
Highest=157
CenterX=40.9693354310521
CenterY=50.3304781050607
XWidth=52

[LeftLeg]
ThighAlpha=-0.082109808921814
ThighTheta=0.574598729610443
LowerLegAlpha=-0.0321299210190773
LowerLegTheta=0.259079456329346

[RightLeg]
ThighAlpha=0.0678298473358154
ThighTheta=-0.431798994541168
LowerLegAlpha=0.0606898665428162
LowerLegTheta=-0.657558441162109
