[%General]
Highest=163
CenterX=37.6982546960509
CenterY=93.5146723857418
XWidth=53

[LeftLeg]
ThighAlpha=-0.0606898590922356
ThighTheta=-0.0265199020504951
LowerLegAlpha=-0.13922968506813
LowerLegTheta=-0.229159444570541

[RightLeg]
ThighAlpha=0.0321299284696579
ThighTheta=0.31891930103302
LowerLegAlpha=0.0249899476766586
LowerLegTheta=-0.24275940656662
