[%General]
Highest=158
CenterX=42.7424525884162
CenterY=21.3029472065607
XWidth=45

[LeftLeg]
ThighAlpha=-0.00356999039649963
ThighTheta=0.371959179639816
LowerLegAlpha=0.00356999784708023
LowerLegTheta=-0.212839469313622

[RightLeg]
ThighAlpha=0.0285599380731583
ThighTheta=-0.169319570064545
LowerLegAlpha=0.0107099786400795
LowerLegTheta=-0.235959425568581
