[%General]
Highest=158
CenterX=29.9355289041183
CenterY=250.937194618948
XWidth=48

[LeftLeg]
ThighAlpha=-0.0606898590922356
ThighTheta=-0.0863597691059113
LowerLegAlpha=-0.157079637050629
LowerLegTheta=0.123079754412174

[RightLeg]
ThighAlpha=0.0856798067688942
ThighTheta=0.431799054145813
LowerLegAlpha=-0.00356999039649963
LowerLegTheta=-0.305319279432297
