[%General]
Highest=157
CenterX=34.8753325864725
CenterY=198.403584932082
XWidth=51

[LeftLeg]
ThighAlpha=-0.0392699092626572
ThighTheta=0.514758884906769
LowerLegAlpha=-0.0678298398852348
LowerLegTheta=0.49163892865181

[RightLeg]
ThighAlpha=0.0499798879027367
ThighTheta=-0.461718916893005
LowerLegAlpha=0.0249899476766586
LowerLegTheta=-0.2454794049263
