[%General]
Highest=157
CenterX=29.6370590962588
CenterY=236.529655123221
XWidth=49

[LeftLeg]
ThighAlpha=-0.117809727787971
ThighTheta=0.288999378681183
LowerLegAlpha=-0.0142799615859985
LowerLegTheta=0.123079754412174

[RightLeg]
ThighAlpha=0.0142799690365791
ThighTheta=-0.0863597691059113
LowerLegAlpha=-0.117809727787971
LowerLegTheta=-0.650758504867554
