[%General]
Highest=158
CenterX=36.9236861562962
CenterY=119.393797633944
XWidth=52

[LeftLeg]
ThighAlpha=-0.0642598494887352
ThighTheta=-0.431798994541168
LowerLegAlpha=-0.0499798804521561
LowerLegTheta=-0.454918920993805

[RightLeg]
ThighAlpha=0.0142799690365791
ThighTheta=0.507958889007568
LowerLegAlpha=0.00713998824357986
LowerLegTheta=0.521558880805969
