[%General]
Highest=162
CenterX=37.8988770783047
CenterY=98.1565343847918
XWidth=53

[LeftLeg]
ThighAlpha=-0.0214199498295784
ThighTheta=-0.146199628710747
LowerLegAlpha=-0.121379718184471
LowerLegTheta=-0.2522794008255

[RightLeg]
ThighAlpha=0.0321299284696579
ThighTheta=0.401879131793976
LowerLegAlpha=0.0285599380731583
LowerLegTheta=-0.176119565963745
