[%General]
Highest=162
CenterX=35.4658670828884
CenterY=175.54318300063
XWidth=55

[LeftLeg]
ThighAlpha=-0.0785398185253143
ThighTheta=0.312119334936142
LowerLegAlpha=0.00713998824357986
LowerLegTheta=-0.192439526319504

[RightLeg]
ThighAlpha=0.0142799690365791
ThighTheta=-0.0863597691059113
LowerLegAlpha=0.0999597758054733
LowerLegTheta=-0.152999609708786
