[%General]
Highest=136
CenterX=27.0592833876221
CenterY=308.287740598164
XWidth=37

[LeftLeg]
ThighAlpha=0.0856798067688942
ThighTheta=-0.109479710459709
LowerLegAlpha=-0.13922968506813
LowerLegTheta=-1.09955739974976

[RightLeg]
ThighAlpha=0.0285599380731583
ThighTheta=0.926837921142578
LowerLegAlpha=-0.0785398185253143
LowerLegTheta=-0.461718916893005
