[%General]
Highest=158
CenterX=38.7664200688923
CenterY=138.926863654201
XWidth=60

[LeftLeg]
ThighAlpha=-0.0785398185253143
ThighTheta=-0.0795597806572914
LowerLegAlpha=0.021419957280159
LowerLegTheta=-1.06963741779327

[RightLeg]
ThighAlpha=0.0321299284696579
ThighTheta=0.312119334936142
LowerLegAlpha=0.021419957280159
LowerLegTheta=0.0863598436117172
