[%General]
Highest=160
CenterX=38.2430389035208
CenterY=152.755323191425
XWidth=59

[LeftLeg]
ThighAlpha=-0.0214199498295784
ThighTheta=0.222359538078308
LowerLegAlpha=-0.121379718184471
LowerLegTheta=-0.657558441162109

[RightLeg]
ThighAlpha=-0.00356999039649963
ThighTheta=0.00340002961456776
LowerLegAlpha=0.0821098163723946
LowerLegTheta=0.0863598436117172
