[%General]
Highest=160
CenterX=38.0382164820132
CenterY=147.887100550879
XWidth=60

[LeftLeg]
ThighAlpha=-0.0785398185253143
ThighTheta=0.176119640469551
LowerLegAlpha=-0.0499798804521561
LowerLegTheta=-1.03971755504608

[RightLeg]
ThighAlpha=-0.00356999039649963
ThighTheta=0.109479792416096
LowerLegAlpha=0.0606898665428162
LowerLegTheta=0.0931598246097565
