[%General]
Highest=160
CenterX=39.8984706627925
CenterY=64.0081429135129
XWidth=63

[LeftLeg]
ThighAlpha=-0.0464098900556564
ThighTheta=0.229159519076347
LowerLegAlpha=-0.103529758751392
LowerLegTheta=0.00340002961456776

[RightLeg]
ThighAlpha=0.103529766201973
ThighTheta=0.123079754412174
LowerLegAlpha=0.0428399071097374
LowerLegTheta=-1.09955739974976
