[%General]
Highest=157
CenterX=31.6001852287428
CenterY=215.281415382806
XWidth=58

[LeftLeg]
ThighAlpha=-0.0785398185253143
ThighTheta=0.312119334936142
LowerLegAlpha=0.00356999784708023
LowerLegTheta=0.176119640469551

[RightLeg]
ThighAlpha=0.00713998824357986
ThighTheta=-0.169319570064545
LowerLegAlpha=-0.0142799615859985
LowerLegTheta=-0.777238190174103
