[%General]
Highest=157
CenterX=41.9038241509739
CenterY=26.9479613950546
XWidth=54

[LeftLeg]
ThighAlpha=-0.0785398185253143
ThighTheta=0.46171897649765
LowerLegAlpha=0.0249899476766586
LowerLegTheta=0.395079135894775

[RightLeg]
ThighAlpha=-0.0214199498295784
ThighTheta=-0.507958829402924
LowerLegAlpha=0.021419957280159
LowerLegTheta=-0.146199628710747
