[%General]
Highest=160
CenterX=40.3560031324947
CenterY=59.6103837306055
XWidth=62

[LeftLeg]
ThighAlpha=-0.0785398185253143
ThighTheta=0.312119334936142
LowerLegAlpha=-0.0499798804521561
LowerLegTheta=0.0564399100840092

[RightLeg]
ThighAlpha=0.13922968506813
ThighTheta=-0.0795597806572914
LowerLegAlpha=0.021419957280159
LowerLegTheta=-0.979877710342407
