[%General]
Highest=147
CenterX=34.3514641744548
CenterY=302.177788161994
XWidth=50

[LeftLeg]
ThighAlpha=-0.0214199498295784
ThighTheta=-0.109479710459709
LowerLegAlpha=0.00356999784708023
LowerLegTheta=-1.0097975730896

[RightLeg]
ThighAlpha=0.0642598569393158
ThighTheta=0.395079135894775
LowerLegAlpha=-0.117809727787971
LowerLegTheta=-0.342039197683334
