[%General]
Highest=159
CenterX=38.51457192097
CenterY=134.582738351696
XWidth=61

[LeftLeg]
ThighAlpha=-0.0999597683548927
ThighTheta=-0.199239507317543
LowerLegAlpha=0.021419957280159
LowerLegTheta=-1.0097975730896

[RightLeg]
ThighAlpha=-0.00356999039649963
ThighTheta=0.401879131793976
LowerLegAlpha=0.0606898665428162
LowerLegTheta=0.0863598436117172
