[%General]
Highest=156
CenterX=39.0673903405272
CenterY=118.584860056349
XWidth=61

[LeftLeg]
ThighAlpha=-0.0999597683548927
ThighTheta=-0.454918920993805
LowerLegAlpha=0.0249899476766586
LowerLegTheta=-0.657558441162109

[RightLeg]
ThighAlpha=-0.00356999039649963
ThighTheta=0.574598729610443
LowerLegAlpha=0.00713998824357986
LowerLegTheta=0.312119334936142
