[%General]
Highest=159
CenterX=31.3601345375995
CenterY=229.136030850863
XWidth=59

[LeftLeg]
ThighAlpha=-0.082109808921814
ThighTheta=-0.0564398318529129
LowerLegAlpha=0.00356999784708023
LowerLegTheta=0.229159519076347

[RightLeg]
ThighAlpha=0.0499798879027367
ThighTheta=0.401879131793976
LowerLegAlpha=0.0606898665428162
LowerLegTheta=-0.837078034877777
