[%General]
Highest=156
CenterX=29.7696034886538
CenterY=247.171299362029
XWidth=59

[LeftLeg]
ThighAlpha=-0.0785398185253143
ThighTheta=-0.371959120035172
LowerLegAlpha=-0.103529758751392
LowerLegTheta=-0.0333198830485344

[RightLeg]
ThighAlpha=-0.0785398185253143
ThighTheta=0.514758884906769
LowerLegAlpha=-0.082109808921814
LowerLegTheta=0.259079456329346
