[%General]
Highest=156
CenterX=41.3564568058224
CenterY=35.6740483212034
XWidth=57

[LeftLeg]
ThighAlpha=-0.117809727787971
ThighTheta=0.484838932752609
LowerLegAlpha=0.021419957280159
LowerLegTheta=0.408679097890854

[RightLeg]
ThighAlpha=0.0678298473358154
ThighTheta=-0.544678747653961
LowerLegAlpha=-0.0321299210190773
LowerLegTheta=-0.365159124135971
