[%General]
Highest=156
CenterX=39.0052147583268
CenterY=113.588650891555
XWidth=61

[LeftLeg]
ThighAlpha=-0.0392699092626572
ThighTheta=-0.484838873147964
LowerLegAlpha=-0.0499798804521561
LowerLegTheta=-0.544678747653961

[RightLeg]
ThighAlpha=-0.00356999039649963
ThighTheta=0.544678807258606
LowerLegAlpha=-0.0285599306225777
LowerLegTheta=0.431799054145813
