[%General]
Highest=161
CenterX=40.4504467962191
CenterY=77.3735634303133
XWidth=59

[LeftLeg]
ThighAlpha=-0.0285599306225777
ThighTheta=-0.0632398128509521
LowerLegAlpha=-0.121379718184471
LowerLegTheta=-0.0727597996592522

[RightLeg]
ThighAlpha=0.0856798067688942
ThighTheta=0.371959179639816
LowerLegAlpha=0.13922968506813
LowerLegTheta=-0.830278038978577
