[%General]
Highest=157
CenterX=31.060799534549
CenterY=238.983464241422
XWidth=60

[LeftLeg]
ThighAlpha=-0.082109808921814
ThighTheta=-0.199239507317543
LowerLegAlpha=-0.0499798804521561
LowerLegTheta=0.0265199784189463

[RightLeg]
ThighAlpha=-0.00356999039649963
ThighTheta=0.484838932752609
LowerLegAlpha=0.0606898665428162
LowerLegTheta=-0.2454794049263
