[%General]
Highest=156
CenterX=33.991338672119
CenterY=194.520134037599
XWidth=61

[LeftLeg]
ThighAlpha=-0.0785398185253143
ThighTheta=0.484838932752609
LowerLegAlpha=-0.0464098900556564
LowerLegTheta=0.401879131793976

[RightLeg]
ThighAlpha=0.0321299284696579
ThighTheta=-0.514758765697479
LowerLegAlpha=0.00713998824357986
LowerLegTheta=-0.342039197683334
