[%General]
Highest=159
CenterX=41.2343587069864
CenterY=10.1999478623566
XWidth=50

[LeftLeg]
ThighAlpha=-0.00713998079299927
ThighTheta=0.079559862613678
LowerLegAlpha=-0.0678298398852348
LowerLegTheta=-0.2522794008255

[RightLeg]
ThighAlpha=-0.0428398996591568
ThighTheta=-0.235959425568581
LowerLegAlpha=0.00713998824357986
LowerLegTheta=0.0102000124752522
