[%General]
Highest=156
CenterX=38.5936497287206
CenterY=123.426389942244
XWidth=59

[LeftLeg]
ThighAlpha=-0.117809727787971
ThighTheta=-0.401879042387009
LowerLegAlpha=0.0606898665428162
LowerLegTheta=-0.747318267822266

[RightLeg]
ThighAlpha=-0.0392699092626572
ThighTheta=0.514758884906769
LowerLegAlpha=0.0606898665428162
LowerLegTheta=0.282199382781982
