[%General]
Highest=156
CenterX=36.0353443022547
CenterY=178.424443090257
XWidth=62

[LeftLeg]
ThighAlpha=-0.0392699092626572
ThighTheta=0.544678807258606
LowerLegAlpha=-0.0678298398852348
LowerLegTheta=0.514758884906769

[RightLeg]
ThighAlpha=0.0499798879027367
ThighTheta=-0.484838873147964
LowerLegAlpha=-0.0142799615859985
LowerLegTheta=-0.123079679906368
