[%General]
Highest=157
CenterX=40.875486886523
CenterY=45.1332770708907
XWidth=59

[LeftLeg]
ThighAlpha=-0.157079637050629
ThighTheta=0.484838932752609
LowerLegAlpha=0.00356999784708023
LowerLegTheta=0.199239581823349

[RightLeg]
ThighAlpha=0.103529766201973
ThighTheta=-0.424998998641968
LowerLegAlpha=0.021419957280159
LowerLegTheta=-0.747318267822266
