[%General]
Highest=159
CenterX=31.1565349105597
CenterY=224.5230813618
XWidth=57

[LeftLeg]
ThighAlpha=-0.0392699092626572
ThighTheta=0.116279773414135
LowerLegAlpha=0.00713998824357986
LowerLegTheta=0.146199703216553

[RightLeg]
ThighAlpha=0.0321299284696579
ThighTheta=0.0931598246097565
LowerLegAlpha=0.00356999784708023
LowerLegTheta=-0.67115843296051
