[%General]
Highest=159
CenterX=41.8677282547811
CenterY=19.7511536101998
XWidth=53

[LeftLeg]
ThighAlpha=-0.0785398185253143
ThighTheta=0.371959179639816
LowerLegAlpha=0.021419957280159
LowerLegTheta=0.235959500074387

[RightLeg]
ThighAlpha=-0.0606898590922356
ThighTheta=-0.431798994541168
LowerLegAlpha=0.00356999784708023
LowerLegTheta=-0.0265199020504951
