[%General]
Highest=157
CenterX=39.229158435401
CenterY=100.28293164757
XWidth=61

[LeftLeg]
ThighAlpha=-0.0392699092626572
ThighTheta=-0.491638839244843
LowerLegAlpha=-0.0856797993183136
LowerLegTheta=-0.215559482574463

[RightLeg]
ThighAlpha=0.0142799690365791
ThighTheta=0.424999058246613
LowerLegAlpha=-0.0856797993183136
LowerLegTheta=0.521558880805969
