[%General]
Highest=159
CenterX=40.3440850503825
CenterY=54.6233630510793
XWidth=61

[LeftLeg]
ThighAlpha=-0.0785398185253143
ThighTheta=0.431799054145813
LowerLegAlpha=-0.0856797993183136
LowerLegTheta=-0.00339995324611664

[RightLeg]
ThighAlpha=0.121379725635052
ThighTheta=-0.199239507317543
LowerLegAlpha=0.021419957280159
LowerLegTheta=-0.979877710342407
