[%General]
Highest=157
CenterX=30.3651565174859
CenterY=243.138725849841
XWidth=60

[LeftLeg]
ThighAlpha=-0.0785398185253143
ThighTheta=-0.288999319076538
LowerLegAlpha=-0.0678298398852348
LowerLegTheta=0.00340002961456776

[RightLeg]
ThighAlpha=-0.0392699092626572
ThighTheta=0.484838932752609
LowerLegAlpha=0.00713998824357986
LowerLegTheta=-0.0197199191898108
