[%General]
Highest=155
CenterX=33.4961898164184
CenterY=199.555969287611
XWidth=60

[LeftLeg]
ThighAlpha=-0.13922968506813
ThighTheta=0.454919010400772
LowerLegAlpha=0.0428399071097374
LowerLegTheta=0.378759175539017

[RightLeg]
ThighAlpha=0.0107099786400795
ThighTheta=-0.431798994541168
LowerLegAlpha=0.0249899476766586
LowerLegTheta=-0.507958829402924
