[%General]
Highest=151
CenterX=30.4868491592884
CenterY=264.377759727073
XWidth=59

[LeftLeg]
ThighAlpha=-0.0785398185253143
ThighTheta=-0.507958829402924
LowerLegAlpha=-0.0142799615859985
LowerLegTheta=-0.295799285173416

[RightLeg]
ThighAlpha=-0.0999597683548927
ThighTheta=0.537878811359406
LowerLegAlpha=-0.0856797993183136
LowerLegTheta=0.664358496665955
