[%General]
Highest=154
CenterX=29.7679725712848
CenterY=251.605161757073
XWidth=57

[LeftLeg]
ThighAlpha=-0.0392699092626572
ThighTheta=-0.454918920993805
LowerLegAlpha=-0.103529758751392
LowerLegTheta=-0.0632398128509521

[RightLeg]
ThighAlpha=-0.0214199498295784
ThighTheta=0.484838932752609
LowerLegAlpha=-0.157079637050629
LowerLegTheta=0.551478803157806
