[%General]
Highest=144
CenterX=33.5072271556529
CenterY=309.151520393649
XWidth=47

[LeftLeg]
ThighAlpha=-0.117809727787971
ThighTheta=0.408679097890854
LowerLegAlpha=-0.157079637050629
LowerLegTheta=-0.657558441162109

[RightLeg]
ThighAlpha=0.13922968506813
ThighTheta=0.342039257287979
LowerLegAlpha=-0.0642598494887352
LowerLegTheta=-0.484838873147964
