[%General]
Highest=160
CenterX=41.6758963148875
CenterY=16.2607375622394
XWidth=52

[LeftLeg]
ThighAlpha=-0.0606898590922356
ThighTheta=0.31891930103302
LowerLegAlpha=0.021419957280159
LowerLegTheta=-0.0265199020504951

[RightLeg]
ThighAlpha=-0.0428398996591568
ThighTheta=-0.371959120035172
LowerLegAlpha=0.00356999784708023
LowerLegTheta=0.00340002961456776
