[%General]
Highest=146
CenterX=33.7742918815601
CenterY=306.049201667518
XWidth=50

[LeftLeg]
ThighAlpha=-0.0785398185253143
ThighTheta=0.0931598246097565
LowerLegAlpha=0.00356999784708023
LowerLegTheta=-0.81395810842514

[RightLeg]
ThighAlpha=0.0856798067688942
ThighTheta=0.371959179639816
LowerLegAlpha=-0.117809727787971
LowerLegTheta=-0.431798994541168
