[%General]
Highest=161
CenterX=38.4414087117702
CenterY=160.853012048193
XWidth=62

[LeftLeg]
ThighAlpha=0.0321299284696579
ThighTheta=0.395079135894775
LowerLegAlpha=-0.0142799615859985
LowerLegTheta=-0.2454794049263

[RightLeg]
ThighAlpha=-0.00356999039649963
ThighTheta=-0.169319570064545
LowerLegAlpha=0.00356999784708023
LowerLegTheta=0.0564399100840092
