[%General]
Highest=159
CenterX=37.9886813134442
CenterY=165.175368155173
XWidth=62

[LeftLeg]
ThighAlpha=-0.0392699092626572
ThighTheta=0.484838932752609
LowerLegAlpha=0.0428399071097374
LowerLegTheta=-0.0496398508548737

[RightLeg]
ThighAlpha=0.0678298473358154
ThighTheta=-0.312119245529175
LowerLegAlpha=-0.0678298398852348
LowerLegTheta=0.0496399253606796
