[%General]
Highest=146
CenterX=34.1620693947963
CenterY=296.30109018478
XWidth=50

[LeftLeg]
ThighAlpha=0.0428399071097374
ThighTheta=-0.139399647712708
LowerLegAlpha=-0.121379718184471
LowerLegTheta=-1.09955739974976

[RightLeg]
ThighAlpha=0.046409897506237
ThighTheta=0.574598729610443
LowerLegAlpha=-0.117809727787971
LowerLegTheta=-0.318919241428375
