[%General]
Highest=157
CenterX=31.3567566758024
CenterY=219.699435383625
XWidth=59

[LeftLeg]
ThighAlpha=-0.0785398185253143
ThighTheta=0.229159519076347
LowerLegAlpha=0.021419957280159
LowerLegTheta=0.146199703216553

[RightLeg]
ThighAlpha=0.0107099786400795
ThighTheta=0.123079754412174
LowerLegAlpha=0.0606898665428162
LowerLegTheta=-1.06963741779327
