[%General]
Highest=156
CenterX=35.595409051349
CenterY=183.934861836379
XWidth=62

[LeftLeg]
ThighAlpha=-0.0392699092626572
ThighTheta=0.514758884906769
LowerLegAlpha=-0.0678298398852348
LowerLegTheta=0.544678807258606

[RightLeg]
ThighAlpha=0.0499798879027367
ThighTheta=-0.484838873147964
LowerLegAlpha=-0.024989940226078
LowerLegTheta=-0.259079366922379
