[%General]
Highest=149
CenterX=33.6853437541904
CenterY=290.701664655288
XWidth=51

[LeftLeg]
ThighAlpha=0.046409897506237
ThighTheta=-0.169319570064545
LowerLegAlpha=-0.13922968506813
LowerLegTheta=-1.09955739974976

[RightLeg]
ThighAlpha=0.0321299284696579
ThighTheta=0.657558560371399
LowerLegAlpha=-0.0321299210190773
LowerLegTheta=-0.169319570064545
