[%General]
Highest=159
CenterX=31.0120809557775
CenterY=234.210354255825
XWidth=59

[LeftLeg]
ThighAlpha=-0.0642598494887352
ThighTheta=-0.116279698908329
LowerLegAlpha=-0.0678298398852348
LowerLegTheta=0.070039875805378

[RightLeg]
ThighAlpha=-0.00356999039649963
ThighTheta=0.454919010400772
LowerLegAlpha=0.13922968506813
LowerLegTheta=-0.574598670005798
