[%General]
Highest=161
CenterX=39.7383789085863
CenterY=72.4485872867772
XWidth=59

[LeftLeg]
ThighAlpha=-0.0785398185253143
ThighTheta=-0.00339995324611664
LowerLegAlpha=-0.0856797993183136
LowerLegTheta=0.070039875805378

[RightLeg]
ThighAlpha=0.13922968506813
ThighTheta=0.0564399100840092
LowerLegAlpha=-0.0107099711894989
LowerLegTheta=-0.358359158039093
