[%General]
Highest=160
CenterX=38.7091279023378
CenterY=143.155562647943
XWidth=61

[LeftLeg]
ThighAlpha=-0.082109808921814
ThighTheta=0.0931598246097565
LowerLegAlpha=0.00713998824357986
LowerLegTheta=-1.09955739974976

[RightLeg]
ThighAlpha=-0.00356999039649963
ThighTheta=0.229159519076347
LowerLegAlpha=0.0821098163723946
LowerLegTheta=0.0564399100840092
