[%General]
Highest=156
CenterX=39.0522378053686
CenterY=104.201134321954
XWidth=61

[LeftLeg]
ThighAlpha=-0.0606898590922356
ThighTheta=-0.507958829402924
LowerLegAlpha=-0.0499798804521561
LowerLegTheta=-0.295799285173416

[RightLeg]
ThighAlpha=-0.00356999039649963
ThighTheta=0.454919010400772
LowerLegAlpha=-0.103529758751392
LowerLegTheta=0.60451865196228
