[%General]
Highest=141
CenterX=40.6909493384314
CenterY=36.1051592292599
XWidth=51

[LeftLeg]
ThighAlpha=0.0642598569393158
ThighTheta=-0.431798994541168
LowerLegAlpha=-0.0321299210190773
LowerLegTheta=-0.507958829402924

[RightLeg]
ThighAlpha=0.103529766201973
ThighTheta=0.544678807258606
LowerLegAlpha=-0.00713998079299927
LowerLegTheta=0.0632398948073387
