[%General]
Highest=143
CenterX=40.8011402181287
CenterY=210.757279653499
XWidth=53

[LeftLeg]
ThighAlpha=-0.117809727787971
ThighTheta=0.574598729610443
LowerLegAlpha=0.00356999784708023
LowerLegTheta=0.371959179639816

[RightLeg]
ThighAlpha=0.0856798067688942
ThighTheta=-0.348839163780212
LowerLegAlpha=0.0606898665428162
LowerLegTheta=-0.162519589066505
