[%General]
Highest=146
CenterX=39.9371472233862
CenterY=192.525486184713
XWidth=54

[LeftLeg]
ThighAlpha=-0.0107099711894989
ThighTheta=0.371959179639816
LowerLegAlpha=0.00356999784708023
LowerLegTheta=-0.424998998641968

[RightLeg]
ThighAlpha=0.0499798879027367
ThighTheta=-0.0564398318529129
LowerLegAlpha=0.121379725635052
LowerLegTheta=0.116279773414135
