[%General]
Highest=143
CenterX=40.7227640745622
CenterY=82.8543274963911
XWidth=53

[LeftLeg]
ThighAlpha=-0.0392699092626572
ThighTheta=0.514758884906769
LowerLegAlpha=-0.13922968506813
LowerLegTheta=0.34883925318718

[RightLeg]
ThighAlpha=0.103529766201973
ThighTheta=-0.371959120035172
LowerLegAlpha=0.021419957280159
LowerLegTheta=-0.288999319076538
