[%General]
Highest=145
CenterX=38.5014061621149
CenterY=118.760552465471
XWidth=55

[LeftLeg]
ThighAlpha=-0.0785398185253143
ThighTheta=0.169319659471512
LowerLegAlpha=-0.121379718184471
LowerLegTheta=-0.0795597806572914

[RightLeg]
ThighAlpha=0.0821098163723946
ThighTheta=0.0265199784189463
LowerLegAlpha=-0.0142799615859985
LowerLegTheta=-0.590918600559235
