[%General]
Highest=142
CenterX=40.6282454812277
CenterY=214.130270794321
XWidth=53

[LeftLeg]
ThighAlpha=-0.117809727787971
ThighTheta=0.567798733711243
LowerLegAlpha=-0.0499798804521561
LowerLegTheta=0.468518972396851

[RightLeg]
ThighAlpha=0.0856798067688942
ThighTheta=-0.37875908613205
LowerLegAlpha=0.0606898665428162
LowerLegTheta=-0.2454794049263
