[%General]
Highest=143
CenterX=39.2745925946847
CenterY=170.848349196487
XWidth=56

[LeftLeg]
ThighAlpha=-0.0785398185253143
ThighTheta=-0.342039197683334
LowerLegAlpha=0.021419957280159
LowerLegTheta=-0.687478423118591

[RightLeg]
ThighAlpha=0.0678298473358154
ThighTheta=0.514758884906769
LowerLegAlpha=0.021419957280159
LowerLegTheta=0.079559862613678
