[%General]
Highest=143
CenterX=39.3955720925306
CenterY=100.051561817243
XWidth=54

[LeftLeg]
ThighAlpha=-0.0999597683548927
ThighTheta=0.537878811359406
LowerLegAlpha=-0.0499798804521561
LowerLegTheta=0.070039875805378

[RightLeg]
ThighAlpha=0.121379725635052
ThighTheta=-0.371959120035172
LowerLegAlpha=0.021419957280159
LowerLegTheta=-0.597718596458435
