[%General]
Highest=142
CenterX=40.941898089172
CenterY=39.6052611464968
XWidth=52

[LeftLeg]
ThighAlpha=0.0321299284696579
ThighTheta=-0.371959120035172
LowerLegAlpha=0.0428399071097374
LowerLegTheta=-0.657558441162109

[RightLeg]
ThighAlpha=0.0856798067688942
ThighTheta=0.537878811359406
LowerLegAlpha=0.0249899476766586
LowerLegTheta=-0.0197199191898108
