[%General]
Highest=145
CenterX=40.3682245063965
CenterY=199.794904976706
XWidth=53

[LeftLeg]
ThighAlpha=-0.024989940226078
ThighTheta=0.454919010400772
LowerLegAlpha=0.0606898665428162
LowerLegTheta=-0.0727597996592522

[RightLeg]
ThighAlpha=0.0499798879027367
ThighTheta=-0.199239507317543
LowerLegAlpha=0.0821098163723946
LowerLegTheta=0.0632398948073387
