[%General]
Highest=140
CenterX=38.8692289595954
CenterY=242.383417632183
XWidth=51

[LeftLeg]
ThighAlpha=-0.117809727787971
ThighTheta=0.365159213542938
LowerLegAlpha=-0.103529758751392
LowerLegTheta=0.070039875805378

[RightLeg]
ThighAlpha=0.0107099786400795
ThighTheta=-0.318919241428375
LowerLegAlpha=0.00356999784708023
LowerLegTheta=-0.627638518810272
