[%General]
Highest=146
CenterX=40.954952014102
CenterY=53.7431503122892
XWidth=51

[LeftLeg]
ThighAlpha=0.0499798879027367
ThighTheta=0.0863598436117172
LowerLegAlpha=0.00356999784708023
LowerLegTheta=-0.956757783889771

[RightLeg]
ThighAlpha=0.13922968506813
ThighTheta=-0.0333198830485344
LowerLegAlpha=-0.00713998079299927
LowerLegTheta=0.265879422426224
