[%General]
Highest=141
CenterX=40.3227125915026
CenterY=32.6073775704897
XWidth=51

[LeftLeg]
ThighAlpha=0.0678298473358154
ThighTheta=-0.461718916893005
LowerLegAlpha=-0.0856797993183136
LowerLegTheta=-0.38827908039093

[RightLeg]
ThighAlpha=0.103529766201973
ThighTheta=0.544678807258606
LowerLegAlpha=-0.0142799615859985
LowerLegTheta=0.146199703216553
