[%General]
Highest=147
CenterX=41.1300647928454
CenterY=65.3816617995985
XWidth=51

[LeftLeg]
ThighAlpha=-0.0392699092626572
ThighTheta=0.252279460430145
LowerLegAlpha=0.00356999784708023
LowerLegTheta=-0.162519589066505

[RightLeg]
ThighAlpha=0.0856798067688942
ThighTheta=-0.0401198677718639
LowerLegAlpha=0.103529766201973
LowerLegTheta=-0.215559482574463
