[%General]
Highest=147
CenterX=38.9325108579342
CenterY=130.303707433751
XWidth=55

[LeftLeg]
ThighAlpha=-0.0392699092626572
ThighTheta=-0.0863597691059113
LowerLegAlpha=-0.157079637050629
LowerLegTheta=-0.109479710459709

[RightLeg]
ThighAlpha=0.0142799690365791
ThighTheta=0.312119334936142
LowerLegAlpha=0.00356999784708023
LowerLegTheta=-0.215559482574463
