[%General]
Highest=146
CenterX=40.7887027717269
CenterY=57.3308044768272
XWidth=51

[LeftLeg]
ThighAlpha=0.0321299284696579
ThighTheta=0.146199703216553
LowerLegAlpha=-0.0678298398852348
LowerLegTheta=-0.920037806034088

[RightLeg]
ThighAlpha=0.121379725635052
ThighTheta=0.116279773414135
LowerLegAlpha=-0.0285599306225777
LowerLegTheta=-0.0863597691059113
