[%General]
Highest=144
CenterX=38.8658939529029
CenterY=108.028281848219
XWidth=54

[LeftLeg]
ThighAlpha=-0.0785398185253143
ThighTheta=0.424999058246613
LowerLegAlpha=-0.0856797993183136
LowerLegTheta=-0.0265199020504951

[RightLeg]
ThighAlpha=0.103529766201973
ThighTheta=-0.2522794008255
LowerLegAlpha=0.0428399071097374
LowerLegTheta=-0.747318267822266
