[%General]
Highest=142
CenterX=38.4427160528029
CenterY=148.25857077556
XWidth=56

[LeftLeg]
ThighAlpha=-0.082109808921814
ThighTheta=-0.454918920993805
LowerLegAlpha=-0.0107099711894989
LowerLegTheta=-0.123079679906368

[RightLeg]
ThighAlpha=-0.0214199498295784
ThighTheta=0.537878811359406
LowerLegAlpha=0.00713998824357986
LowerLegTheta=0.498438894748688
