[%General]
Highest=144
CenterX=41.3881948931486
CenterY=46.9594132146361
XWidth=50

[LeftLeg]
ThighAlpha=0.0678298473358154
ThighTheta=-0.169319570064545
LowerLegAlpha=0.021419957280159
LowerLegTheta=-0.80715811252594

[RightLeg]
ThighAlpha=0.121379725635052
ThighTheta=0.395079135894775
LowerLegAlpha=0.00356999784708023
LowerLegTheta=-0.0795597806572914
