[%General]
Highest=142
CenterX=39.7672820030879
CenterY=20.5337584748607
XWidth=49

[LeftLeg]
ThighAlpha=-0.00356999039649963
ThighTheta=-0.484838873147964
LowerLegAlpha=-0.0142799615859985
LowerLegTheta=-0.00339995324611664

[RightLeg]
ThighAlpha=0.0499798879027367
ThighTheta=0.454919010400772
LowerLegAlpha=-0.0464098900556564
LowerLegTheta=0.34883925318718
