[%General]
Highest=145
CenterX=41.2943860209412
CenterY=50.3767023290827
XWidth=52

[LeftLeg]
ThighAlpha=0.0499798879027367
ThighTheta=0.00340002961456776
LowerLegAlpha=0.021419957280159
LowerLegTheta=-0.926837861537933

[RightLeg]
ThighAlpha=0.103529766201973
ThighTheta=0.312119334936142
LowerLegAlpha=0.0428399071097374
LowerLegTheta=-0.109479710459709
