[%General]
Highest=141
CenterX=38.0866885132306
CenterY=250.499689624807
XWidth=50

[LeftLeg]
ThighAlpha=-0.117809727787971
ThighTheta=0.206039562821388
LowerLegAlpha=-0.157079637050629
LowerLegTheta=0.109479792416096

[RightLeg]
ThighAlpha=-0.0428398996591568
ThighTheta=-0.0564398318529129
LowerLegAlpha=0.00356999784708023
LowerLegTheta=-0.567798674106598
