[%General]
Highest=144
CenterX=39.0524693444374
CenterY=103.891316397853
XWidth=54

[LeftLeg]
ThighAlpha=-0.117809727787971
ThighTheta=0.514758884906769
LowerLegAlpha=-0.0321299210190773
LowerLegTheta=0.0333199612796307

[RightLeg]
ThighAlpha=0.121379725635052
ThighTheta=-0.312119245529175
LowerLegAlpha=0.021419957280159
LowerLegTheta=-0.687478423118591
