[%General]
Highest=141
CenterX=40.1762629827569
CenterY=29.463837350005
XWidth=50

[LeftLeg]
ThighAlpha=0.0678298473358154
ThighTheta=-0.484838873147964
LowerLegAlpha=-0.103529758751392
LowerLegTheta=-0.295799285173416

[RightLeg]
ThighAlpha=0.0856798067688942
ThighTheta=0.537878811359406
LowerLegAlpha=-0.0107099711894989
LowerLegTheta=0.235959500074387
