[%General]
Highest=142
CenterX=38.9493711904946
CenterY=262.19461461307
XWidth=49

[LeftLeg]
ThighAlpha=-0.117809727787971
ThighTheta=-0.139399647712708
LowerLegAlpha=-0.121379718184471
LowerLegTheta=0.116279773414135

[RightLeg]
ThighAlpha=0.00713998824357986
ThighTheta=0.431799054145813
LowerLegAlpha=-0.0142799615859985
LowerLegTheta=-0.192439526319504
