[%General]
Highest=143
CenterX=41.2765228426396
CenterY=43.2839467005076
XWidth=51

[LeftLeg]
ThighAlpha=0.0499798879027367
ThighTheta=-0.318919241428375
LowerLegAlpha=0.0428399071097374
LowerLegTheta=-0.740518271923065

[RightLeg]
ThighAlpha=0.0856798067688942
ThighTheta=0.46171897649765
LowerLegAlpha=0.0249899476766586
LowerLegTheta=-0.0401198677718639
