[%General]
Highest=141
CenterX=40.4018241566629
CenterY=217.67976661525
XWidth=52

[LeftLeg]
ThighAlpha=-0.157079637050629
ThighTheta=0.59771865606308
LowerLegAlpha=-0.0321299210190773
LowerLegTheta=0.49163892865181

[RightLeg]
ThighAlpha=0.0678298473358154
ThighTheta=-0.401879042387009
LowerLegAlpha=0.0999597758054733
LowerLegTheta=-0.358359158039093
