[%General]
Highest=144
CenterX=39.2632904469965
CenterY=15.7603114296405
XWidth=47

[LeftLeg]
ThighAlpha=0.0642598569393158
ThighTheta=-0.342039197683334
LowerLegAlpha=-0.13922968506813
LowerLegTheta=-0.0265199020504951

[RightLeg]
ThighAlpha=0.0321299284696579
ThighTheta=0.371959179639816
LowerLegAlpha=-0.0142799615859985
LowerLegTheta=0.0931598246097565
