[%General]
Highest=141
CenterX=39.0277182711648
CenterY=265.952854409576
XWidth=49

[LeftLeg]
ThighAlpha=-0.117809727787971
ThighTheta=-0.146199628710747
LowerLegAlpha=-0.13922968506813
LowerLegTheta=0.0102000124752522

[RightLeg]
ThighAlpha=-0.024989940226078
ThighTheta=0.454919010400772
LowerLegAlpha=0.00356999784708023
LowerLegTheta=-0.132599666714668
