[%General]
Highest=144
CenterX=38.4921236985718
CenterY=111.587426300783
XWidth=55

[LeftLeg]
ThighAlpha=-0.117809727787971
ThighTheta=0.335239291191101
LowerLegAlpha=-0.0642598494887352
LowerLegTheta=-0.0496398508548737

[RightLeg]
ThighAlpha=0.121379725635052
ThighTheta=-0.176119565963745
LowerLegAlpha=0.00356999784708023
LowerLegTheta=-0.740518271923065
