[%General]
Highest=159
CenterX=32.4009665069208
CenterY=249.541966747878
XWidth=52

[LeftLeg]
ThighAlpha=-0.0785398185253143
ThighTheta=-0.157079637050629
LowerLegAlpha=-0.0785398185253143
LowerLegTheta=0.0785398185253143

[RightLeg]
ThighAlpha=0
ThighTheta=0.392699092626572
LowerLegAlpha=0.0392699092626572
LowerLegTheta=-0.314159274101257
