[%General]
Highest=162
CenterX=39.9336711669362
CenterY=38.0958971080441
XWidth=55

[LeftLeg]
ThighAlpha=-0.0196349546313286
ThighTheta=0.157079637050629
LowerLegAlpha=0.0785398185253143
LowerLegTheta=-0.549778699874878

[RightLeg]
ThighAlpha=0.0981747731566429
ThighTheta=0.0785398185253143
LowerLegAlpha=0.0981747731566429
LowerLegTheta=-0.235619455575943
