[%General]
Highest=160
CenterX=32.1780067848685
CenterY=245.889086603085
XWidth=52

[LeftLeg]
ThighAlpha=-0.0785398185253143
ThighTheta=-0.157079637050629
LowerLegAlpha=-0.0785398185253143
LowerLegTheta=0.157079637050629

[RightLeg]
ThighAlpha=0.0589048638939857
ThighTheta=0.392699092626572
LowerLegAlpha=0
LowerLegTheta=-0.549778699874878
