[%General]
Highest=158
CenterX=35.7242268041237
CenterY=130.326271548958
XWidth=58

[LeftLeg]
ThighAlpha=-0.0785398185253143
ThighTheta=-0.392699092626572
LowerLegAlpha=-0.0392699092626572
LowerLegTheta=-0.314159274101257

[RightLeg]
ThighAlpha=0.0392699092626572
ThighTheta=0.471238911151886
LowerLegAlpha=-0.0785398185253143
LowerLegTheta=0.549778699874878
