[%General]
Highest=146
CenterX=33.6557551961077
CenterY=297.788343078258
XWidth=48

[LeftLeg]
ThighAlpha=-0.0196349546313286
ThighTheta=-0.157079637050629
LowerLegAlpha=-0.0589048638939857
LowerLegTheta=-0.785398185253143

[RightLeg]
ThighAlpha=0.0981747731566429
ThighTheta=0.471238911151886
LowerLegAlpha=-0.0981747731566429
LowerLegTheta=-0.314159274101257
