[%General]
Highest=153
CenterX=24.6160645957301
CenterY=233.062924612285
XWidth=49

[LeftLeg]
ThighAlpha=-0.117809727787971
ThighTheta=-0.408679038286209
LowerLegAlpha=0.021419957280159
LowerLegTheta=-0.2454794049263

[RightLeg]
ThighAlpha=-0.00356999039649963
ThighTheta=0.431799054145813
LowerLegAlpha=-0.0678298398852348
LowerLegTheta=0.537878811359406
