[%General]
Highest=155
CenterX=28.1157407990727
CenterY=162.407537137601
XWidth=56

[LeftLeg]
ThighAlpha=-0.0785398185253143
ThighTheta=0.544678807258606
LowerLegAlpha=-0.0999597683548927
LowerLegTheta=0.431799054145813

[RightLeg]
ThighAlpha=0.13922968506813
ThighTheta=-0.461718916893005
LowerLegAlpha=0.0249899476766586
LowerLegTheta=-0.478038877248764
