[%General]
Highest=159
CenterX=29.4719251176053
CenterY=127.306579881372
XWidth=56

[LeftLeg]
ThighAlpha=-0.00356999039649963
ThighTheta=0.282199382781982
LowerLegAlpha=-0.117809727787971
LowerLegTheta=-0.80715811252594

[RightLeg]
ThighAlpha=0.0321299284696579
ThighTheta=0.00340002961456776
LowerLegAlpha=0.0606898665428162
LowerLegTheta=-0.00339995324611664
