[%General]
Highest=160
CenterX=29.3606820151744
CenterY=137.195497559991
XWidth=56

[LeftLeg]
ThighAlpha=-0.0285599306225777
ThighTheta=0.468518972396851
LowerLegAlpha=-0.0678298398852348
LowerLegTheta=-0.544678747653961

[RightLeg]
ThighAlpha=0.0678298473358154
ThighTheta=-0.146199628710747
LowerLegAlpha=0.0642598569393158
LowerLegTheta=-0.139399647712708
