[%General]
Highest=155
CenterX=31.9042756430955
CenterY=99.0271499300398
XWidth=52

[LeftLeg]
ThighAlpha=0.0107099786400795
ThighTheta=-0.401879042387009
LowerLegAlpha=-0.082109808921814
LowerLegTheta=-0.657558441162109

[RightLeg]
ThighAlpha=0.13922968506813
ThighTheta=0.514758884906769
LowerLegAlpha=0.00356999784708023
LowerLegTheta=0.199239581823349
