[%General]
Highest=153
CenterX=26.3881316182219
CenterY=283.821533650771
XWidth=48

[LeftLeg]
ThighAlpha=-0.0392699092626572
ThighTheta=-0.0863597691059113
LowerLegAlpha=-0.0678298398852348
LowerLegTheta=-0.0727597996592522

[RightLeg]
ThighAlpha=0.13922968506813
ThighTheta=0.0863598436117172
LowerLegAlpha=-0.024989940226078
LowerLegTheta=-0.0265199020504951
