[%General]
Highest=155
CenterX=33.6653993570722
CenterY=27.927840628091
XWidth=48

[LeftLeg]
ThighAlpha=-0.157079637050629
ThighTheta=0.401879131793976
LowerLegAlpha=-0.0142799615859985
LowerLegTheta=0.0863598436117172

[RightLeg]
ThighAlpha=0.13922968506813
ThighTheta=0.282199382781982
LowerLegAlpha=0.13922968506813
LowerLegTheta=0.235959500074387
