[%General]
Highest=158
CenterX=32.7205258232311
CenterY=46.5781770300564
XWidth=51

[LeftLeg]
ThighAlpha=-0.0606898590922356
ThighTheta=0.288999378681183
LowerLegAlpha=-0.157079637050629
LowerLegTheta=-0.295799285173416

[RightLeg]
ThighAlpha=0.0856798067688942
ThighTheta=-0.342039197683334
LowerLegAlpha=-0.103529758751392
LowerLegTheta=-0.295799285173416
