[%General]
Highest=159
CenterX=32.901337121664
CenterY=55.6275687809745
XWidth=53

[LeftLeg]
ThighAlpha=-0.0999597683548927
ThighTheta=-0.00339995324611664
LowerLegAlpha=-0.121379718184471
LowerLegTheta=-0.10267972946167

[RightLeg]
ThighAlpha=0.0678298473358154
ThighTheta=0.371959179639816
LowerLegAlpha=0.0499798879027367
LowerLegTheta=-0.956757783889771
