[%General]
Highest=157
CenterX=33.0796623216021
CenterY=77.5126124648252
XWidth=54

[LeftLeg]
ThighAlpha=-0.0392699092626572
ThighTheta=-0.371959120035172
LowerLegAlpha=-0.0856797993183136
LowerLegTheta=-0.295799285173416

[RightLeg]
ThighAlpha=0.103529766201973
ThighTheta=0.401879131793976
LowerLegAlpha=-0.0785398185253143
LowerLegTheta=0.371959179639816
