[%General]
Highest=157
CenterX=32.4251082637618
CenterY=42.4965177016831
XWidth=53

[LeftLeg]
ThighAlpha=-0.117809727787971
ThighTheta=0.288999378681183
LowerLegAlpha=-0.0499798804521561
LowerLegTheta=-0.0863597691059113

[RightLeg]
ThighAlpha=0.0856798067688942
ThighTheta=-0.176119565963745
LowerLegAlpha=-0.0642598494887352
LowerLegTheta=-0.770438194274902
