[%General]
Highest=152
CenterX=26.6086422909742
CenterY=294.912639563624
XWidth=48

[LeftLeg]
ThighAlpha=-0.0785398185253143
ThighTheta=0.454919010400772
LowerLegAlpha=0.021419957280159
LowerLegTheta=-0.10267972946167

[RightLeg]
ThighAlpha=0.103529766201973
ThighTheta=-0.116279698908329
LowerLegAlpha=0.0285599380731583
LowerLegTheta=-0.0265199020504951
