[%General]
Highest=159
CenterX=33.2673613277594
CenterY=69.9093654458102
XWidth=54

[LeftLeg]
ThighAlpha=-0.0642598494887352
ThighTheta=-0.235959425568581
LowerLegAlpha=-0.0678298398852348
LowerLegTheta=-0.358359158039093

[RightLeg]
ThighAlpha=0.121379725635052
ThighTheta=0.395079135894775
LowerLegAlpha=-0.157079637050629
LowerLegTheta=-0.0496398508548737
