[%General]
Highest=155
CenterX=24.2318248912884
CenterY=224.459314618545
XWidth=51

[LeftLeg]
ThighAlpha=-0.0785398185253143
ThighTheta=-0.288999319076538
LowerLegAlpha=-0.103529758751392
LowerLegTheta=-0.206039488315582

[RightLeg]
ThighAlpha=-0.0214199498295784
ThighTheta=0.424999058246613
LowerLegAlpha=-0.0464098900556564
LowerLegTheta=0.235959500074387
