[%General]
Highest=158
CenterX=29.7134613934076
CenterY=122.080469162497
XWidth=56

[LeftLeg]
ThighAlpha=0.0285599380731583
ThighTheta=0.265879422426224
LowerLegAlpha=-0.0999597683548927
LowerLegTheta=-0.80035811662674

[RightLeg]
ThighAlpha=0.0856798067688942
ThighTheta=0.146199703216553
LowerLegAlpha=0.021419957280159
LowerLegTheta=-0.0999597311019897
