[%General]
Highest=157
CenterX=26.6153248240877
CenterY=196.398502700049
XWidth=52

[LeftLeg]
ThighAlpha=-0.0785398185253143
ThighTheta=0.32571929693222
LowerLegAlpha=-0.0142799615859985
LowerLegTheta=-0.123079679906368

[RightLeg]
ThighAlpha=0.0321299284696579
ThighTheta=0.116279773414135
LowerLegAlpha=0.0606898665428162
LowerLegTheta=-0.979877710342407
