[%General]
Highest=155
CenterX=33.4302794987525
CenterY=31.7956743573211
XWidth=48

[LeftLeg]
ThighAlpha=-0.117809727787971
ThighTheta=0.335239291191101
LowerLegAlpha=-0.0142799615859985
LowerLegTheta=0.070039875805378

[RightLeg]
ThighAlpha=0.13922968506813
ThighTheta=0.312119334936142
LowerLegAlpha=0.13922968506813
LowerLegTheta=0.176119640469551
