[%General]
Highest=156
CenterX=31.3468279841229
CenterY=109.372198655082
XWidth=53

[LeftLeg]
ThighAlpha=-0.0214199498295784
ThighTheta=-0.2522794008255
LowerLegAlpha=0.00713998824357986
LowerLegTheta=-0.81395810842514

[RightLeg]
ThighAlpha=0.121379725635052
ThighTheta=0.424999058246613
LowerLegAlpha=0.0142799690365791
LowerLegTheta=-0.0197199191898108
