[%General]
Highest=155
CenterX=31.4471128377185
CenterY=104.447941428164
XWidth=52

[LeftLeg]
ThighAlpha=-0.00356999039649963
ThighTheta=-0.335239201784134
LowerLegAlpha=-0.0499798804521561
LowerLegTheta=-0.777238190174103

[RightLeg]
ThighAlpha=0.13922968506813
ThighTheta=0.46171897649765
LowerLegAlpha=-0.024989940226078
LowerLegTheta=0.109479792416096
