[%General]
Highest=157
CenterX=24.9671444912264
CenterY=211.425880405948
XWidth=54

[LeftLeg]
ThighAlpha=-0.082109808921814
ThighTheta=-0.146199628710747
LowerLegAlpha=-0.0499798804521561
LowerLegTheta=0.0102000124752522

[RightLeg]
ThighAlpha=0.0678298473358154
ThighTheta=0.49163892865181
LowerLegAlpha=-0.0392699092626572
LowerLegTheta=-0.551478683948517
