[%General]
Highest=151
CenterX=25.1212771571818
CenterY=252.87270648254
XWidth=50

[LeftLeg]
ThighAlpha=-0.0392699092626572
ThighTheta=-0.484838873147964
LowerLegAlpha=-0.0321299210190773
LowerLegTheta=-0.567798674106598

[RightLeg]
ThighAlpha=0.0856798067688942
ThighTheta=0.454919010400772
LowerLegAlpha=0.00713998824357986
LowerLegTheta=0.438599050045013
