[%General]
Highest=152
CenterX=25.9191985439997
CenterY=268.036645952549
XWidth=49

[LeftLeg]
ThighAlpha=0.0142799690365791
ThighTheta=-0.0795597806572914
LowerLegAlpha=-0.0142799615859985
LowerLegTheta=-1.06963741779327

[RightLeg]
ThighAlpha=0.0856798067688942
ThighTheta=0.371959179639816
LowerLegAlpha=0.0428399071097374
LowerLegTheta=0.079559862613678
