[%General]
Highest=157
CenterX=25.2221810821485
CenterY=205.805131812796
XWidth=53

[LeftLeg]
ThighAlpha=-0.117809727787971
ThighTheta=-0.288999319076538
LowerLegAlpha=-0.121379718184471
LowerLegTheta=0.454919010400772

[RightLeg]
ThighAlpha=0.13922968506813
ThighTheta=0.574598729610443
LowerLegAlpha=0.13922968506813
LowerLegTheta=-0.551478683948517
