[%General]
Highest=137
CenterX=28.361294297515
CenterY=307.344020263332
XWidth=46

[LeftLeg]
ThighAlpha=-0.157079637050629
ThighTheta=-0.431798994541168
LowerLegAlpha=-0.0999597683548927
LowerLegTheta=-0.275399327278137

[RightLeg]
ThighAlpha=0.121379725635052
ThighTheta=-0.342039197683334
LowerLegAlpha=0.103529766201973
LowerLegTheta=-0.288999319076538
