[%General]
Highest=157
CenterX=32.4948667906182
CenterY=38.6815216010532
XWidth=54

[LeftLeg]
ThighAlpha=-0.117809727787971
ThighTheta=0.498438894748688
LowerLegAlpha=-0.0856797993183136
LowerLegTheta=-0.265879362821579

[RightLeg]
ThighAlpha=0.0142799690365791
ThighTheta=-0.169319570064545
LowerLegAlpha=0.0606898665428162
LowerLegTheta=-0.920037806034088
