[%General]
Highest=153
CenterX=26.5403215656661
CenterY=291.421055943616
XWidth=48

[LeftLeg]
ThighAlpha=-0.0785398185253143
ThighTheta=0.34883925318718
LowerLegAlpha=-0.0142799615859985
LowerLegTheta=-0.215559482574463

[RightLeg]
ThighAlpha=0.13922968506813
ThighTheta=-0.0564398318529129
LowerLegAlpha=0.046409897506237
LowerLegTheta=-0.0632398128509521
