[%General]
Highest=152
CenterX=24.8843499908108
CenterY=242.303259652816
XWidth=50

[LeftLeg]
ThighAlpha=-0.0392699092626572
ThighTheta=-0.514758765697479
LowerLegAlpha=-0.0499798804521561
LowerLegTheta=-0.38827908039093

[RightLeg]
ThighAlpha=0.0142799690365791
ThighTheta=0.484838932752609
LowerLegAlpha=0.021419957280159
LowerLegTheta=0.551478803157806
