[%General]
Highest=153
CenterX=26.2499921013554
CenterY=288.112413509842
XWidth=47

[LeftLeg]
ThighAlpha=-0.117809727787971
ThighTheta=0.342039257287979
LowerLegAlpha=-0.0321299210190773
LowerLegTheta=-0.418199002742767

[RightLeg]
ThighAlpha=0.13922968506813
ThighTheta=0.0265199784189463
LowerLegAlpha=0.0999597758054733
LowerLegTheta=0.00340002961456776
