[%General]
Highest=153
CenterX=33.5426847866608
CenterY=24.0490053207713
XWidth=49

[LeftLeg]
ThighAlpha=-0.117809727787971
ThighTheta=0.395079135894775
LowerLegAlpha=-0.0642598494887352
LowerLegTheta=0.176119640469551

[RightLeg]
ThighAlpha=0.13922968506813
ThighTheta=0.312119334936142
LowerLegAlpha=0.13922968506813
LowerLegTheta=0.295799374580383
