[%General]
Highest=151
CenterX=25.5306297431407
CenterY=262.995840630473
XWidth=49

[LeftLeg]
ThighAlpha=-0.00356999039649963
ThighTheta=-0.139399647712708
LowerLegAlpha=0.00713998824357986
LowerLegTheta=-1.06963741779327

[RightLeg]
ThighAlpha=0.0856798067688942
ThighTheta=0.401879131793976
LowerLegAlpha=0.00713998824357986
LowerLegTheta=0.229159519076347
