[%General]
Highest=159
CenterX=29.2571573522121
CenterY=132.505228931499
XWidth=56

[LeftLeg]
ThighAlpha=-0.0214199498295784
ThighTheta=0.282199382781982
LowerLegAlpha=0.00713998824357986
LowerLegTheta=-0.305319279432297

[RightLeg]
ThighAlpha=0.0678298473358154
ThighTheta=-0.0863597691059113
LowerLegAlpha=0.0606898665428162
LowerLegTheta=-0.146199628710747
