[%General]
Highest=156
CenterX=33.0028870803156
CenterY=81.0124318673934
XWidth=53

[LeftLeg]
ThighAlpha=-0.0392699092626572
ThighTheta=-0.408679038286209
LowerLegAlpha=-0.0856797993183136
LowerLegTheta=-0.335239201784134

[RightLeg]
ThighAlpha=0.103529766201973
ThighTheta=0.431799054145813
LowerLegAlpha=-0.0499798804521561
LowerLegTheta=0.431799054145813
