[%General]
Highest=156
CenterX=32.8634510509875
CenterY=35.6195928416371
XWidth=52

[LeftLeg]
ThighAlpha=-0.157079637050629
ThighTheta=0.365159213542938
LowerLegAlpha=-0.0285599306225777
LowerLegTheta=0.0102000124752522

[RightLeg]
ThighAlpha=0.0678298473358154
ThighTheta=-0.282199323177338
LowerLegAlpha=0.00356999784708023
LowerLegTheta=-0.80715811252594
