[%General]
Highest=154
CenterX=27.0454914135481
CenterY=181.74309168205
XWidth=54

[LeftLeg]
ThighAlpha=-0.0606898590922356
ThighTheta=0.59771865606308
LowerLegAlpha=-0.0642598494887352
LowerLegTheta=0.00340002961456776

[RightLeg]
ThighAlpha=0.0499798879027367
ThighTheta=-0.371959120035172
LowerLegAlpha=0.0606898665428162
LowerLegTheta=-0.777238190174103
