[%General]
Highest=156
CenterX=24.7554016163615
CenterY=216.242632910001
XWidth=52

[LeftLeg]
ThighAlpha=-0.117809727787971
ThighTheta=-0.169319570064545
LowerLegAlpha=-0.0499798804521561
LowerLegTheta=-0.116279698908329

[RightLeg]
ThighAlpha=0.0321299284696579
ThighTheta=0.371959179639816
LowerLegAlpha=-0.0142799615859985
LowerLegTheta=-0.305319279432297
