[%General]
Highest=153
CenterX=33.3627630697642
CenterY=20.0401170374026
XWidth=49

[LeftLeg]
ThighAlpha=-0.117809727787971
ThighTheta=0.371959179639816
LowerLegAlpha=-0.0678298398852348
LowerLegTheta=0.34883925318718

[RightLeg]
ThighAlpha=0.13922968506813
ThighTheta=0.312119334936142
LowerLegAlpha=0.0999597758054733
LowerLegTheta=0.371959179639816
