[%General]
Highest=157
CenterX=29.3451931472986
CenterY=150.535253532732
XWidth=57

[LeftLeg]
ThighAlpha=-0.0392699092626572
ThighTheta=0.484838932752609
LowerLegAlpha=-0.0499798804521561
LowerLegTheta=0.252279460430145

[RightLeg]
ThighAlpha=0.13922968506813
ThighTheta=-0.395079076290131
LowerLegAlpha=0.00356999784708023
LowerLegTheta=-0.24275940656662
