[%General]
Highest=150
CenterX=27.9794157650068
CenterY=300.16613548243
XWidth=50

[LeftLeg]
ThighAlpha=-0.0392699092626572
ThighTheta=0.837078154087067
LowerLegAlpha=0.021419957280159
LowerLegTheta=-0.070039801299572

[RightLeg]
ThighAlpha=0.103529766201973
ThighTheta=-0.206039488315582
LowerLegAlpha=0.0821098163723946
LowerLegTheta=-0.169319570064545
