[%General]
Highest=157
CenterX=31.0296567856312
CenterY=117.690464139639
XWidth=56

[LeftLeg]
ThighAlpha=-0.00713998079299927
ThighTheta=-0.109479710459709
LowerLegAlpha=0.00356999784708023
LowerLegTheta=-0.67115843296051

[RightLeg]
ThighAlpha=0.103529766201973
ThighTheta=0.259079456329346
LowerLegAlpha=0.0428399071097374
LowerLegTheta=-0.0632398128509521
