[%General]
Highest=168
CenterX=35.9836053233771
CenterY=207.644179814525
XWidth=60

[LeftLeg]
ThighAlpha=-0.0589048638939857
ThighTheta=-0.235619455575943
LowerLegAlpha=0.0196349546313286
LowerLegTheta=-0.785398185253143

[RightLeg]
ThighAlpha=0.0785398185253143
ThighTheta=0.706858336925507
LowerLegAlpha=-0.0392699092626572
LowerLegTheta=-0.0785398185253143
