[%General]
Highest=175
CenterX=36.2385725846451
CenterY=84.8106090270708
XWidth=56

[LeftLeg]
ThighAlpha=-0.0196349546313286
ThighTheta=0.549778699874878
LowerLegAlpha=0.0981747731566429
LowerLegTheta=-0.314159274101257

[RightLeg]
ThighAlpha=0.0785398185253143
ThighTheta=-0.235619455575943
LowerLegAlpha=0.0981747731566429
LowerLegTheta=-0.235619455575943
