[%General]
Highest=169
CenterX=35.3661704888396
CenterY=26.8288988351241
XWidth=52

[LeftLeg]
ThighAlpha=0.0785398185253143
ThighTheta=-0.628318548202515
LowerLegAlpha=-0.0589048638939857
LowerLegTheta=-0.0785398185253143

[RightLeg]
ThighAlpha=0.0196349546313286
ThighTheta=0.392699092626572
LowerLegAlpha=0
LowerLegTheta=0.549778699874878
