[%General]
Highest=150
CenterX=32.8262658098318
CenterY=304.598993082559
XWidth=45

[LeftLeg]
ThighAlpha=-0.0981747731566429
ThighTheta=0.471238911151886
LowerLegAlpha=-0.0785398185253143
LowerLegTheta=-0.314159274101257

[RightLeg]
ThighAlpha=-0.0392699092626572
ThighTheta=-0.0785398185253143
LowerLegAlpha=-0.0785398185253143
LowerLegTheta=-0.785398185253143
