[%General]
Highest=169
CenterX=35.7580911007475
CenterY=49.6681402925957
XWidth=55

[LeftLeg]
ThighAlpha=0
ThighTheta=-0.392699092626572
LowerLegAlpha=0.0589048638939857
LowerLegTheta=-0.785398185253143

[RightLeg]
ThighAlpha=0.0981747731566429
ThighTheta=0.549778699874878
LowerLegAlpha=0.0589048638939857
LowerLegTheta=-0.157079637050629
