[%General]
Highest=159
CenterX=30.3777942753444
CenterY=208.976312243944
XWidth=60

[LeftLeg]
ThighAlpha=-0.0785398185253143
ThighTheta=0.169319659471512
LowerLegAlpha=0.021419957280159
LowerLegTheta=0.152999684214592

[RightLeg]
ThighAlpha=0.0821098163723946
ThighTheta=0.235959500074387
LowerLegAlpha=0.0606898665428162
LowerLegTheta=-1.09955739974976
