[%General]
Highest=156
CenterX=34.3655195963122
CenterY=165.465670093966
XWidth=63

[LeftLeg]
ThighAlpha=-0.0785398185253143
ThighTheta=0.514758884906769
LowerLegAlpha=-0.0464098900556564
LowerLegTheta=0.521558880805969

[RightLeg]
ThighAlpha=0.0856798067688942
ThighTheta=-0.484838873147964
LowerLegAlpha=-0.0678298398852348
LowerLegTheta=-0.0931597501039505
