[%General]
Highest=154
CenterX=31.2313525224389
CenterY=267.833763196809
XWidth=53

[LeftLeg]
ThighAlpha=-0.0214199498295784
ThighTheta=-0.282199323177338
LowerLegAlpha=0.0249899476766586
LowerLegTheta=-0.926837861537933

[RightLeg]
ThighAlpha=-0.0428398996591568
ThighTheta=0.507958889007568
LowerLegAlpha=0.0606898665428162
LowerLegTheta=0.212839543819427
