[%General]
Highest=157
CenterX=34.3451355789642
CenterY=107.374614491128
XWidth=61

[LeftLeg]
ThighAlpha=-0.0214199498295784
ThighTheta=-0.514758765697479
LowerLegAlpha=0.021419957280159
LowerLegTheta=-0.537878751754761

[RightLeg]
ThighAlpha=-0.024989940226078
ThighTheta=0.514758884906769
LowerLegAlpha=-0.0142799615859985
LowerLegTheta=0.342039257287979
