[%General]
Highest=160
CenterX=30.1436025468284
CenterY=213.085757311564
XWidth=59

[LeftLeg]
ThighAlpha=-0.0785398185253143
ThighTheta=0.0197199955582619
LowerLegAlpha=-0.0678298398852348
LowerLegTheta=0.152999684214592

[RightLeg]
ThighAlpha=0.0678298473358154
ThighTheta=0.378759175539017
LowerLegAlpha=0.0606898665428162
LowerLegTheta=-0.956757783889771
