[%General]
Highest=156
CenterX=33.0692840944233
CenterY=175.113171322544
XWidth=64

[LeftLeg]
ThighAlpha=-0.0785398185253143
ThighTheta=0.484838932752609
LowerLegAlpha=-0.0678298398852348
LowerLegTheta=0.521558880805969

[RightLeg]
ThighAlpha=0.0499798879027367
ThighTheta=-0.507958829402924
LowerLegAlpha=0.00713998824357986
LowerLegTheta=-0.295799285173416
