[%General]
Highest=158
CenterX=34.8583528362866
CenterY=161.171613606251
XWidth=63

[LeftLeg]
ThighAlpha=-0.0392699092626572
ThighTheta=0.544678807258606
LowerLegAlpha=-0.082109808921814
LowerLegTheta=0.371959179639816

[RightLeg]
ThighAlpha=0.0856798067688942
ThighTheta=-0.461718916893005
LowerLegAlpha=-0.0856797993183136
LowerLegTheta=-0.0265199020504951
