[%General]
Highest=160
CenterX=30.3869775055742
CenterY=204.389701109198
XWidth=60

[LeftLeg]
ThighAlpha=-0.0392699092626572
ThighTheta=0.259079456329346
LowerLegAlpha=-0.0499798804521561
LowerLegTheta=0.109479792416096

[RightLeg]
ThighAlpha=0.0321299284696579
ThighTheta=0.0931598246097565
LowerLegAlpha=0.021419957280159
LowerLegTheta=-1.03971755504608
