[%General]
Highest=162
CenterX=34.4461383139828
CenterY=140.370179202423
XWidth=60

[LeftLeg]
ThighAlpha=-0.0642598494887352
ThighTheta=0.199239581823349
LowerLegAlpha=-0.0321299210190773
LowerLegTheta=-0.567798674106598

[RightLeg]
ThighAlpha=-0.024989940226078
ThighTheta=0.00340002961456776
LowerLegAlpha=0.0606898665428162
LowerLegTheta=0.0265199784189463
