[%General]
Highest=154
CenterX=32.727331417065
CenterY=289.685875463055
XWidth=52

[LeftLeg]
ThighAlpha=-0.0642598494887352
ThighTheta=0.0265199784189463
LowerLegAlpha=0.00356999784708023
LowerLegTheta=-0.890117883682251

[RightLeg]
ThighAlpha=0.0321299284696579
ThighTheta=0.199239581823349
LowerLegAlpha=0.021419957280159
LowerLegTheta=-0.0333198830485344
