[%General]
Highest=161
CenterX=34.4305179547428
CenterY=144.216338049752
XWidth=60

[LeftLeg]
ThighAlpha=-0.0464098900556564
ThighTheta=0.371959179639816
LowerLegAlpha=0.021419957280159
LowerLegTheta=-0.52155876159668

[RightLeg]
ThighAlpha=-0.0214199498295784
ThighTheta=-0.116279698908329
LowerLegAlpha=0.0107099786400795
LowerLegTheta=0.0632398948073387
