[%General]
Highest=154
CenterX=29.1745551705913
CenterY=239.892095836514
XWidth=60

[LeftLeg]
ThighAlpha=-0.0785398185253143
ThighTheta=-0.514758765697479
LowerLegAlpha=-0.0142799615859985
LowerLegTheta=-0.0795597806572914

[RightLeg]
ThighAlpha=-0.0642598494887352
ThighTheta=0.454919010400772
LowerLegAlpha=-0.13922968506813
LowerLegTheta=0.611318647861481
