[%General]
Highest=158
CenterX=34.5744968689419
CenterY=116.844032858677
XWidth=60

[LeftLeg]
ThighAlpha=-0.0392699092626572
ThighTheta=-0.312119245529175
LowerLegAlpha=0.0428399071097374
LowerLegTheta=-0.896917939186096

[RightLeg]
ThighAlpha=-0.00356999039649963
ThighTheta=0.507958889007568
LowerLegAlpha=-0.0142799615859985
LowerLegTheta=0.070039875805378
