[%General]
Highest=160
CenterX=35.1661994500704
CenterY=126.721816108913
XWidth=60

[LeftLeg]
ThighAlpha=-0.0428398996591568
ThighTheta=-0.0496398508548737
LowerLegAlpha=0.00356999784708023
LowerLegTheta=-1.09955739974976

[RightLeg]
ThighAlpha=-0.00356999039649963
ThighTheta=0.288999378681183
LowerLegAlpha=0.00356999784708023
LowerLegTheta=0.109479792416096
