[%General]
Highest=160
CenterX=30.0620016871207
CenterY=217.41863724183
XWidth=60

[LeftLeg]
ThighAlpha=-0.117809727787971
ThighTheta=-0.0863597691059113
LowerLegAlpha=-0.0321299210190773
LowerLegTheta=0.162519663572311

[RightLeg]
ThighAlpha=-0.00356999039649963
ThighTheta=0.424999058246613
LowerLegAlpha=0.13922968506813
LowerLegTheta=-0.66435843706131
