[%General]
Highest=158
CenterX=29.4463926110985
CenterY=230.786388068741
XWidth=61

[LeftLeg]
ThighAlpha=-0.082109808921814
ThighTheta=-0.312119245529175
LowerLegAlpha=-0.0856797993183136
LowerLegTheta=-0.0564398318529129

[RightLeg]
ThighAlpha=-0.0642598494887352
ThighTheta=0.454919010400772
LowerLegAlpha=0.00356999784708023
LowerLegTheta=0.229159519076347
