[%General]
Highest=160
CenterX=34.7106955772164
CenterY=131.074968503415
XWidth=60

[LeftLeg]
ThighAlpha=-0.0642598494887352
ThighTheta=0.00340002961456776
LowerLegAlpha=0.021419957280159
LowerLegTheta=-0.956757783889771

[RightLeg]
ThighAlpha=-0.00356999039649963
ThighTheta=0.229159519076347
LowerLegAlpha=0.00356999784708023
LowerLegTheta=0.00340002961456776
