[%General]
Highest=158
CenterX=30.579799897965
CenterY=200.040275494586
XWidth=61

[LeftLeg]
ThighAlpha=-0.0785398185253143
ThighTheta=0.342039257287979
LowerLegAlpha=-0.0142799615859985
LowerLegTheta=0.116279773414135

[RightLeg]
ThighAlpha=0.0107099786400795
ThighTheta=-0.139399647712708
LowerLegAlpha=0.021419957280159
LowerLegTheta=-0.830278038978577
