[%General]
Highest=153
CenterX=31.8973819499076
CenterY=278.301908194442
XWidth=51

[LeftLeg]
ThighAlpha=0.0249899476766586
ThighTheta=-0.0564398318529129
LowerLegAlpha=-0.121379718184471
LowerLegTheta=-1.09955739974976

[RightLeg]
ThighAlpha=-0.00356999039649963
ThighTheta=0.454919010400772
LowerLegAlpha=0.00713998824357986
LowerLegTheta=-0.0496398508548737
