[%General]
Highest=159
CenterX=29.9355751099937
CenterY=226.742420161025
XWidth=61

[LeftLeg]
ThighAlpha=-0.0785398185253143
ThighTheta=-0.259079366922379
LowerLegAlpha=-0.0321299210190773
LowerLegTheta=0.0265199784189463

[RightLeg]
ThighAlpha=-0.0392699092626572
ThighTheta=0.484838932752609
LowerLegAlpha=0.0642598569393158
LowerLegTheta=-0.116279698908329
