[%General]
Highest=155
CenterX=29.2444774400776
CenterY=235.364367746432
XWidth=60

[LeftLeg]
ThighAlpha=-0.0999597683548927
ThighTheta=-0.424998998641968
LowerLegAlpha=-0.0142799615859985
LowerLegTheta=-0.0333198830485344

[RightLeg]
ThighAlpha=-0.0606898590922356
ThighTheta=0.484838932752609
LowerLegAlpha=-0.0856797993183136
LowerLegTheta=0.401879131793976
