[%General]
Highest=158
CenterX=34.6339160938881
CenterY=122.023871317343
XWidth=60

[LeftLeg]
ThighAlpha=-0.0642598494887352
ThighTheta=-0.2522794008255
LowerLegAlpha=0.0606898665428162
LowerLegTheta=-0.926837861537933

[RightLeg]
ThighAlpha=-0.0214199498295784
ThighTheta=0.371959179639816
LowerLegAlpha=0.021419957280159
LowerLegTheta=0.116279773414135
