[%General]
Highest=156
CenterX=33.4344347960724
CenterY=170.207359715108
XWidth=63

[LeftLeg]
ThighAlpha=-0.117809727787971
ThighTheta=0.484838932752609
LowerLegAlpha=-0.0142799615859985
LowerLegTheta=0.574598729610443

[RightLeg]
ThighAlpha=0.0285599380731583
ThighTheta=-0.484838873147964
LowerLegAlpha=0.00713998824357986
LowerLegTheta=-0.259079366922379
