[%General]
Highest=159
CenterX=29.9859428371238
CenterY=222.153782150469
XWidth=61

[LeftLeg]
ThighAlpha=-0.082109808921814
ThighTheta=-0.146199628710747
LowerLegAlpha=-0.0678298398852348
LowerLegTheta=-0.0197199191898108

[RightLeg]
ThighAlpha=-0.00356999039649963
ThighTheta=0.484838932752609
LowerLegAlpha=0.021419957280159
LowerLegTheta=-0.37875908613205
