[%General]
Highest=152
CenterX=29.998741346759
CenterY=252.552690371303
XWidth=60

[LeftLeg]
ThighAlpha=-0.0999597683548927
ThighTheta=-0.52155876159668
LowerLegAlpha=0.021419957280159
LowerLegTheta=-0.358359158039093

[RightLeg]
ThighAlpha=-0.0606898590922356
ThighTheta=0.537878811359406
LowerLegAlpha=-0.0464098900556564
LowerLegTheta=0.581398725509644
