[%General]
Highest=156
CenterX=33.6343922389195
CenterY=28.0693089486127
XWidth=54

[LeftLeg]
ThighAlpha=-0.0392699092626572
ThighTheta=0.282199382781982
LowerLegAlpha=-0.0321299210190773
LowerLegTheta=0.551478803157806

[RightLeg]
ThighAlpha=0.0678298473358154
ThighTheta=-0.544678747653961
LowerLegAlpha=-0.0464098900556564
LowerLegTheta=-0.199239507317543
