[%General]
Highest=162
CenterX=32.756556102237
CenterY=39.2190779885164
XWidth=52

[LeftLeg]
ThighAlpha=-0.0785398185253143
ThighTheta=-0.0785398185253143
LowerLegAlpha=-0.0981747731566429
LowerLegTheta=-0.157079637050629

[RightLeg]
ThighAlpha=0.0785398185253143
ThighTheta=0.235619455575943
LowerLegAlpha=0.0981747731566429
LowerLegTheta=-0.549778699874878
