[%General]
Highest=155
CenterX=30.8409767575874
CenterY=199.302799654245
XWidth=58

[LeftLeg]
ThighAlpha=-0.0785398185253143
ThighTheta=-0.471238911151886
LowerLegAlpha=-0.0785398185253143
LowerLegTheta=-0.235619455575943

[RightLeg]
ThighAlpha=0.0196349546313286
ThighTheta=0.471238911151886
LowerLegAlpha=0.0392699092626572
LowerLegTheta=0.471238911151886
