[%General]
Highest=159
CenterX=32.4747946666667
CenterY=151.164224
XWidth=59

[LeftLeg]
ThighAlpha=-0.0589048638939857
ThighTheta=0.471238911151886
LowerLegAlpha=-0.0981747731566429
LowerLegTheta=0

[RightLeg]
ThighAlpha=0.0589048638939857
ThighTheta=-0.157079637050629
LowerLegAlpha=0.0392699092626572
LowerLegTheta=-0.785398185253143
