[%General]
Highest=159
CenterX=32.3259201876419
CenterY=162.573631150275
XWidth=59

[LeftLeg]
ThighAlpha=-0.0785398185253143
ThighTheta=0.235619455575943
LowerLegAlpha=-0.0981747731566429
LowerLegTheta=-0.157079637050629

[RightLeg]
ThighAlpha=0.0589048638939857
ThighTheta=0
LowerLegAlpha=0
LowerLegTheta=-0.706858336925507
