[%General]
Highest=162
CenterX=34.0452646607794
CenterY=102.941092485855
XWidth=57

[LeftLeg]
ThighAlpha=-0.0589048638939857
ThighTheta=0.235619455575943
LowerLegAlpha=0.0392699092626572
LowerLegTheta=-0.471238911151886

[RightLeg]
ThighAlpha=0.0981747731566429
ThighTheta=0
LowerLegAlpha=0.0196349546313286
LowerLegTheta=0
