[%General]
Highest=160
CenterX=33.5072067179144
CenterY=120.825252757353
XWidth=60

[LeftLeg]
ThighAlpha=-0.0589048638939857
ThighTheta=0.392699092626572
LowerLegAlpha=-0.0785398185253143
LowerLegTheta=0.471238911151886

[RightLeg]
ThighAlpha=0.0785398185253143
ThighTheta=-0.314159274101257
LowerLegAlpha=0.0392699092626572
LowerLegTheta=-0.157079637050629
