[%General]
Highest=145
CenterX=40.2251539252568
CenterY=105.380068469078
XWidth=56

[LeftLeg]
ThighAlpha=-0.0214199498295784
ThighTheta=-0.169319570064545
LowerLegAlpha=0.021419957280159
LowerLegTheta=-0.866998016834259

[RightLeg]
ThighAlpha=0.0856798067688942
ThighTheta=0.365159213542938
LowerLegAlpha=0.021419957280159
LowerLegTheta=0.0102000124752522
