[%General]
Highest=143
CenterX=39.5919591292759
CenterY=145.070274322523
XWidth=57

[LeftLeg]
ThighAlpha=-0.0785398185253143
ThighTheta=0.544678807258606
LowerLegAlpha=-0.157079637050629
LowerLegTheta=0.431799054145813

[RightLeg]
ThighAlpha=0.0856798067688942
ThighTheta=-0.401879042387009
LowerLegAlpha=0.0428399071097374
LowerLegTheta=-0.275399327278137
