[%General]
Highest=143
CenterX=39.1978302939556
CenterY=246.954642408148
XWidth=50

[LeftLeg]
ThighAlpha=-0.117809727787971
ThighTheta=0.32571929693222
LowerLegAlpha=-0.13922968506813
LowerLegTheta=-0.318919241428375

[RightLeg]
ThighAlpha=0.121379725635052
ThighTheta=0.146199703216553
LowerLegAlpha=0.0678298473358154
LowerLegTheta=0.079559862613678
