[%General]
Highest=144
CenterX=40.3482174961047
CenterY=101.857013490298
XWidth=57

[LeftLeg]
ThighAlpha=-0.024989940226078
ThighTheta=-0.312119245529175
LowerLegAlpha=0.021419957280159
LowerLegTheta=-0.747318267822266

[RightLeg]
ThighAlpha=0.0678298473358154
ThighTheta=0.46171897649765
LowerLegAlpha=0.0606898665428162
LowerLegTheta=0.0496399253606796
