[%General]
Highest=146
CenterX=39.5002650621571
CenterY=132.163530097808
XWidth=56

[LeftLeg]
ThighAlpha=-0.0392699092626572
ThighTheta=0.431799054145813
LowerLegAlpha=-0.0321299210190773
LowerLegTheta=0.146199703216553

[RightLeg]
ThighAlpha=0.0499798879027367
ThighTheta=-0.206039488315582
LowerLegAlpha=0.021419957280159
LowerLegTheta=-0.109479710459709
