[%General]
Highest=143
CenterX=38.193236521181
CenterY=199.3526957638
XWidth=54

[LeftLeg]
ThighAlpha=-0.082109808921814
ThighTheta=-0.312119245529175
LowerLegAlpha=-0.082109808921814
LowerLegTheta=-0.070039801299572

[RightLeg]
ThighAlpha=-0.0392699092626572
ThighTheta=0.454919010400772
LowerLegAlpha=0.00356999784708023
LowerLegTheta=0.342039257287979
