[%General]
Highest=144
CenterX=38.3098223896663
CenterY=195.667962863294
XWidth=55

[LeftLeg]
ThighAlpha=-0.082109808921814
ThighTheta=-0.206039488315582
LowerLegAlpha=-0.103529758751392
LowerLegTheta=-0.215559482574463

[RightLeg]
ThighAlpha=-0.00713998079299927
ThighTheta=0.454919010400772
LowerLegAlpha=-0.0285599306225777
LowerLegTheta=0.070039875805378
