[%General]
Highest=142
CenterX=39.4524682166991
CenterY=242.886181422517
XWidth=51

[LeftLeg]
ThighAlpha=-0.0464098900556564
ThighTheta=0.146199703216553
LowerLegAlpha=0.00713998824357986
LowerLegTheta=-0.866998016834259

[RightLeg]
ThighAlpha=0.121379725635052
ThighTheta=0.229159519076347
LowerLegAlpha=0.0107099786400795
LowerLegTheta=-0.0564398318529129
