[%General]
Highest=142
CenterX=39.500333000333
CenterY=21.3486097236097
XWidth=46

[LeftLeg]
ThighAlpha=-0.0642598494887352
ThighTheta=0.484838932752609
LowerLegAlpha=-0.0499798804521561
LowerLegTheta=0.295799374580383

[RightLeg]
ThighAlpha=0.0321299284696579
ThighTheta=-0.544678747653961
LowerLegAlpha=0.00713998824357986
LowerLegTheta=0.00340002961456776
