[%General]
Highest=141
CenterX=37.7563159759122
CenterY=212.980403825717
XWidth=52

[LeftLeg]
ThighAlpha=-0.0999597683548927
ThighTheta=-0.478038877248764
LowerLegAlpha=0.00356999784708023
LowerLegTheta=-0.24275940656662

[RightLeg]
ThighAlpha=-0.0606898590922356
ThighTheta=0.544678807258606
LowerLegAlpha=0.0606898665428162
LowerLegTheta=0.49163892865181
