[%General]
Highest=141
CenterX=38.8747461947208
CenterY=231.916089454661
XWidth=52

[LeftLeg]
ThighAlpha=-0.0464098900556564
ThighTheta=-0.116279698908329
LowerLegAlpha=-0.0107099711894989
LowerLegTheta=-1.09955739974976

[RightLeg]
ThighAlpha=0.0499798879027367
ThighTheta=0.448119014501572
LowerLegAlpha=0.0428399071097374
LowerLegTheta=0.070039875805378
