[%General]
Highest=146
CenterX=39.0076186777539
CenterY=47.6353771645269
XWidth=50

[LeftLeg]
ThighAlpha=-0.00713998079299927
ThighTheta=0.235959500074387
LowerLegAlpha=-0.117809727787971
LowerLegTheta=-0.152999609708786

[RightLeg]
ThighAlpha=0.103529766201973
ThighTheta=0.146199703216553
LowerLegAlpha=-0.00356999039649963
LowerLegTheta=-0.979877710342407
