[%General]
Highest=144
CenterX=39.163537152945
CenterY=70.2465093885412
XWidth=52

[LeftLeg]
ThighAlpha=-0.024989940226078
ThighTheta=-0.288999319076538
LowerLegAlpha=-0.0499798804521561
LowerLegTheta=-0.215559482574463

[RightLeg]
ThighAlpha=0.0499798879027367
ThighTheta=0.424999058246613
LowerLegAlpha=-0.0499798804521561
LowerLegTheta=0.0102000124752522
