[%General]
Highest=146
CenterX=38.9998371392343
CenterY=51.0254760769168
XWidth=50

[LeftLeg]
ThighAlpha=-0.00713998079299927
ThighTheta=0.199239581823349
LowerLegAlpha=-0.157079637050629
LowerLegTheta=-0.235959425568581

[RightLeg]
ThighAlpha=-0.00356999039649963
ThighTheta=0.109479792416096
LowerLegAlpha=0.13922968506813
LowerLegTheta=-0.687478423118591
