[%General]
Highest=143
CenterX=38.1377030523906
CenterY=202.909037948273
XWidth=53

[LeftLeg]
ThighAlpha=-0.0785398185253143
ThighTheta=-0.348839163780212
LowerLegAlpha=-0.0321299210190773
LowerLegTheta=-0.215559482574463

[RightLeg]
ThighAlpha=-0.0606898590922356
ThighTheta=0.454919010400772
LowerLegAlpha=0.021419957280159
LowerLegTheta=0.468518972396851
