[%General]
Highest=141
CenterX=38.592706711985
CenterY=257.496839363426
XWidth=49

[LeftLeg]
ThighAlpha=-0.024989940226078
ThighTheta=0.395079135894775
LowerLegAlpha=0.0249899476766586
LowerLegTheta=-0.0727597996592522

[RightLeg]
ThighAlpha=-0.00356999039649963
ThighTheta=-0.116279698908329
LowerLegAlpha=0.13922968506813
LowerLegTheta=-0.0795597806572914
