[%General]
Highest=142
CenterX=39.3125215134906
CenterY=30.7735589271057
XWidth=48

[LeftLeg]
ThighAlpha=-0.0785398185253143
ThighTheta=0.454919010400772
LowerLegAlpha=-0.0678298398852348
LowerLegTheta=0.169319659471512

[RightLeg]
ThighAlpha=0.0999597758054733
ThighTheta=-0.491638839244843
LowerLegAlpha=-0.0142799615859985
LowerLegTheta=-0.358359158039093
