[%General]
Highest=146
CenterX=39.0877730043989
CenterY=125.965374424408
XWidth=54

[LeftLeg]
ThighAlpha=-0.117809727787971
ThighTheta=0.371959179639816
LowerLegAlpha=0.0606898665428162
LowerLegTheta=-0.275399327278137

[RightLeg]
ThighAlpha=0.0321299284696579
ThighTheta=-0.0265199020504951
LowerLegAlpha=0.0606898665428162
LowerLegTheta=-0.146199628710747
