[%General]
Highest=143
CenterX=39.6176267046611
CenterY=141.771816269761
XWidth=55

[LeftLeg]
ThighAlpha=-0.0785398185253143
ThighTheta=0.544678807258606
LowerLegAlpha=-0.082109808921814
LowerLegTheta=0.401879131793976

[RightLeg]
ThighAlpha=0.0499798879027367
ThighTheta=-0.318919241428375
LowerLegAlpha=0.0606898665428162
LowerLegTheta=-0.2522794008255
