[%General]
Highest=142
CenterX=38.6322435564781
CenterY=254.007375257505
XWidth=50

[LeftLeg]
ThighAlpha=-0.0785398185253143
ThighTheta=0.342039257287979
LowerLegAlpha=0.021419957280159
LowerLegTheta=-0.0727597996592522

[RightLeg]
ThighAlpha=0.0499798879027367
ThighTheta=-0.00339995324611664
LowerLegAlpha=0.0999597758054733
LowerLegTheta=-0.139399647712708
