[%General]
Highest=145
CenterX=38.6198052169175
CenterY=188.322073145815
XWidth=55

[LeftLeg]
ThighAlpha=-0.0999597683548927
ThighTheta=-0.0564398318529129
LowerLegAlpha=-0.121379718184471
LowerLegTheta=-0.109479710459709

[RightLeg]
ThighAlpha=0.0321299284696579
ThighTheta=0.342039257287979
LowerLegAlpha=-0.0142799615859985
LowerLegTheta=-0.132599666714668
