[%General]
Highest=144
CenterX=38.4303860523039
CenterY=162.349799363498
XWidth=55

[LeftLeg]
ThighAlpha=-0.117809727787971
ThighTheta=0.574598729610443
LowerLegAlpha=-0.0142799615859985
LowerLegTheta=-0.0333198830485344

[RightLeg]
ThighAlpha=0.0856798067688942
ThighTheta=-0.342039197683334
LowerLegAlpha=0.021419957280159
LowerLegTheta=-0.567798674106598
