[%General]
Highest=140
CenterX=37.8803295747744
CenterY=216.605607902952
XWidth=53

[LeftLeg]
ThighAlpha=-0.0785398185253143
ThighTheta=-0.514758765697479
LowerLegAlpha=-0.0499798804521561
LowerLegTheta=-0.288999319076538

[RightLeg]
ThighAlpha=0.0107099786400795
ThighTheta=0.544678807258606
LowerLegAlpha=0.021419957280159
LowerLegTheta=0.371959179639816
