[%General]
Highest=143
CenterX=39.1426307448494
CenterY=37.5640216129878
XWidth=49

[LeftLeg]
ThighAlpha=-0.0392699092626572
ThighTheta=0.401879131793976
LowerLegAlpha=-0.0642598494887352
LowerLegTheta=0.0265199784189463

[RightLeg]
ThighAlpha=0.103529766201973
ThighTheta=-0.282199323177338
LowerLegAlpha=-0.0107099711894989
LowerLegTheta=-0.777238190174103
