[%General]
Highest=145
CenterX=40.0813923428896
CenterY=108.428133805548
XWidth=56

[LeftLeg]
ThighAlpha=-0.0107099711894989
ThighTheta=-0.0197199191898108
LowerLegAlpha=0.021419957280159
LowerLegTheta=-0.956757783889771

[RightLeg]
ThighAlpha=0.0856798067688942
ThighTheta=0.282199382781982
LowerLegAlpha=0.021419957280159
LowerLegTheta=0.00340002961456776
