[%General]
Highest=144
CenterX=39.1182497631496
CenterY=41.0595576452975
XWidth=48

[LeftLeg]
ThighAlpha=-0.0642598494887352
ThighTheta=0.371959179639816
LowerLegAlpha=-0.0464098900556564
LowerLegTheta=-0.0333198830485344

[RightLeg]
ThighAlpha=-0.0107099711894989
ThighTheta=-0.235959425568581
LowerLegAlpha=0.0606898665428162
LowerLegTheta=-0.80035811662674
