[%General]
Highest=142
CenterX=39.5854138155535
CenterY=90.329949643251
XWidth=54

[LeftLeg]
ThighAlpha=0.0142799690365791
ThighTheta=-0.491638839244843
LowerLegAlpha=-0.0321299210190773
LowerLegTheta=-0.38827908039093

[RightLeg]
ThighAlpha=0.0678298473358154
ThighTheta=0.537878811359406
LowerLegAlpha=0.0249899476766586
LowerLegTheta=0.259079456329346
