[%General]
Highest=145
CenterX=31.1439565703337
CenterY=176.875171642983
XWidth=57

[LeftLeg]
ThighAlpha=-0.0606898590922356
ThighTheta=0.607692003250122
LowerLegAlpha=-0.117809727787971
LowerLegTheta=0.106306441128254

[RightLeg]
ThighAlpha=0.0678298473358154
ThighTheta=-0.391905754804611
LowerLegAlpha=0.0428399071097374
LowerLegTheta=-0.607691943645477
