[%General]
Highest=147
CenterX=29.4071400996996
CenterY=190.621040970812
XWidth=54

[LeftLeg]
ThighAlpha=-0.196349546313286
ThighTheta=0.314159274101257
LowerLegAlpha=0
LowerLegTheta=0.0785398185253143

[RightLeg]
ThighAlpha=0.196349546313286
ThighTheta=0.235619455575943
LowerLegAlpha=0.157079637050629
LowerLegTheta=0.235619455575943
