[%General]
Highest=147
CenterX=28.5342625950167
CenterY=213.330875002358
XWidth=49

[LeftLeg]
ThighAlpha=-0.0785398185253143
ThighTheta=-0.206039488315582
LowerLegAlpha=-0.13922968506813
LowerLegTheta=-0.0197199191898108

[RightLeg]
ThighAlpha=0.0142799690365791
ThighTheta=0.514758884906769
LowerLegAlpha=0.0606898665428162
LowerLegTheta=-0.0863597691059113
