[%General]
Highest=147
CenterX=29.4896306231944
CenterY=194.350581235383
XWidth=52

[LeftLeg]
ThighAlpha=-0.117809727787971
ThighTheta=0.179292947053909
LowerLegAlpha=-0.121379718184471
LowerLegTheta=0.106306441128254

[RightLeg]
ThighAlpha=0.0142799690365791
ThighTheta=0.172946274280548
LowerLegAlpha=0.00713998824357986
LowerLegTheta=-0.959931075572968
