[%General]
Highest=149
CenterX=36.3105158730159
CenterY=61.3637911632315
XWidth=47

[LeftLeg]
ThighAlpha=-0.117809727787971
ThighTheta=0
LowerLegAlpha=-0.0392699092626572
LowerLegTheta=0

[RightLeg]
ThighAlpha=0.196349546313286
ThighTheta=0.0785398185253143
LowerLegAlpha=0.117809727787971
LowerLegTheta=-0.157079637050629
