[%General]
Highest=149
CenterX=36.8608411272083
CenterY=68.7708142306987
XWidth=45

[LeftLeg]
ThighAlpha=-0.0642598494887352
ThighTheta=-0.0364932343363762
LowerLegAlpha=-0.157079637050629
LowerLegTheta=-0.249106079339981

[RightLeg]
ThighAlpha=0.121379725635052
ThighTheta=0.31891930103302
LowerLegAlpha=0.0678298473358154
LowerLegTheta=-0.674331784248352
