[%General]
Highest=148
CenterX=35.6401055569037
CenterY=49.820689759767
XWidth=52

[LeftLeg]
ThighAlpha=-0.0999597683548927
ThighTheta=0.322092622518539
LowerLegAlpha=-0.0642598494887352
LowerLegTheta=-0.0364932343363762

[RightLeg]
ThighAlpha=0.121379725635052
ThighTheta=-0.249106079339981
LowerLegAlpha=0.0821098163723946
LowerLegTheta=-0.959931075572968
