[%General]
Highest=148
CenterX=29.3323871292287
CenterY=209.623991663822
XWidth=50

[LeftLeg]
ThighAlpha=-0.0999597683548927
ThighTheta=-0.106306403875351
LowerLegAlpha=-0.13922968506813
LowerLegTheta=0.0364932715892792

[RightLeg]
ThighAlpha=0.0499798879027367
ThighTheta=0.46489229798317
LowerLegAlpha=0.13922968506813
LowerLegTheta=-0.464892268180847
