[%General]
Highest=144
CenterX=26.6378234517925
CenterY=275.280947375484
XWidth=45

[LeftLeg]
ThighAlpha=-0.117809727787971
ThighTheta=0.391905784606934
LowerLegAlpha=-0.0285599306225777
LowerLegTheta=-0.537878751754761

[RightLeg]
ThighAlpha=0.13922968506813
ThighTheta=0.0364932715892792
LowerLegAlpha=0.103529766201973
LowerLegTheta=-0.0364932343363762
