[%General]
Highest=149
CenterX=37.497626131544
CenterY=120.680477305818
XWidth=46

[LeftLeg]
ThighAlpha=-0.157079637050629
ThighTheta=0.235619455575943
LowerLegAlpha=-0.196349546313286
LowerLegTheta=0

[RightLeg]
ThighAlpha=0.117809727787971
ThighTheta=0.235619455575943
LowerLegAlpha=-0.0392699092626572
LowerLegTheta=0.0785398185253143
