[%General]
Highest=148
CenterX=29.3838358584596
CenterY=202.200210010501
XWidth=50

[LeftLeg]
ThighAlpha=-0.117809727787971
ThighTheta=-0.0333198979496956
LowerLegAlpha=-0.0678298398852348
LowerLegTheta=0.172946274280548

[RightLeg]
ThighAlpha=0.13922968506813
ThighTheta=0.322092622518539
LowerLegAlpha=0.0606898665428162
LowerLegTheta=-0.398252427577972
