[%General]
Highest=147
CenterX=29.4071400996996
CenterY=190.621040970812
XWidth=54

[LeftLeg]
ThighAlpha=-0.13922968506813
ThighTheta=0.325265944004059
LowerLegAlpha=-0.103529758751392
LowerLegTheta=0.030146598815918

[RightLeg]
ThighAlpha=0.0285599380731583
ThighTheta=0.103133104741573
LowerLegAlpha=-0.0285599306225777
LowerLegTheta=-1.09955739974976
