[%General]
Highest=147
CenterX=35.6176314474835
CenterY=45.4315754964406
XWidth=51

[LeftLeg]
ThighAlpha=-0.117809727787971
ThighTheta=0.424999058246613
LowerLegAlpha=-0.0678298398852348
LowerLegTheta=0.0102000124752522

[RightLeg]
ThighAlpha=0.13922968506813
ThighTheta=-0.342039197683334
LowerLegAlpha=0.0999597758054733
LowerLegTheta=-0.837078034877777
