[%General]
Highest=149
CenterX=36.3105158730159
CenterY=61.3637911632315
XWidth=47

[LeftLeg]
ThighAlpha=-0.0785398185253143
ThighTheta=0.0364932715892792
LowerLegAlpha=-0.0856797993183136
LowerLegTheta=-0.0396665707230568

[RightLeg]
ThighAlpha=0.103529766201973
ThighTheta=0.249106109142303
LowerLegAlpha=0.0321299284696579
LowerLegTheta=-1.09955739974976
