[%General]
Highest=147
CenterX=36.507704013696
CenterY=90.7024602117811
XWidth=44

[LeftLeg]
ThighAlpha=-0.0464098900556564
ThighTheta=-0.454918920993805
LowerLegAlpha=-0.0499798804521561
LowerLegTheta=-0.295799285173416

[RightLeg]
ThighAlpha=0.0142799690365791
ThighTheta=0.567798733711243
LowerLegAlpha=-0.00713998079299927
LowerLegTheta=0.454919010400772
