[%General]
Highest=143
CenterX=27.079284483996
CenterY=240.742661834362
XWidth=44

[LeftLeg]
ThighAlpha=-0.157079637050629
ThighTheta=-0.549778699874878
LowerLegAlpha=-0.0392699092626572
LowerLegTheta=-0.235619455575943

[RightLeg]
ThighAlpha=0.0392699092626572
ThighTheta=0.549778699874878
LowerLegAlpha=0.0785398185253143
LowerLegTheta=0.314159274101257
