[%General]
Highest=146
CenterX=36.3783792854626
CenterY=94.9267339027706
XWidth=44

[LeftLeg]
ThighAlpha=-0.0785398185253143
ThighTheta=-0.468065589666367
LowerLegAlpha=-0.0321299210190773
LowerLegTheta=-0.388732433319092

[RightLeg]
ThighAlpha=-0.00356999039649963
ThighTheta=0.607692003250122
LowerLegAlpha=0.0428399071097374
LowerLegTheta=0.322092622518539
