[%General]
Highest=148
CenterX=29.6716915047043
CenterY=206.026869720486
XWidth=50

[LeftLeg]
ThighAlpha=-0.0785398185253143
ThighTheta=-0.0564398318529129
LowerLegAlpha=-0.157079637050629
LowerLegTheta=0.0564399100840092

[RightLeg]
ThighAlpha=0.103529766201973
ThighTheta=0.371959179639816
LowerLegAlpha=0.0999597758054733
LowerLegTheta=-0.454918920993805
