[%General]
Highest=147
CenterX=27.8560337485889
CenterY=217.417876453229
XWidth=48

[LeftLeg]
ThighAlpha=-0.117809727787971
ThighTheta=-0.249106079339981
LowerLegAlpha=-0.0499798804521561
LowerLegTheta=-0.0364932343363762

[RightLeg]
ThighAlpha=0.0142799690365791
ThighTheta=0.534705460071564
LowerLegAlpha=-0.0107099711894989
LowerLegTheta=0.179292947053909
