[%General]
Highest=143
CenterX=27.079284483996
CenterY=240.742661834362
XWidth=44

[LeftLeg]
ThighAlpha=-0.13922968506813
ThighTheta=-0.461718916893005
LowerLegAlpha=-0.0678298398852348
LowerLegTheta=-0.395079076290131

[RightLeg]
ThighAlpha=0.0499798879027367
ThighTheta=0.60451865196228
LowerLegAlpha=0.0428399071097374
LowerLegTheta=0.252279460430145
