[%General]
Highest=149
CenterX=36.6516704938711
CenterY=76.801125521524
XWidth=45

[LeftLeg]
ThighAlpha=-0.00713998079299927
ThighTheta=-0.249106079339981
LowerLegAlpha=-0.121379718184471
LowerLegTheta=-0.182466238737106

[RightLeg]
ThighAlpha=0.046409897506237
ThighTheta=0.46489229798317
LowerLegAlpha=-0.00713998079299927
LowerLegTheta=-0.255452752113342
