[%General]
Highest=144
CenterX=27.889272443965
CenterY=288.410499820209
XWidth=45

[LeftLeg]
ThighAlpha=-0.0428398996591568
ThighTheta=0.534705460071564
LowerLegAlpha=0.021419957280159
LowerLegTheta=0.322092622518539

[RightLeg]
ThighAlpha=0.103529766201973
ThighTheta=-0.318919241428375
LowerLegAlpha=0.0999597758054733
LowerLegTheta=-0.0396665707230568
