[%General]
Highest=146
CenterX=33.6803555639763
CenterY=160.342727674624
XWidth=54

[LeftLeg]
ThighAlpha=-0.0999597683548927
ThighTheta=0.537878811359406
LowerLegAlpha=-0.121379718184471
LowerLegTheta=0.601345300674438

[RightLeg]
ThighAlpha=0.13922968506813
ThighTheta=-0.464892268180847
LowerLegAlpha=-0.0142799615859985
LowerLegTheta=-0.2459327429533
