[%General]
Highest=144
CenterX=26.6282855653986
CenterY=264.034788952579
XWidth=42

[LeftLeg]
ThighAlpha=-0.196349546313286
ThighTheta=0.392699092626572
LowerLegAlpha=-0.117809727787971
LowerLegTheta=-0.157079637050629

[RightLeg]
ThighAlpha=0.196349546313286
ThighTheta=0.392699092626572
LowerLegAlpha=-0.117809727787971
LowerLegTheta=-0.157079637050629
