[%General]
Highest=147
CenterX=28.5342625950167
CenterY=213.330875002358
XWidth=49

[LeftLeg]
ThighAlpha=-0.0606898590922356
ThighTheta=-0.176119565963745
LowerLegAlpha=-0.157079637050629
LowerLegTheta=-0.0396665707230568

[RightLeg]
ThighAlpha=0.0321299284696579
ThighTheta=0.534705460071564
LowerLegAlpha=0.00713998824357986
LowerLegTheta=-0.106306403875351
