[%General]
Highest=143
CenterX=27.9752963690136
CenterY=291.737629544946
XWidth=46

[LeftLeg]
ThighAlpha=-0.117809727787971
ThighTheta=0.314159274101257
LowerLegAlpha=0.117809727787971
LowerLegTheta=0.785398185253143

[RightLeg]
ThighAlpha=0.117809727787971
ThighTheta=-0.392699092626572
LowerLegAlpha=0.117809727787971
LowerLegTheta=-0.0785398185253143
