[%General]
Highest=144
CenterX=26.7197566442523
CenterY=271.833514782794
XWidth=44

[LeftLeg]
ThighAlpha=-0.0785398185253143
ThighTheta=0.206039562821388
LowerLegAlpha=-0.13922968506813
LowerLegTheta=-0.335239201784134

[RightLeg]
ThighAlpha=0.13922968506813
ThighTheta=0.206039562821388
LowerLegAlpha=0.0321299284696579
LowerLegTheta=-0.206039488315582
