[%General]
Highest=146
CenterX=36.7679128489065
CenterY=103.134842471459
XWidth=45

[LeftLeg]
ThighAlpha=-0.0464098900556564
ThighTheta=-0.534705400466919
LowerLegAlpha=-0.0285599306225777
LowerLegTheta=-0.468065589666367

[RightLeg]
ThighAlpha=0.0321299284696579
ThighTheta=0.60451865196228
LowerLegAlpha=0.0642598569393158
LowerLegTheta=0.109479777514935
