[%General]
Highest=146
CenterX=36.4781746031746
CenterY=98.7290272858455
XWidth=46

[LeftLeg]
ThighAlpha=-0.0642598494887352
ThighTheta=-0.534705400466919
LowerLegAlpha=-0.0464098900556564
LowerLegTheta=-0.398252427577972

[RightLeg]
ThighAlpha=0.0285599380731583
ThighTheta=0.60451865196228
LowerLegAlpha=0.0285599380731583
LowerLegTheta=0.255452781915665
