[%General]
Highest=148
CenterX=37.4755109849813
CenterY=116.810178246867
XWidth=46

[LeftLeg]
ThighAlpha=-0.0285599306225777
ThighTheta=-0.2522794008255
LowerLegAlpha=0.00713998824357986
LowerLegTheta=-0.886944591999054

[RightLeg]
ThighAlpha=0.0856798067688942
ThighTheta=0.391905784606934
LowerLegAlpha=-0.00713998079299927
LowerLegTheta=0.0396666079759598
