[%General]
Highest=144
CenterX=26.6085369585173
CenterY=268.137627311273
XWidth=42

[LeftLeg]
ThighAlpha=-0.0785398185253143
ThighTheta=0.245932787656784
LowerLegAlpha=0.00356999784708023
LowerLegTheta=-1.09955739974976

[RightLeg]
ThighAlpha=0.13922968506813
ThighTheta=0.249106109142303
LowerLegAlpha=-0.0214199498295784
LowerLegTheta=-0.176119565963745
