[%General]
Highest=148
CenterX=29.3838358584596
CenterY=202.200210010501
XWidth=50

[LeftLeg]
ThighAlpha=-0.157079637050629
ThighTheta=0
LowerLegAlpha=-0.0785398185253143
LowerLegTheta=0.0785398185253143

[RightLeg]
ThighAlpha=0.117809727787971
ThighTheta=0.235619455575943
LowerLegAlpha=0.157079637050629
LowerLegTheta=-0.235619455575943
