[%General]
Highest=146
CenterX=27.9569007547243
CenterY=221.76390974511
XWidth=46

[LeftLeg]
ThighAlpha=-0.117809727787971
ThighTheta=-0.371959120035172
LowerLegAlpha=-0.0499798804521561
LowerLegTheta=0.00340002961456776

[RightLeg]
ThighAlpha=-0.00356999039649963
ThighTheta=0.544678807258606
LowerLegAlpha=0.00356999784708023
LowerLegTheta=0.342039257287979
