[%General]
Highest=147
CenterX=29.4071400996996
CenterY=190.621040970812
XWidth=54

[LeftLeg]
ThighAlpha=-0.0981747731566429
ThighTheta=0.314159274101257
LowerLegAlpha=-0.0981747731566429
LowerLegTheta=0.0785398185253143

[RightLeg]
ThighAlpha=0.0981747731566429
ThighTheta=0.117809727787971
LowerLegAlpha=0.0981747731566429
LowerLegTheta=0.431968986988068
