[%General]
Highest=149
CenterX=36.7772887323944
CenterY=72.4966458232151
XWidth=44

[LeftLeg]
ThighAlpha=-0.0428398996591568
ThighTheta=-0.0333198979496956
LowerLegAlpha=-0.13922968506813
LowerLegTheta=-0.398252427577972

[RightLeg]
ThighAlpha=0.0678298473358154
ThighTheta=0.46489229798317
LowerLegAlpha=0.13922968506813
LowerLegTheta=-0.607691943645477
