[%General]
Highest=143
CenterX=27.2388513200556
CenterY=245.492413154238
XWidth=43

[LeftLeg]
ThighAlpha=-0.117809727787971
ThighTheta=-0.391905754804611
LowerLegAlpha=-0.0499798804521561
LowerLegTheta=-0.537878751754761

[RightLeg]
ThighAlpha=0.0499798879027367
ThighTheta=0.46489229798317
LowerLegAlpha=0.0821098163723946
LowerLegTheta=0.31891930103302
