[%General]
Highest=149
CenterX=36.7772887323944
CenterY=72.4966458232151
XWidth=44

[LeftLeg]
ThighAlpha=-0.00713998079299927
ThighTheta=-0.0931597501039505
LowerLegAlpha=-0.157079637050629
LowerLegTheta=-0.358359158039093

[RightLeg]
ThighAlpha=0.0678298473358154
ThighTheta=0.454919010400772
LowerLegAlpha=0.0499798879027367
LowerLegTheta=-0.567798674106598
