[%General]
Highest=146
CenterX=36.3783792854626
CenterY=94.9267339027706
XWidth=44

[LeftLeg]
ThighAlpha=-0.0392699092626572
ThighTheta=-0.471238911151886
LowerLegAlpha=-0.0785398185253143
LowerLegTheta=-0.392699092626572

[RightLeg]
ThighAlpha=0
ThighTheta=0.628318548202515
LowerLegAlpha=0.0392699092626572
LowerLegTheta=0.314159274101257
