[%General]
Highest=144
CenterX=27.225982899931
CenterY=232.416756651502
XWidth=44

[LeftLeg]
ThighAlpha=-0.0785398185253143
ThighTheta=-0.510508835315704
LowerLegAlpha=-0.0981747731566429
LowerLegTheta=-0.117809727787971

[RightLeg]
ThighAlpha=0
ThighTheta=0.589048624038696
LowerLegAlpha=0.0981747731566429
LowerLegTheta=0.549778699874878
