[%General]
Highest=145
CenterX=33.2041874759892
CenterY=164.049462159047
XWidth=54

[LeftLeg]
ThighAlpha=-0.13922968506813
ThighTheta=0.60451865196228
LowerLegAlpha=-0.117809727787971
LowerLegTheta=0.46171897649765

[RightLeg]
ThighAlpha=0.121379725635052
ThighTheta=-0.464892268180847
LowerLegAlpha=0.0285599380731583
LowerLegTheta=-0.322092592716217
