[%General]
Highest=144
CenterX=26.6282855653986
CenterY=264.034788952579
XWidth=42

[LeftLeg]
ThighAlpha=0
ThighTheta=-0.0785398185253143
LowerLegAlpha=-0.0785398185253143
LowerLegTheta=-0.785398185253143

[RightLeg]
ThighAlpha=0.0981747731566429
ThighTheta=0.314159274101257
LowerLegAlpha=0.0196349546313286
LowerLegTheta=-0.0785398185253143
