[%General]
Highest=143
CenterX=27.1440791909429
CenterY=259.450554375572
XWidth=42

[LeftLeg]
ThighAlpha=0.0107099786400795
ThighTheta=-0.10267972946167
LowerLegAlpha=-0.0856797993183136
LowerLegTheta=-0.956757783889771

[RightLeg]
ThighAlpha=0.103529766201973
ThighTheta=0.34883925318718
LowerLegAlpha=0.0499798879027367
LowerLegTheta=0.0496399253606796
