[%General]
Highest=149
CenterX=37.0364581635647
CenterY=124.386730336712
XWidth=46

[LeftLeg]
ThighAlpha=-0.0606898590922356
ThighTheta=0.172946274280548
LowerLegAlpha=0.021419957280159
LowerLegTheta=-1.09955739974976

[RightLeg]
ThighAlpha=0.121379725635052
ThighTheta=0.179292947053909
LowerLegAlpha=-0.0107099711894989
LowerLegTheta=0.0364932715892792
