[%General]
Highest=144
CenterX=26.7197566442523
CenterY=271.833514782794
XWidth=44

[LeftLeg]
ThighAlpha=-0.0785398185253143
ThighTheta=0.315745949745178
LowerLegAlpha=0.021419957280159
LowerLegTheta=-0.81395810842514

[RightLeg]
ThighAlpha=0.13922968506813
ThighTheta=0.176119610667229
LowerLegAlpha=0.0321299284696579
LowerLegTheta=-0.176119565963745
