[%General]
Highest=147
CenterX=27.8560337485889
CenterY=217.417876453229
XWidth=48

[LeftLeg]
ThighAlpha=-0.117809727787971
ThighTheta=-0.314159274101257
LowerLegAlpha=-0.0785398185253143
LowerLegTheta=0.0785398185253143

[RightLeg]
ThighAlpha=0
ThighTheta=0.549778699874878
LowerLegAlpha=0.0392699092626572
LowerLegTheta=0.157079637050629
