[%General]
Highest=144
CenterX=27.0187707289535
CenterY=282.266553760026
XWidth=45

[LeftLeg]
ThighAlpha=-0.0785398185253143
ThighTheta=0.46489229798317
LowerLegAlpha=-0.121379718184471
LowerLegTheta=-0.744144916534424

[RightLeg]
ThighAlpha=0.13922968506813
ThighTheta=-0.106306403875351
LowerLegAlpha=-0.00356999039649963
LowerLegTheta=-0.109479740262032
