[%General]
Highest=150
CenterX=36.0822307930153
CenterY=127.76271379518
XWidth=48

[LeftLeg]
ThighAlpha=-0.0999597683548927
ThighTheta=0.106306441128254
LowerLegAlpha=0.021419957280159
LowerLegTheta=-0.956757783889771

[RightLeg]
ThighAlpha=0.103529766201973
ThighTheta=0.176119610667229
LowerLegAlpha=-0.00356999039649963
LowerLegTheta=-0.106306403875351
