[%General]
Highest=147
CenterX=37.0528323232323
CenterY=107.652202020202
XWidth=46

[LeftLeg]
ThighAlpha=-0.0464098900556564
ThighTheta=-0.461718916893005
LowerLegAlpha=0.00713998824357986
LowerLegTheta=-0.607691943645477

[RightLeg]
ThighAlpha=0.0499798879027367
ThighTheta=0.537878811359406
LowerLegAlpha=0.0249899476766586
LowerLegTheta=0.106306441128254
