[%General]
Highest=148
CenterX=29.3323871292287
CenterY=209.623991663822
XWidth=50

[LeftLeg]
ThighAlpha=-0.117809727787971
ThighTheta=-0.157079637050629
LowerLegAlpha=-0.117809727787971
LowerLegTheta=0.0785398185253143

[RightLeg]
ThighAlpha=0.0392699092626572
ThighTheta=0.471238911151886
LowerLegAlpha=0.196349546313286
LowerLegTheta=-0.471238911151886
