[%General]
Highest=148
CenterX=35.752380952381
CenterY=54.1711072158925
XWidth=51

[LeftLeg]
ThighAlpha=-0.0999597683548927
ThighTheta=0.179292947053909
LowerLegAlpha=-0.0856797993183136
LowerLegTheta=0.0333199352025986

[RightLeg]
ThighAlpha=0.0856798067688942
ThighTheta=-0.0396665707230568
LowerLegAlpha=0.0999597758054733
LowerLegTheta=-1.09955739974976
