[%General]
Highest=148
CenterX=29.6716915047043
CenterY=206.026869720486
XWidth=50

[LeftLeg]
ThighAlpha=-0.0785398185253143
ThighTheta=-0.0364932343363762
LowerLegAlpha=-0.13922968506813
LowerLegTheta=0.0364932715892792

[RightLeg]
ThighAlpha=0.0856798067688942
ThighTheta=0.391905784606934
LowerLegAlpha=0.13922968506813
LowerLegTheta=-0.461718916893005
