[%General]
Highest=148
CenterX=37.4755109849813
CenterY=116.810178246867
XWidth=46

[LeftLeg]
ThighAlpha=-0.0285599306225777
ThighTheta=-0.2522794008255
LowerLegAlpha=0.00713998824357986
LowerLegTheta=-0.896917939186096

[RightLeg]
ThighAlpha=0.0856798067688942
ThighTheta=0.371959179639816
LowerLegAlpha=-0.00713998079299927
LowerLegTheta=0.0496399253606796
