[%General]
Highest=149
CenterX=36.0921409611521
CenterY=57.8486119462083
XWidth=49

[LeftLeg]
ThighAlpha=-0.117809727787971
ThighTheta=0.0785398185253143
LowerLegAlpha=-0.0392699092626572
LowerLegTheta=0

[RightLeg]
ThighAlpha=0.117809727787971
ThighTheta=-0.235619455575943
LowerLegAlpha=0.196349546313286
LowerLegTheta=0.471238911151886
