[%General]
Highest=143
CenterX=27.297813277934
CenterY=236.378010996293
XWidth=43

[LeftLeg]
ThighAlpha=-0.117809727787971
ThighTheta=-0.478038877248764
LowerLegAlpha=-0.0856797993183136
LowerLegTheta=-0.24275940656662

[RightLeg]
ThighAlpha=0.0285599380731583
ThighTheta=0.627638638019562
LowerLegAlpha=0.0606898665428162
LowerLegTheta=0.34883925318718
