[%General]
Highest=147
CenterX=36.507704013696
CenterY=90.7024602117811
XWidth=44

[LeftLeg]
ThighAlpha=-0.0428398996591568
ThighTheta=-0.464892268180847
LowerLegAlpha=-0.0856797993183136
LowerLegTheta=-0.249106079339981

[RightLeg]
ThighAlpha=0.0142799690365791
ThighTheta=0.607692003250122
LowerLegAlpha=-0.00713998079299927
LowerLegTheta=0.395079135894775
