[%General]
Highest=148
CenterX=34.5736364076339
CenterY=151.500088728282
XWidth=53

[LeftLeg]
ThighAlpha=-0.0785398185253143
ThighTheta=0.628318548202515
LowerLegAlpha=0
LowerLegTheta=0.0785398185253143

[RightLeg]
ThighAlpha=0.0981747731566429
ThighTheta=-0.392699092626572
LowerLegAlpha=-0.0196349546313286
LowerLegTheta=-0.0785398185253143
