[%General]
Highest=146
CenterX=36.7679128489065
CenterY=103.134842471459
XWidth=45

[LeftLeg]
ThighAlpha=-0.0464098900556564
ThighTheta=-0.514758765697479
LowerLegAlpha=-0.0464098900556564
LowerLegTheta=-0.478038877248764

[RightLeg]
ThighAlpha=0.0321299284696579
ThighTheta=0.574598729610443
LowerLegAlpha=0.046409897506237
LowerLegTheta=0.139399722218513
