[%General]
Highest=148
CenterX=36.4855143412035
CenterY=87.1297208802144
XWidth=46

[LeftLeg]
ThighAlpha=-0.0589048638939857
ThighTheta=-0.431968986988068
LowerLegAlpha=-0.0785398185253143
LowerLegTheta=-0.235619455575943

[RightLeg]
ThighAlpha=-0.0196349546313286
ThighTheta=0.549778699874878
LowerLegAlpha=0
LowerLegTheta=0.353429168462753
