[%General]
Highest=149
CenterX=34.6456346414959
CenterY=146.465082039621
XWidth=54

[LeftLeg]
ThighAlpha=-0.0214199498295784
ThighTheta=0.537878811359406
LowerLegAlpha=-0.0678298398852348
LowerLegTheta=0.030146598815918

[RightLeg]
ThighAlpha=0.121379725635052
ThighTheta=-0.2522794008255
LowerLegAlpha=-0.0142799615859985
LowerLegTheta=-0.0999597311019897
