[%General]
Highest=147
CenterX=36.507704013696
CenterY=90.7024602117811
XWidth=44

[LeftLeg]
ThighAlpha=-0.0392699092626572
ThighTheta=-0.471238911151886
LowerLegAlpha=-0.0785398185253143
LowerLegTheta=-0.235619455575943

[RightLeg]
ThighAlpha=-0.0392699092626572
ThighTheta=0.549778699874878
LowerLegAlpha=0.0392699092626572
LowerLegTheta=0.471238911151886
