[%General]
Highest=144
CenterX=27.0187707289535
CenterY=282.266553760026
XWidth=45

[LeftLeg]
ThighAlpha=-0.0785398185253143
ThighTheta=0.365159213542938
LowerLegAlpha=-0.157079637050629
LowerLegTheta=-0.694278359413147

[RightLeg]
ThighAlpha=0.13922968506813
ThighTheta=-0.116279698908329
LowerLegAlpha=-0.00356999039649963
LowerLegTheta=-0.109479710459709
