[%General]
Highest=149
CenterX=36.447074010327
CenterY=65.0976467446139
XWidth=46

[LeftLeg]
ThighAlpha=-0.0785398185253143
ThighTheta=-0.00339995324611664
LowerLegAlpha=-0.121379718184471
LowerLegTheta=-0.199239507317543

[RightLeg]
ThighAlpha=0.13922968506813
ThighTheta=0.116279773414135
LowerLegAlpha=0.0999597758054733
LowerLegTheta=-0.358359158039093
