[%General]
Highest=147
CenterX=29.8790074870417
CenterY=186.433368528828
XWidth=55

[LeftLeg]
ThighAlpha=-0.196349546313286
ThighTheta=0.471238911151886
LowerLegAlpha=0.0785398185253143
LowerLegTheta=0

[RightLeg]
ThighAlpha=0.196349546313286
ThighTheta=0.314159274101257
LowerLegAlpha=0.196349546313286
LowerLegTheta=0.235619455575943
