[%General]
Highest=148
CenterX=36.407170501838
CenterY=84.0254724466828
XWidth=46

[LeftLeg]
ThighAlpha=-0.024989940226078
ThighTheta=-0.391905754804611
LowerLegAlpha=-0.103529758751392
LowerLegTheta=-0.182466238737106

[RightLeg]
ThighAlpha=-0.00713998079299927
ThighTheta=0.534705460071564
LowerLegAlpha=-0.0142799615859985
LowerLegTheta=0.179292947053909
