[%General]
Highest=145
CenterX=27.8791824686607
CenterY=225.761036486259
XWidth=46

[LeftLeg]
ThighAlpha=-0.117809727787971
ThighTheta=-0.461718916893005
LowerLegAlpha=-0.0499798804521561
LowerLegTheta=0.0333199352025986

[RightLeg]
ThighAlpha=-0.0214199498295784
ThighTheta=0.534705460071564
LowerLegAlpha=0.0606898665428162
LowerLegTheta=0.534705460071564
