[%General]
Highest=149
CenterX=37.0364581635647
CenterY=124.386730336712
XWidth=46

[LeftLeg]
ThighAlpha=-0.157079637050629
ThighTheta=0.157079637050629
LowerLegAlpha=-0.196349546313286
LowerLegTheta=0.0785398185253143

[RightLeg]
ThighAlpha=0.117809727787971
ThighTheta=0.157079637050629
LowerLegAlpha=0
LowerLegTheta=0.0785398185253143
