[%General]
Highest=146
CenterX=26.7398454848261
CenterY=278.890035159141
XWidth=47

[LeftLeg]
ThighAlpha=-0.0981747731566429
ThighTheta=0.392699092626572
LowerLegAlpha=-0.0981747731566429
LowerLegTheta=-0.589048624038696

[RightLeg]
ThighAlpha=0.0981747731566429
ThighTheta=-0.0392699092626572
LowerLegAlpha=0.0981747731566429
LowerLegTheta=-0.117809727787971
