[%General]
Highest=144
CenterX=26.7197566442523
CenterY=271.833514782794
XWidth=44

[LeftLeg]
ThighAlpha=-0.157079637050629
ThighTheta=0.235619455575943
LowerLegAlpha=-0.117809727787971
LowerLegTheta=-0.235619455575943

[RightLeg]
ThighAlpha=0.196349546313286
ThighTheta=0.235619455575943
LowerLegAlpha=-0.0392699092626572
LowerLegTheta=-0.235619455575943
