[%General]
Highest=145
CenterX=32.7844267619357
CenterY=167.997872685937
XWidth=55

[LeftLeg]
ThighAlpha=-0.0785398185253143
ThighTheta=0.59771865606308
LowerLegAlpha=-0.082109808921814
LowerLegTheta=0.378759175539017

[RightLeg]
ThighAlpha=0.121379725635052
ThighTheta=-0.514758765697479
LowerLegAlpha=0.0249899476766586
LowerLegTheta=-0.342039197683334
