[%General]
Highest=148
CenterX=29.3323871292287
CenterY=209.623991663822
XWidth=50

[LeftLeg]
ThighAlpha=-0.117809727787971
ThighTheta=-0.146199628710747
LowerLegAlpha=-0.121379718184471
LowerLegTheta=0.0863598436117172

[RightLeg]
ThighAlpha=0.0678298473358154
ThighTheta=0.424999058246613
LowerLegAlpha=0.13922968506813
LowerLegTheta=-0.484838873147964
