[%General]
Highest=149
CenterX=36.3105158730159
CenterY=61.3637911632315
XWidth=47

[LeftLeg]
ThighAlpha=-0.0785398185253143
ThighTheta=0
LowerLegAlpha=-0.0785398185253143
LowerLegTheta=0

[RightLeg]
ThighAlpha=0.0981747731566429
ThighTheta=-0.157079637050629
LowerLegAlpha=0.0981747731566429
LowerLegTheta=0.157079637050629
