[%General]
Highest=147
CenterX=35.6176314474835
CenterY=45.4315754964406
XWidth=51

[LeftLeg]
ThighAlpha=-0.0999597683548927
ThighTheta=0.395079135894775
LowerLegAlpha=-0.0856797993183136
LowerLegTheta=0.030146598815918

[RightLeg]
ThighAlpha=0.121379725635052
ThighTheta=-0.391905754804611
LowerLegAlpha=0.0999597758054733
LowerLegTheta=-0.747318267822266
