[%General]
Highest=146
CenterX=26.7398454848261
CenterY=278.890035159141
XWidth=47

[LeftLeg]
ThighAlpha=-0.117809727787971
ThighTheta=0.388732463121414
LowerLegAlpha=-0.0856797993183136
LowerLegTheta=-0.601345241069794

[RightLeg]
ThighAlpha=0.13922968506813
ThighTheta=-0.0364932343363762
LowerLegAlpha=0.0678298473358154
LowerLegTheta=-0.0364932343363762
