[%General]
Highest=149
CenterX=36.8608411272083
CenterY=68.7708142306987
XWidth=45

[LeftLeg]
ThighAlpha=-0.0785398185253143
ThighTheta=-0.0785398185253143
LowerLegAlpha=-0.196349546313286
LowerLegTheta=-0.157079637050629

[RightLeg]
ThighAlpha=0.0785398185253143
ThighTheta=0.314159274101257
LowerLegAlpha=0.196349546313286
LowerLegTheta=-0.628318548202515
