[%General]
Highest=149
CenterX=37.497626131544
CenterY=120.680477305818
XWidth=46

[LeftLeg]
ThighAlpha=-0.024989940226078
ThighTheta=-0.179292917251587
LowerLegAlpha=0.00356999784708023
LowerLegTheta=-0.890117883682251

[RightLeg]
ThighAlpha=0.103529766201973
ThighTheta=0.249106109142303
LowerLegAlpha=-0.00356999039649963
LowerLegTheta=0.0364932715892792
