[%General]
Highest=143
CenterX=27.6395528455285
CenterY=254.790142276423
XWidth=43

[LeftLeg]
ThighAlpha=0
ThighTheta=-0.235619455575943
LowerLegAlpha=-0.0785398185253143
LowerLegTheta=-0.785398185253143

[RightLeg]
ThighAlpha=0.0785398185253143
ThighTheta=0.392699092626572
LowerLegAlpha=0.117809727787971
LowerLegTheta=0.157079637050629
