[%General]
Highest=148
CenterX=36.6636379890447
CenterY=80.8731693838077
XWidth=47

[LeftLeg]
ThighAlpha=-0.0214199498295784
ThighTheta=-0.348839163780212
LowerLegAlpha=-0.13922968506813
LowerLegTheta=-0.132599666714668

[RightLeg]
ThighAlpha=0.0642598569393158
ThighTheta=0.514758884906769
LowerLegAlpha=-0.0999597683548927
LowerLegTheta=-0.0496398508548737
