[%General]
Highest=146
CenterX=33.6803555639763
CenterY=160.342727674624
XWidth=54

[LeftLeg]
ThighAlpha=-0.117809727787971
ThighTheta=0.549778699874878
LowerLegAlpha=-0.0392699092626572
LowerLegTheta=0.549778699874878

[RightLeg]
ThighAlpha=0.157079637050629
ThighTheta=-0.471238911151886
LowerLegAlpha=-0.0392699092626572
LowerLegTheta=-0.235619455575943
