[%General]
Highest=145
CenterX=27.7440429311892
CenterY=229.268264986538
XWidth=45

[LeftLeg]
ThighAlpha=-0.117809727787971
ThighTheta=-0.464892268180847
LowerLegAlpha=-0.0499798804521561
LowerLegTheta=-0.10313306748867

[RightLeg]
ThighAlpha=-0.0214199498295784
ThighTheta=0.537878811359406
LowerLegAlpha=0.0606898665428162
LowerLegTheta=0.601345300674438
