[%General]
Highest=148
CenterX=37.388248537409
CenterY=112.291535205238
XWidth=46

[LeftLeg]
ThighAlpha=-0.024989940226078
ThighTheta=-0.322092592716217
LowerLegAlpha=0.00713998824357986
LowerLegTheta=-0.817131459712982

[RightLeg]
ThighAlpha=0.0856798067688942
ThighTheta=0.46171897649765
LowerLegAlpha=-0.024989940226078
LowerLegTheta=0.0396666079759598
