[%General]
Highest=144
CenterX=27.6252824299457
CenterY=285.3954485104
XWidth=46

[LeftLeg]
ThighAlpha=-0.024989940226078
ThighTheta=0.46489229798317
LowerLegAlpha=0.021419957280159
LowerLegTheta=0.176119610667229

[RightLeg]
ThighAlpha=0.103529766201973
ThighTheta=-0.2459327429533
LowerLegAlpha=0.0821098163723946
LowerLegTheta=-0.0396665707230568
