[%General]
Highest=148
CenterX=29.6716915047043
CenterY=206.026869720486
XWidth=50

[LeftLeg]
ThighAlpha=-0.157079637050629
ThighTheta=0
LowerLegAlpha=-0.117809727787971
LowerLegTheta=0

[RightLeg]
ThighAlpha=0.0785398185253143
ThighTheta=0.314159274101257
LowerLegAlpha=0.196349546313286
LowerLegTheta=-0.392699092626572
