[%General]
Highest=149
CenterX=37.497626131544
CenterY=120.680477305818
XWidth=46

[LeftLeg]
ThighAlpha=-0.0196349546313286
ThighTheta=-0.235619455575943
LowerLegAlpha=0
LowerLegTheta=-0.785398185253143

[RightLeg]
ThighAlpha=0.0981747731566429
ThighTheta=0.235619455575943
LowerLegAlpha=0
LowerLegTheta=0.0785398185253143
