[%General]
Highest=149
CenterX=36.447074010327
CenterY=65.0976467446139
XWidth=46

[LeftLeg]
ThighAlpha=-0.0785398185253143
ThighTheta=0
LowerLegAlpha=-0.117809727787971
LowerLegTheta=-0.157079637050629

[RightLeg]
ThighAlpha=0.196349546313286
ThighTheta=0
LowerLegAlpha=0.0785398185253143
LowerLegTheta=-0.157079637050629
