[%General]
Highest=148
CenterX=36.407170501838
CenterY=84.0254724466828
XWidth=46

[LeftLeg]
ThighAlpha=-0.024989940226078
ThighTheta=-0.371959120035172
LowerLegAlpha=-0.103529758751392
LowerLegTheta=-0.2522794008255

[RightLeg]
ThighAlpha=-0.00713998079299927
ThighTheta=0.544678807258606
LowerLegAlpha=-0.0142799615859985
LowerLegTheta=0.169319659471512
