[%General]
Highest=150
CenterX=34.7494985194383
CenterY=139.238243066832
XWidth=52

[LeftLeg]
ThighAlpha=-0.117809727787971
ThighTheta=0.471238911151886
LowerLegAlpha=0.0785398185253143
LowerLegTheta=-0.549778699874878

[RightLeg]
ThighAlpha=0.0785398185253143
ThighTheta=-0.0785398185253143
LowerLegAlpha=0.0392699092626572
LowerLegTheta=-0.0785398185253143
