[%General]
Highest=147
CenterX=29.8790074870417
CenterY=186.433368528828
XWidth=55

[LeftLeg]
ThighAlpha=-0.0428398996591568
ThighTheta=0.46489229798317
LowerLegAlpha=-0.13922968506813
LowerLegTheta=0.0364932715892792

[RightLeg]
ThighAlpha=0.0499798879027367
ThighTheta=-0.109479740262032
LowerLegAlpha=-0.0142799615859985
LowerLegTheta=-0.959931075572968
