[%General]
Highest=144
CenterX=31.9493419577956
CenterY=172.205466073201
XWidth=56

[LeftLeg]
ThighAlpha=-0.0606898590922356
ThighTheta=0.607692003250122
LowerLegAlpha=-0.117809727787971
LowerLegTheta=0.249106109142303

[RightLeg]
ThighAlpha=0.103529766201973
ThighTheta=-0.464892268180847
LowerLegAlpha=0.0107099786400795
LowerLegTheta=-0.461718916893005
