[%General]
Highest=149
CenterX=36.8608411272083
CenterY=68.7708142306987
XWidth=45

[LeftLeg]
ThighAlpha=-0.082109808921814
ThighTheta=-0.0265199020504951
LowerLegAlpha=-0.157079637050629
LowerLegTheta=-0.259079366922379

[RightLeg]
ThighAlpha=0.121379725635052
ThighTheta=0.288999378681183
LowerLegAlpha=0.103529766201973
LowerLegTheta=-0.604518592357635
