[%General]
Highest=149
CenterX=36.447074010327
CenterY=65.0976467446139
XWidth=46

[LeftLeg]
ThighAlpha=-0.0606898590922356
ThighTheta=-0.0333198979496956
LowerLegAlpha=-0.121379718184471
LowerLegTheta=-0.109479740262032

[RightLeg]
ThighAlpha=0.13922968506813
ThighTheta=0.106306441128254
LowerLegAlpha=0.0999597758054733
LowerLegTheta=-0.398252427577972
