[%General]
Highest=143
CenterX=27.9752963690136
CenterY=291.737629544946
XWidth=46

[LeftLeg]
ThighAlpha=-0.0785398185253143
ThighTheta=0.353429168462753
LowerLegAlpha=0.0785398185253143
LowerLegTheta=0.785398185253143

[RightLeg]
ThighAlpha=0.0981747731566429
ThighTheta=-0.353429168462753
LowerLegAlpha=0.0981747731566429
LowerLegTheta=-0.117809727787971
