[%General]
Highest=150
CenterX=35.0040608640344
CenterY=135.464014873526
XWidth=49

[LeftLeg]
ThighAlpha=-0.117809727787971
ThighTheta=0.392699092626572
LowerLegAlpha=0.0785398185253143
LowerLegTheta=-0.785398185253143

[RightLeg]
ThighAlpha=0.0785398185253143
ThighTheta=0
LowerLegAlpha=0.0785398185253143
LowerLegTheta=-0.0785398185253143
