[%General]
Highest=146
CenterX=36.3783792854626
CenterY=94.9267339027706
XWidth=44

[LeftLeg]
ThighAlpha=-0.0606898590922356
ThighTheta=-0.507958829402924
LowerLegAlpha=-0.0678298398852348
LowerLegTheta=-0.288999319076538

[RightLeg]
ThighAlpha=-0.00356999039649963
ThighTheta=0.627638638019562
LowerLegAlpha=0.0428399071097374
LowerLegTheta=0.312119334936142
