[%General]
Highest=145
CenterX=30.8235965165976
CenterY=181.870063305376
XWidth=55

[LeftLeg]
ThighAlpha=-0.0785398185253143
ThighTheta=0.537878811359406
LowerLegAlpha=-0.082109808921814
LowerLegTheta=0.116279773414135

[RightLeg]
ThighAlpha=0.0678298473358154
ThighTheta=-0.342039197683334
LowerLegAlpha=0.021419957280159
LowerLegTheta=-0.717398345470428
