[%General]
Highest=149
CenterX=36.8608411272083
CenterY=68.7708142306987
XWidth=45

[LeftLeg]
ThighAlpha=-0.0785398185253143
ThighTheta=-0.0392699092626572
LowerLegAlpha=-0.0981747731566429
LowerLegTheta=-0.235619455575943

[RightLeg]
ThighAlpha=0.0981747731566429
ThighTheta=0.314159274101257
LowerLegAlpha=0.0981747731566429
LowerLegTheta=-0.628318548202515
