[%General]
Highest=144
CenterX=31.9493419577956
CenterY=172.205466073201
XWidth=56

[LeftLeg]
ThighAlpha=-0.0785398185253143
ThighTheta=0.627638638019562
LowerLegAlpha=-0.0999597683548927
LowerLegTheta=0.229159519076347

[RightLeg]
ThighAlpha=0.121379725635052
ThighTheta=-0.454918920993805
LowerLegAlpha=0.0107099786400795
LowerLegTheta=-0.491638839244843
