[%General]
Highest=148
CenterX=34.5736364076339
CenterY=151.500088728282
XWidth=53

[LeftLeg]
ThighAlpha=-0.0785398185253143
ThighTheta=0.59771865606308
LowerLegAlpha=-0.0142799615859985
LowerLegTheta=0.18291962146759

[RightLeg]
ThighAlpha=0.121379725635052
ThighTheta=-0.371959120035172
LowerLegAlpha=-0.0107099711894989
LowerLegTheta=-0.123079679906368
