[%General]
Highest=143
CenterX=27.1440791909429
CenterY=259.450554375572
XWidth=42

[LeftLeg]
ThighAlpha=-0.196349546313286
ThighTheta=0.392699092626572
LowerLegAlpha=-0.0785398185253143
LowerLegTheta=-0.0785398185253143

[RightLeg]
ThighAlpha=0.157079637050629
ThighTheta=0.392699092626572
LowerLegAlpha=-0.0392699092626572
LowerLegTheta=0
