[%General]
Highest=143
CenterX=27.5170428960197
CenterY=249.992188264777
XWidth=44

[LeftLeg]
ThighAlpha=-0.0464098900556564
ThighTheta=-0.322092592716217
LowerLegAlpha=-0.0999597683548927
LowerLegTheta=-0.607691943645477

[RightLeg]
ThighAlpha=0.0856798067688942
ThighTheta=0.46489229798317
LowerLegAlpha=0.0821098163723946
LowerLegTheta=0.179292947053909
