[%General]
Highest=143
CenterX=27.297813277934
CenterY=236.378010996293
XWidth=43

[LeftLeg]
ThighAlpha=-0.117809727787971
ThighTheta=-0.468065589666367
LowerLegAlpha=-0.0678298398852348
LowerLegTheta=-0.24275940656662

[RightLeg]
ThighAlpha=0.046409897506237
ThighTheta=0.607692003250122
LowerLegAlpha=0.0428399071097374
LowerLegTheta=0.388732463121414
