[%General]
Highest=148
CenterX=29.3561972133613
CenterY=198.78840718642
XWidth=50

[LeftLeg]
ThighAlpha=-0.117809727787971
ThighTheta=0.0785398185253143
LowerLegAlpha=-0.117809727787971
LowerLegTheta=0.157079637050629

[RightLeg]
ThighAlpha=0.196349546313286
ThighTheta=0.157079637050629
LowerLegAlpha=0.117809727787971
LowerLegTheta=0
