[%General]
Highest=145
CenterX=27.7440429311892
CenterY=229.268264986538
XWidth=45

[LeftLeg]
ThighAlpha=-0.157079637050629
ThighTheta=-0.471238911151886
LowerLegAlpha=0
LowerLegTheta=-0.0785398185253143

[RightLeg]
ThighAlpha=-0.0392699092626572
ThighTheta=0.549778699874878
LowerLegAlpha=0.117809727787971
LowerLegTheta=0.549778699874878
