[%General]
Highest=148
CenterX=29.3561972133613
CenterY=198.78840718642
XWidth=50

[LeftLeg]
ThighAlpha=-0.117809727787971
ThighTheta=0.106306441128254
LowerLegAlpha=-0.0678298398852348
LowerLegTheta=0.106306441128254

[RightLeg]
ThighAlpha=0.13922968506813
ThighTheta=0.179292947053909
LowerLegAlpha=0.13922968506813
LowerLegTheta=-0.0364932343363762
