[%General]
Highest=147
CenterX=29.8790074870417
CenterY=186.433368528828
XWidth=55

[LeftLeg]
ThighAlpha=-0.0999597683548927
ThighTheta=0.431799054145813
LowerLegAlpha=-0.13922968506813
LowerLegTheta=0.0863598436117172

[RightLeg]
ThighAlpha=0.0499798879027367
ThighTheta=-0.139399647712708
LowerLegAlpha=0.00356999784708023
LowerLegTheta=-0.94995778799057
