[%General]
Highest=150
CenterX=35.0040608640344
CenterY=135.464014873526
XWidth=49

[LeftLeg]
ThighAlpha=-0.0785398185253143
ThighTheta=0.322092622518539
LowerLegAlpha=-0.13922968506813
LowerLegTheta=-0.677505135536194

[RightLeg]
ThighAlpha=0.0678298473358154
ThighTheta=-0.0333198979496956
LowerLegAlpha=0.0856798067688942
LowerLegTheta=-0.0396665707230568
