[%General]
Highest=147
CenterX=29.4896306231944
CenterY=194.350581235383
XWidth=52

[LeftLeg]
ThighAlpha=-0.196349546313286
ThighTheta=0.235619455575943
LowerLegAlpha=0.0392699092626572
LowerLegTheta=0.0785398185253143

[RightLeg]
ThighAlpha=0.196349546313286
ThighTheta=0.157079637050629
LowerLegAlpha=0.117809727787971
LowerLegTheta=0.157079637050629
