[%General]
Highest=149
CenterX=35.308280784866
CenterY=131.472408053519
XWidth=48

[LeftLeg]
ThighAlpha=-0.0981747731566429
ThighTheta=0.274889349937439
LowerLegAlpha=0.0196349546313286
LowerLegTheta=-0.785398185253143

[RightLeg]
ThighAlpha=0.0981747731566429
ThighTheta=0.0785398185253143
LowerLegAlpha=0
LowerLegTheta=-0.117809727787971
