[%General]
Highest=146
CenterX=26.7398454848261
CenterY=278.890035159141
XWidth=47

[LeftLeg]
ThighAlpha=-0.157079637050629
ThighTheta=0.157079637050629
LowerLegAlpha=-0.0785398185253143
LowerLegTheta=-0.314159274101257

[RightLeg]
ThighAlpha=0.196349546313286
ThighTheta=0
LowerLegAlpha=0
LowerLegTheta=-0.157079637050629
