[%General]
Highest=149
CenterX=35.308280784866
CenterY=131.472408053519
XWidth=48

[LeftLeg]
ThighAlpha=-0.117809727787971
ThighTheta=0.235619455575943
LowerLegAlpha=0.117809727787971
LowerLegTheta=-0.785398185253143

[RightLeg]
ThighAlpha=0.0785398185253143
ThighTheta=0.0785398185253143
LowerLegAlpha=0.0392699092626572
LowerLegTheta=-0.0785398185253143
