[%General]
Highest=148
CenterX=36.6636379890447
CenterY=80.8731693838077
XWidth=47

[LeftLeg]
ThighAlpha=-0.0214199498295784
ThighTheta=-0.318919241428375
LowerLegAlpha=-0.103529758751392
LowerLegTheta=-0.2522794008255

[RightLeg]
ThighAlpha=0.0642598569393158
ThighTheta=0.534705460071564
LowerLegAlpha=-0.117809727787971
LowerLegTheta=-0.109479740262032
