[%General]
Highest=144
CenterX=26.6282855653986
CenterY=264.034788952579
XWidth=42

[LeftLeg]
ThighAlpha=-0.0428398996591568
ThighTheta=0.103133104741573
LowerLegAlpha=0.021419957280159
LowerLegTheta=-1.09955739974976

[RightLeg]
ThighAlpha=0.13922968506813
ThighTheta=0.31891930103302
LowerLegAlpha=-0.024989940226078
LowerLegTheta=-0.0333198979496956
