[%General]
Highest=144
CenterX=27.6252824299457
CenterY=285.3954485104
XWidth=46

[LeftLeg]
ThighAlpha=-0.0785398185253143
ThighTheta=0.471238911151886
LowerLegAlpha=0.117809727787971
LowerLegTheta=0.157079637050629

[RightLeg]
ThighAlpha=0.0785398185253143
ThighTheta=-0.235619455575943
LowerLegAlpha=0.117809727787971
LowerLegTheta=-0.0785398185253143
