[%General]
Highest=143
CenterX=27.9752963690136
CenterY=291.737629544946
XWidth=46

[LeftLeg]
ThighAlpha=-0.0606898590922356
ThighTheta=0.322092622518539
LowerLegAlpha=0.00356999784708023
LowerLegTheta=0.886944651603699

[RightLeg]
ThighAlpha=0.13922968506813
ThighTheta=-0.391905754804611
LowerLegAlpha=0.0856798067688942
LowerLegTheta=-0.109479740262032
