[%General]
Highest=147
CenterX=34.1778983797389
CenterY=156.036479471449
XWidth=54

[LeftLeg]
ThighAlpha=-0.0999597683548927
ThighTheta=0.534705460071564
LowerLegAlpha=-0.0642598494887352
LowerLegTheta=0.46171897649765

[RightLeg]
ThighAlpha=0.121379725635052
ThighTheta=-0.464892268180847
LowerLegAlpha=0.00356999784708023
LowerLegTheta=-0.10313306748867
