[%General]
Highest=146
CenterX=36.4781746031746
CenterY=98.7290272858455
XWidth=46

[LeftLeg]
ThighAlpha=-0.0785398185253143
ThighTheta=-0.549778699874878
LowerLegAlpha=-0.0392699092626572
LowerLegTheta=-0.314159274101257

[RightLeg]
ThighAlpha=0.0392699092626572
ThighTheta=0.628318548202515
LowerLegAlpha=0.0392699092626572
LowerLegTheta=0.235619455575943
