[%General]
Highest=149
CenterX=37.497626131544
CenterY=120.680477305818
XWidth=46

[LeftLeg]
ThighAlpha=-0.024989940226078
ThighTheta=-0.169319570064545
LowerLegAlpha=0.00356999784708023
LowerLegTheta=-0.920037806034088

[RightLeg]
ThighAlpha=0.103529766201973
ThighTheta=0.259079456329346
LowerLegAlpha=-0.00356999039649963
LowerLegTheta=0.0564399100840092
