[%General]
Highest=145
CenterX=31.1439565703337
CenterY=176.875171642983
XWidth=57

[LeftLeg]
ThighAlpha=-0.0785398185253143
ThighTheta=0.59771865606308
LowerLegAlpha=-0.0999597683548927
LowerLegTheta=0.146199703216553

[RightLeg]
ThighAlpha=0.0678298473358154
ThighTheta=-0.401879042387009
LowerLegAlpha=0.0606898665428162
LowerLegTheta=-0.597718596458435
