[%General]
Highest=149
CenterX=36.0921409611521
CenterY=57.8486119462083
XWidth=49

[LeftLeg]
ThighAlpha=-0.117809727787971
ThighTheta=0.0863598436117172
LowerLegAlpha=-0.0321299210190773
LowerLegTheta=0.0333199612796307

[RightLeg]
ThighAlpha=0.0499798879027367
ThighTheta=0.0401199460029602
LowerLegAlpha=0.0821098163723946
LowerLegTheta=-1.03971755504608
