[%General]
Highest=149
CenterX=36.7772887323944
CenterY=72.4966458232151
XWidth=44

[LeftLeg]
ThighAlpha=-0.0392699092626572
ThighTheta=-0.157079637050629
LowerLegAlpha=-0.157079637050629
LowerLegTheta=-0.157079637050629

[RightLeg]
ThighAlpha=0.0392699092626572
ThighTheta=0.392699092626572
LowerLegAlpha=0.196349546313286
LowerLegTheta=-0.549778699874878
