[%General]
Highest=148
CenterX=37.388248537409
CenterY=112.291535205238
XWidth=46

[LeftLeg]
ThighAlpha=-0.024989940226078
ThighTheta=-0.342039197683334
LowerLegAlpha=0.00713998824357986
LowerLegTheta=-0.80715811252594

[RightLeg]
ThighAlpha=0.0856798067688942
ThighTheta=0.46171897649765
LowerLegAlpha=-0.00713998079299927
LowerLegTheta=0.079559862613678
