[%General]
Highest=148
CenterX=29.3838358584596
CenterY=202.200210010501
XWidth=50

[LeftLeg]
ThighAlpha=-0.117809727787971
ThighTheta=-0.00339995324611664
LowerLegAlpha=-0.13922968506813
LowerLegTheta=0.0931598246097565

[RightLeg]
ThighAlpha=0.13922968506813
ThighTheta=0.282199382781982
LowerLegAlpha=0.0606898665428162
LowerLegTheta=-0.358359158039093
