[%General]
Highest=150
CenterX=34.7494985194383
CenterY=139.238243066832
XWidth=52

[LeftLeg]
ThighAlpha=-0.103529758751392
ThighTheta=0.46489229798317
LowerLegAlpha=-0.0321299210190773
LowerLegTheta=-0.534705400466919

[RightLeg]
ThighAlpha=0.103529766201973
ThighTheta=-0.106306403875351
LowerLegAlpha=0.00713998824357986
LowerLegTheta=-0.0396665707230568
