[%General]
Highest=148
CenterX=35.6401055569037
CenterY=49.820689759767
XWidth=52

[LeftLeg]
ThighAlpha=-0.117809727787971
ThighTheta=0.314159274101257
LowerLegAlpha=-0.117809727787971
LowerLegTheta=0

[RightLeg]
ThighAlpha=0.196349546313286
ThighTheta=0.314159274101257
LowerLegAlpha=0.196349546313286
LowerLegTheta=0
