[%General]
Highest=148
CenterX=36.4855143412035
CenterY=87.1297208802144
XWidth=46

[LeftLeg]
ThighAlpha=-0.0464098900556564
ThighTheta=-0.395079076290131
LowerLegAlpha=-0.0678298398852348
LowerLegTheta=-0.318919241428375

[RightLeg]
ThighAlpha=-0.00356999039649963
ThighTheta=0.534705460071564
LowerLegAlpha=-0.0107099711894989
LowerLegTheta=0.391905784606934
