[%General]
Highest=146
CenterX=27.9569007547243
CenterY=221.76390974511
XWidth=46

[LeftLeg]
ThighAlpha=-0.117809727787971
ThighTheta=-0.392699092626572
LowerLegAlpha=-0.0392699092626572
LowerLegTheta=0

[RightLeg]
ThighAlpha=0
ThighTheta=0.549778699874878
LowerLegAlpha=0
LowerLegTheta=0.314159274101257
