[%General]
Highest=145
CenterX=32.7844267619357
CenterY=167.997872685937
XWidth=55

[LeftLeg]
ThighAlpha=-0.0606898590922356
ThighTheta=0.607692003250122
LowerLegAlpha=-0.117809727787971
LowerLegTheta=0.388732463121414

[RightLeg]
ThighAlpha=0.121379725635052
ThighTheta=-0.534705400466919
LowerLegAlpha=0.0428399071097374
LowerLegTheta=-0.322092592716217
