[%General]
Highest=148
CenterX=34.5736364076339
CenterY=151.500088728282
XWidth=53

[LeftLeg]
ThighAlpha=-0.0606898590922356
ThighTheta=0.607692003250122
LowerLegAlpha=-0.0321299210190773
LowerLegTheta=0.172946274280548

[RightLeg]
ThighAlpha=0.121379725635052
ThighTheta=-0.391905754804611
LowerLegAlpha=-0.0107099711894989
LowerLegTheta=-0.10313306748867
