[%General]
Highest=142
CenterX=39.4524682166991
CenterY=242.886181422517
XWidth=51

[LeftLeg]
ThighAlpha=-0.0392699092626572
ThighTheta=0.0785398185253143
LowerLegAlpha=0.0392699092626572
LowerLegTheta=-0.785398185253143

[RightLeg]
ThighAlpha=0.0981747731566429
ThighTheta=0.235619455575943
LowerLegAlpha=0.0196349546313286
LowerLegTheta=-0.0785398185253143
