[%General]
Highest=147
CenterX=39.1225290381937
CenterY=122.443207809964
XWidth=54

[LeftLeg]
ThighAlpha=-0.0785398185253143
ThighTheta=0.314159274101257
LowerLegAlpha=0.0785398185253143
LowerLegTheta=-0.706858336925507

[RightLeg]
ThighAlpha=0.0196349546313286
ThighTheta=0
LowerLegAlpha=0.0981747731566429
LowerLegTheta=-0.0785398185253143
