[%General]
Highest=146
CenterX=39.3166201471708
CenterY=114.97254503933
XWidth=54

[LeftLeg]
ThighAlpha=-0.0589048638939857
ThighTheta=0.157079637050629
LowerLegAlpha=0.0981747731566429
LowerLegTheta=-0.785398185253143

[RightLeg]
ThighAlpha=0.0196349546313286
ThighTheta=0.235619455575943
LowerLegAlpha=0.0981747731566429
LowerLegTheta=-0.157079637050629
