[%General]
Highest=144
CenterX=38.4303860523039
CenterY=162.349799363498
XWidth=55

[LeftLeg]
ThighAlpha=-0.0981747731566429
ThighTheta=0.471238911151886
LowerLegAlpha=-0.0785398185253143
LowerLegTheta=0.157079637050629

[RightLeg]
ThighAlpha=0.0785398185253143
ThighTheta=-0.314159274101257
LowerLegAlpha=0.0392699092626572
LowerLegTheta=-0.628318548202515
