[%General]
Highest=144
CenterX=40.3482174961047
CenterY=101.857013490298
XWidth=57

[LeftLeg]
ThighAlpha=-0.0196349546313286
ThighTheta=-0.314159274101257
LowerLegAlpha=0.0392699092626572
LowerLegTheta=-0.785398185253143

[RightLeg]
ThighAlpha=0.0589048638939857
ThighTheta=0.471238911151886
LowerLegAlpha=0.0785398185253143
LowerLegTheta=0
