[%General]
Highest=145
CenterX=37.8100500990971
CenterY=174.028834507818
XWidth=55

[LeftLeg]
ThighAlpha=-0.0981747731566429
ThighTheta=0.235619455575943
LowerLegAlpha=-0.0392699092626572
LowerLegTheta=0

[RightLeg]
ThighAlpha=0.0589048638939857
ThighTheta=0
LowerLegAlpha=-0.0589048638939857
LowerLegTheta=-0.785398185253143
