[%General]
Highest=146
CenterX=39.7353047473991
CenterY=111.378281746134
XWidth=55

[LeftLeg]
ThighAlpha=-0.0589048638939857
ThighTheta=0
LowerLegAlpha=0.0785398185253143
LowerLegTheta=-0.785398185253143

[RightLeg]
ThighAlpha=0.0392699092626572
ThighTheta=0.235619455575943
LowerLegAlpha=0.0981747731566429
LowerLegTheta=0
