[%General]
Highest=137
CenterX=38.6661082918658
CenterY=273.840600417139
XWidth=47

[LeftLeg]
ThighAlpha=-0.0785398185253143
ThighTheta=0.628318548202515
LowerLegAlpha=-0.0392699092626572
LowerLegTheta=0.471238911151886

[RightLeg]
ThighAlpha=0.0392699092626572
ThighTheta=-0.392699092626572
LowerLegAlpha=0.0981747731566429
LowerLegTheta=-0.235619455575943
