[%General]
Highest=143
CenterX=39.6176267046611
CenterY=141.771816269761
XWidth=55

[LeftLeg]
ThighAlpha=-0.0785398185253143
ThighTheta=0.549778699874878
LowerLegAlpha=-0.0981747731566429
LowerLegTheta=0.392699092626572

[RightLeg]
ThighAlpha=0.0589048638939857
ThighTheta=-0.314159274101257
LowerLegAlpha=0.0589048638939857
LowerLegTheta=-0.314159274101257
