[%General]
Highest=141
CenterX=38.0489396872042
CenterY=220.42744521835
XWidth=53

[LeftLeg]
ThighAlpha=-0.0785398185253143
ThighTheta=-0.471238911151886
LowerLegAlpha=-0.0392699092626572
LowerLegTheta=-0.392699092626572

[RightLeg]
ThighAlpha=0
ThighTheta=0.471238911151886
LowerLegAlpha=0.0785398185253143
LowerLegTheta=0.392699092626572
