[%General]
Highest=170
CenterX=36.0895288726537
CenterY=260.461375385268
XWidth=57

[LeftLeg]
ThighAlpha=-0.0392699092626572
ThighTheta=0.657558560371399
LowerLegAlpha=-0.0856797993183136
LowerLegTheta=0.424999058246613

[RightLeg]
ThighAlpha=0.0856798067688942
ThighTheta=-0.371959120035172
LowerLegAlpha=0.046409897506237
LowerLegTheta=-0.318919241428375
