[%General]
Highest=179
CenterX=40.1665145841855
CenterY=63.9655895031623
XWidth=61

[LeftLeg]
ThighAlpha=0.0678298473358154
ThighTheta=0.229159519076347
LowerLegAlpha=-0.157079637050629
LowerLegTheta=-0.979877710342407

[RightLeg]
ThighAlpha=0.103529766201973
ThighTheta=-0.0564398318529129
LowerLegAlpha=0.0428399071097374
LowerLegTheta=0.00340002961456776
