[%General]
Highest=162
CenterX=35.0465735255107
CenterY=281.531523565302
XWidth=55

[LeftLeg]
ThighAlpha=-0.0785398185253143
ThighTheta=0.627638638019562
LowerLegAlpha=-0.103529758751392
LowerLegTheta=0.169319659471512

[RightLeg]
ThighAlpha=0.0856798067688942
ThighTheta=-0.431798994541168
LowerLegAlpha=0.0107099786400795
LowerLegTheta=-0.514758765697479
