[%General]
Highest=179
CenterX=40.1950572815048
CenterY=68.7205525539047
XWidth=62

[LeftLeg]
ThighAlpha=0.0856798067688942
ThighTheta=-0.010199936106801
LowerLegAlpha=-0.103529758751392
LowerLegTheta=-0.132599666714668

[RightLeg]
ThighAlpha=0.121379725635052
ThighTheta=-0.0564398318529129
LowerLegAlpha=0.00713998824357986
LowerLegTheta=-0.0931597501039505
