[%General]
Highest=153
CenterX=34.1907108394982
CenterY=315.173753618527
XWidth=48

[LeftLeg]
ThighAlpha=-0.117809727787971
ThighTheta=-0.0333198830485344
LowerLegAlpha=0.021419957280159
LowerLegTheta=-0.169319570064545

[RightLeg]
ThighAlpha=0.0499798879027367
ThighTheta=0.521558880805969
LowerLegAlpha=-0.117809727787971
LowerLegTheta=-0.860197961330414
