[%General]
Highest=161
CenterX=34.7041853239514
CenterY=286.811185232569
XWidth=53

[LeftLeg]
ThighAlpha=-0.117809727787971
ThighTheta=0.634438574314117
LowerLegAlpha=-0.0499798804521561
LowerLegTheta=0.0197199955582619

[RightLeg]
ThighAlpha=0.0107099786400795
ThighTheta=-0.371959120035172
LowerLegAlpha=0.00356999784708023
LowerLegTheta=-0.604518592357635
