[%General]
Highest=178
CenterX=36.8690527573957
CenterY=154.317925561938
XWidth=66

[LeftLeg]
ThighAlpha=-0.0785398185253143
ThighTheta=-0.0632398128509521
LowerLegAlpha=-0.0856797993183136
LowerLegTheta=-0.139399647712708

[RightLeg]
ThighAlpha=0.046409897506237
ThighTheta=0.371959179639816
LowerLegAlpha=-0.0142799615859985
LowerLegTheta=-0.282199323177338
