[%General]
Highest=174
CenterX=37.6184831592661
CenterY=210.866576963328
XWidth=62

[LeftLeg]
ThighAlpha=0.0499798879027367
ThighTheta=-0.229159444570541
LowerLegAlpha=-0.103529758751392
LowerLegTheta=-0.860197961330414

[RightLeg]
ThighAlpha=0.121379725635052
ThighTheta=0.484838932752609
LowerLegAlpha=0.0321299284696579
LowerLegTheta=-0.0496398508548737
