[%General]
Highest=173
CenterX=37.3551328554567
CenterY=206.056366410456
XWidth=62

[LeftLeg]
ThighAlpha=-0.0214199498295784
ThighTheta=-0.305319279432297
LowerLegAlpha=-0.0321299210190773
LowerLegTheta=-0.747318267822266

[RightLeg]
ThighAlpha=0.13922968506813
ThighTheta=0.49163892865181
LowerLegAlpha=-0.00713998079299927
LowerLegTheta=0.109479792416096
