[%General]
Highest=175
CenterX=40.1861517359317
CenterY=18.5273705399291
XWidth=54

[LeftLeg]
ThighAlpha=0.0999597758054733
ThighTheta=-0.401879042387009
LowerLegAlpha=-0.157079637050629
LowerLegTheta=-0.0265199020504951

[RightLeg]
ThighAlpha=0.0856798067688942
ThighTheta=0.312119334936142
LowerLegAlpha=-0.0999597683548927
LowerLegTheta=0.498438894748688
