[%General]
Highest=174
CenterX=40.5674442660409
CenterY=24.3209257086395
XWidth=54

[LeftLeg]
ThighAlpha=0.00713998824357986
ThighTheta=-0.514758765697479
LowerLegAlpha=-0.0642598494887352
LowerLegTheta=-0.0564398318529129

[RightLeg]
ThighAlpha=0.103529766201973
ThighTheta=0.46171897649765
LowerLegAlpha=-0.0428398996591568
LowerLegTheta=0.342039257287979
