[%General]
Highest=177
CenterX=36.6971207424067
CenterY=136.651726676528
XWidth=67

[LeftLeg]
ThighAlpha=-0.117809727787971
ThighTheta=0.342039257287979
LowerLegAlpha=-0.0678298398852348
LowerLegTheta=-0.162519589066505

[RightLeg]
ThighAlpha=0.0321299284696579
ThighTheta=-0.318919241428375
LowerLegAlpha=0.021419957280159
LowerLegTheta=-0.275399327278137
