[%General]
Highest=175
CenterX=41.1696516040014
CenterY=40.2505070714039
XWidth=59

[LeftLeg]
ThighAlpha=0.121379725635052
ThighTheta=-0.371959120035172
LowerLegAlpha=-0.13922968506813
LowerLegTheta=-0.657558441162109

[RightLeg]
ThighAlpha=0.103529766201973
ThighTheta=0.342039257287979
LowerLegAlpha=0.0642598569393158
LowerLegTheta=0.146199703216553
