[%General]
Highest=155
CenterX=34.5080517688984
CenterY=296.981616484811
XWidth=52

[LeftLeg]
ThighAlpha=-0.117809727787971
ThighTheta=0.46171897649765
LowerLegAlpha=0.0606898665428162
LowerLegTheta=-0.116279698908329

[RightLeg]
ThighAlpha=-0.00713998079299927
ThighTheta=-0.491638839244843
LowerLegAlpha=-0.0321299210190773
LowerLegTheta=-0.395079076290131
