[%General]
Highest=175
CenterX=41.1183615953173
CenterY=44.2038521208344
XWidth=60

[LeftLeg]
ThighAlpha=0.13922968506813
ThighTheta=-0.288999319076538
LowerLegAlpha=-0.0856797993183136
LowerLegTheta=-0.860197961330414

[RightLeg]
ThighAlpha=0.13922968506813
ThighTheta=0.484838932752609
LowerLegAlpha=0.00356999784708023
LowerLegTheta=-0.139399647712708
