[%General]
Highest=170
CenterX=36.2598109677264
CenterY=256.457885311855
XWidth=58

[LeftLeg]
ThighAlpha=-0.0392699092626572
ThighTheta=0.478038966655731
LowerLegAlpha=-0.0678298398852348
LowerLegTheta=0.664358496665955

[RightLeg]
ThighAlpha=0.0678298473358154
ThighTheta=-0.431798994541168
LowerLegAlpha=0.0821098163723946
LowerLegTheta=-0.0795597806572914
