[%General]
Highest=176
CenterX=39.3223637225023
CenterY=88.9891953811669
XWidth=65

[LeftLeg]
ThighAlpha=-0.0392699092626572
ThighTheta=0.484838932752609
LowerLegAlpha=-0.0321299210190773
LowerLegTheta=0.282199382781982

[RightLeg]
ThighAlpha=0.103529766201973
ThighTheta=-0.461718916893005
LowerLegAlpha=0.0606898665428162
LowerLegTheta=-0.162519589066505
