[%General]
Highest=175
CenterX=38.7174698321185
CenterY=96.6149026115693
XWidth=66

[LeftLeg]
ThighAlpha=-0.0785398185253143
ThighTheta=0.544678807258606
LowerLegAlpha=-0.082109808921814
LowerLegTheta=0.46171897649765

[RightLeg]
ThighAlpha=0.13922968506813
ThighTheta=-0.491638839244843
LowerLegAlpha=0.00356999784708023
LowerLegTheta=-0.305319279432297
