[%General]
Highest=176
CenterX=37.5942464953271
CenterY=236.521845794393
XWidth=63

[LeftLeg]
ThighAlpha=-0.0392699092626572
ThighTheta=0.079559862613678
LowerLegAlpha=0.00356999784708023
LowerLegTheta=0.152999684214592

[RightLeg]
ThighAlpha=0.13922968506813
ThighTheta=-0.0863597691059113
LowerLegAlpha=0.046409897506237
LowerLegTheta=-0.0333198830485344
