[%General]
Highest=172
CenterX=36.8676990223211
CenterY=196.739408478998
XWidth=61

[LeftLeg]
ThighAlpha=-0.0785398185253143
ThighTheta=-0.461718916893005
LowerLegAlpha=0.00356999784708023
LowerLegTheta=-0.507958829402924

[RightLeg]
ThighAlpha=0.13922968506813
ThighTheta=0.567798733711243
LowerLegAlpha=-0.0107099711894989
LowerLegTheta=0.212839543819427
