[%General]
Highest=172
CenterX=36.8025894171646
CenterY=183.528131404983
XWidth=64

[LeftLeg]
ThighAlpha=-0.0785398185253143
ThighTheta=-0.507958829402924
LowerLegAlpha=-0.0321299210190773
LowerLegTheta=-0.265879362821579

[RightLeg]
ThighAlpha=0.0856798067688942
ThighTheta=0.574598729610443
LowerLegAlpha=-0.024989940226078
LowerLegTheta=0.46171897649765
