[%General]
Highest=156
CenterX=34.4492046415123
CenterY=291.857719203873
XWidth=52

[LeftLeg]
ThighAlpha=-0.157079637050629
ThighTheta=0.60451865196228
LowerLegAlpha=0.021419957280159
LowerLegTheta=-0.0863597691059113

[RightLeg]
ThighAlpha=-0.024989940226078
ThighTheta=-0.371959120035172
LowerLegAlpha=0.00356999784708023
LowerLegTheta=-0.657558441162109
