[%General]
Highest=172
CenterX=36.6821522783941
CenterY=187.769537093918
XWidth=64

[LeftLeg]
ThighAlpha=-0.082109808921814
ThighTheta=-0.491638839244843
LowerLegAlpha=-0.0321299210190773
LowerLegTheta=-0.335239201784134

[RightLeg]
ThighAlpha=0.0856798067688942
ThighTheta=0.567798733711243
LowerLegAlpha=-0.0142799615859985
LowerLegTheta=0.355639219284058
