[%General]
Highest=175
CenterX=37.073653614962
CenterY=240.393255520217
XWidth=61

[LeftLeg]
ThighAlpha=0.0107099786400795
ThighTheta=0.342039257287979
LowerLegAlpha=-0.0499798804521561
LowerLegTheta=-0.0727597996592522

[RightLeg]
ThighAlpha=0.0499798879027367
ThighTheta=-0.169319570064545
LowerLegAlpha=0.0999597758054733
LowerLegTheta=0.0496399253606796
