[%General]
Highest=178
CenterX=36.6521757214855
CenterY=158.373307637382
XWidth=65

[LeftLeg]
ThighAlpha=-0.0606898590922356
ThighTheta=-0.0632398128509521
LowerLegAlpha=-0.121379718184471
LowerLegTheta=-0.2454794049263

[RightLeg]
ThighAlpha=0.0499798879027367
ThighTheta=0.401879131793976
LowerLegAlpha=-0.0856797993183136
LowerLegTheta=-0.10267972946167
