[%General]
Highest=178
CenterX=36.948836021118
CenterY=140.792055860506
XWidth=66

[LeftLeg]
ThighAlpha=-0.0107099711894989
ThighTheta=0.152999684214592
LowerLegAlpha=-0.13922968506813
LowerLegTheta=0.185639619827271

[RightLeg]
ThighAlpha=0.0678298473358154
ThighTheta=-0.229159444570541
LowerLegAlpha=-0.0499798804521561
LowerLegTheta=-0.199239507317543
