[%General]
Highest=176
CenterX=38.0525609642957
CenterY=232.342984378011
XWidth=63

[LeftLeg]
ThighAlpha=-0.0392699092626572
ThighTheta=0.34883925318718
LowerLegAlpha=-0.0321299210190773
LowerLegTheta=-0.80715811252594

[RightLeg]
ThighAlpha=0.13922968506813
ThighTheta=0.0863598436117172
LowerLegAlpha=0.0606898665428162
LowerLegTheta=-0.235959425568581
