[%General]
Highest=176
CenterX=38.4084706831126
CenterY=227.681017288431
XWidth=64

[LeftLeg]
ThighAlpha=-0.00356999039649963
ThighTheta=-0.0265199020504951
LowerLegAlpha=0.00356999784708023
LowerLegTheta=-0.176119565963745

[RightLeg]
ThighAlpha=0.121379725635052
ThighTheta=0.0564399100840092
LowerLegAlpha=0.0285599380731583
LowerLegTheta=0.0931598246097565
