[%General]
Highest=164
CenterX=35.5071394676675
CenterY=271.973840645356
XWidth=56

[LeftLeg]
ThighAlpha=-0.0785398185253143
ThighTheta=0.687478482723236
LowerLegAlpha=-0.0856797993183136
LowerLegTheta=0.31891930103302

[RightLeg]
ThighAlpha=0.0142799690365791
ThighTheta=-0.401879042387009
LowerLegAlpha=0.0606898665428162
LowerLegTheta=-0.454918920993805
