[%General]
Highest=173
CenterX=36.4990125455281
CenterY=248.583245649535
XWidth=60

[LeftLeg]
ThighAlpha=-0.0428398996591568
ThighTheta=0.484838932752609
LowerLegAlpha=0.021419957280159
LowerLegTheta=0.235959500074387

[RightLeg]
ThighAlpha=0.103529766201973
ThighTheta=-0.37875908613205
LowerLegAlpha=0.0107099786400795
LowerLegTheta=0.0931598246097565
