[%General]
Highest=175
CenterX=40.64697625284
CenterY=8.67286514333676
XWidth=51

[LeftLeg]
ThighAlpha=-0.157079637050629
ThighTheta=-0.0863597691059113
LowerLegAlpha=-0.157079637050629
LowerLegTheta=0.206039562821388

[RightLeg]
ThighAlpha=0.0856798067688942
ThighTheta=0.0564399100840092
LowerLegAlpha=-0.117809727787971
LowerLegTheta=-0.0564398318529129
