[%General]
Highest=168
CenterX=35.9367010907884
CenterY=264.077375471776
XWidth=57

[LeftLeg]
ThighAlpha=-0.082109808921814
ThighTheta=0.627638638019562
LowerLegAlpha=-0.0499798804521561
LowerLegTheta=0.484838932752609

[RightLeg]
ThighAlpha=0.0856798067688942
ThighTheta=-0.461718916893005
LowerLegAlpha=0.046409897506237
LowerLegTheta=-0.229159444570541
