[%General]
Highest=176
CenterX=40.9684358798011
CenterY=47.9427838323987
XWidth=58

[LeftLeg]
ThighAlpha=0.103529766201973
ThighTheta=-0.2522794008255
LowerLegAlpha=0.00356999784708023
LowerLegTheta=-0.866998016834259

[RightLeg]
ThighAlpha=0.13922968506813
ThighTheta=0.259079456329346
LowerLegAlpha=-0.00356999039649963
LowerLegTheta=0.0863598436117172
