[%General]
Highest=174
CenterX=36.5557103064067
CenterY=175.60056309342
XWidth=65

[LeftLeg]
ThighAlpha=-0.117809727787971
ThighTheta=-0.431798994541168
LowerLegAlpha=0.021419957280159
LowerLegTheta=-0.146199628710747

[RightLeg]
ThighAlpha=0.0321299284696579
ThighTheta=0.484838932752609
LowerLegAlpha=-0.0428398996591568
LowerLegTheta=0.60451865196228
