[%General]
Highest=179
CenterX=40.4638632829853
CenterY=77.1845776876944
XWidth=62

[LeftLeg]
ThighAlpha=0.0321299284696579
ThighTheta=0.222359538078308
LowerLegAlpha=0.021419957280159
LowerLegTheta=-0.10267972946167

[RightLeg]
ThighAlpha=0.13922968506813
ThighTheta=-0.139399647712708
LowerLegAlpha=0.0249899476766586
LowerLegTheta=-0.265879362821579
