[%General]
Highest=175
CenterX=36.7200253037926
CenterY=171.460720275399
XWidth=66

[LeftLeg]
ThighAlpha=-0.0999597683548927
ThighTheta=-0.408679038286209
LowerLegAlpha=0.00356999784708023
LowerLegTheta=-0.215559482574463

[RightLeg]
ThighAlpha=0.0321299284696579
ThighTheta=0.454919010400772
LowerLegAlpha=-0.0499798804521561
LowerLegTheta=0.521558880805969
