[%General]
Highest=173
CenterX=37.1254501842696
CenterY=123.84827653727
XWidth=67

[LeftLeg]
ThighAlpha=-0.0999597683548927
ThighTheta=0.507958889007568
LowerLegAlpha=-0.0856797993183136
LowerLegTheta=-0.0197199191898108

[RightLeg]
ThighAlpha=0.0678298473358154
ThighTheta=-0.229159444570541
LowerLegAlpha=0.021419957280159
LowerLegTheta=-0.890117883682251
