[%General]
Highest=177
CenterX=36.565749407917
CenterY=162.432643509643
XWidth=67

[LeftLeg]
ThighAlpha=-0.0785398185253143
ThighTheta=-0.206039488315582
LowerLegAlpha=-0.103529758751392
LowerLegTheta=-0.169319570064545

[RightLeg]
ThighAlpha=0.0321299284696579
ThighTheta=0.454919010400772
LowerLegAlpha=-0.0321299210190773
LowerLegTheta=0.0931598246097565
