[%General]
Highest=172
CenterX=37.3211882397014
CenterY=119.028956752182
XWidth=66

[LeftLeg]
ThighAlpha=-0.0606898590922356
ThighTheta=0.567798733711243
LowerLegAlpha=-0.157079637050629
LowerLegTheta=0.0333199612796307

[RightLeg]
ThighAlpha=0.0856798067688942
ThighTheta=-0.365159124135971
LowerLegAlpha=0.0642598569393158
LowerLegTheta=-0.67115843296051
