[%General]
Highest=174
CenterX=37.8070891131477
CenterY=214.882715829262
XWidth=63

[LeftLeg]
ThighAlpha=-0.00713998079299927
ThighTheta=-0.169319570064545
LowerLegAlpha=-0.0321299210190773
LowerLegTheta=-0.80715811252594

[RightLeg]
ThighAlpha=0.13922968506813
ThighTheta=0.34883925318718
LowerLegAlpha=0.00356999784708023
LowerLegTheta=0.079559862613678
