[%General]
Highest=174
CenterX=41.1015881805854
CenterY=36.0821281761837
XWidth=58

[LeftLeg]
ThighAlpha=0.0642598569393158
ThighTheta=-0.52155876159668
LowerLegAlpha=-0.0999597683548927
LowerLegTheta=-0.365159124135971

[RightLeg]
ThighAlpha=0.13922968506813
ThighTheta=0.401879131793976
LowerLegAlpha=0.0107099786400795
LowerLegTheta=0.169319659471512
