[%General]
Highest=177
CenterX=36.965804263954
CenterY=145.328660872816
XWidth=67

[LeftLeg]
ThighAlpha=-0.0606898590922356
ThighTheta=-0.00339995324611664
LowerLegAlpha=-0.0856797993183136
LowerLegTheta=0.070039875805378

[RightLeg]
ThighAlpha=0.0678298473358154
ThighTheta=-0.146199628710747
LowerLegAlpha=-0.0499798804521561
LowerLegTheta=-0.116279698908329
