[%General]
Highest=176
CenterX=36.646635712931
CenterY=132.428777140128
XWidth=66

[LeftLeg]
ThighAlpha=-0.0606898590922356
ThighTheta=0.424999058246613
LowerLegAlpha=-0.121379718184471
LowerLegTheta=-0.109479710459709

[RightLeg]
ThighAlpha=0.0821098163723946
ThighTheta=-0.176119565963745
LowerLegAlpha=-0.0678298398852348
LowerLegTheta=-0.710598349571228
