[%General]
Highest=178
CenterX=40.4986758987741
CenterY=59.3287711048817
XWidth=61

[LeftLeg]
ThighAlpha=0.0856798067688942
ThighTheta=0.0564399100840092
LowerLegAlpha=-0.0999597683548927
LowerLegTheta=-0.926837861537933

[RightLeg]
ThighAlpha=0.121379725635052
ThighTheta=0.116279773414135
LowerLegAlpha=0.0107099786400795
LowerLegTheta=-0.0632398128509521
