[%General]
Highest=178
CenterX=39.5264285411276
CenterY=85.3044938418247
XWidth=65

[LeftLeg]
ThighAlpha=-0.024989940226078
ThighTheta=0.395079135894775
LowerLegAlpha=-0.0142799615859985
LowerLegTheta=0.212839543819427

[RightLeg]
ThighAlpha=0.103529766201973
ThighTheta=-0.312119245529175
LowerLegAlpha=0.0606898665428162
LowerLegTheta=-0.235959425568581
