[%General]
Highest=175
CenterX=38.4361538237944
CenterY=222.925587884777
XWidth=64

[LeftLeg]
ThighAlpha=-0.0107099711894989
ThighTheta=0.206039562821388
LowerLegAlpha=-0.13922968506813
LowerLegTheta=-1.09955739974976

[RightLeg]
ThighAlpha=0.13922968506813
ThighTheta=0.199239581823349
LowerLegAlpha=0.00713998824357986
LowerLegTheta=0.0265199784189463
