[%General]
Highest=175
CenterX=36.8019628781386
CenterY=128.343145382248
XWidth=67

[LeftLeg]
ThighAlpha=-0.0606898590922356
ThighTheta=0.401879131793976
LowerLegAlpha=-0.157079637050629
LowerLegTheta=0.0265199784189463

[RightLeg]
ThighAlpha=0.0678298473358154
ThighTheta=-0.199239507317543
LowerLegAlpha=-0.0107099711894989
LowerLegTheta=-0.80035811662674
