[%General]
Highest=163
CenterX=35.0265704657392
CenterY=276.613946254212
XWidth=56

[LeftLeg]
ThighAlpha=-0.0606898590922356
ThighTheta=0.687478482723236
LowerLegAlpha=-0.117809727787971
LowerLegTheta=0.222359538078308

[RightLeg]
ThighAlpha=0.0856798067688942
ThighTheta=-0.461718916893005
LowerLegAlpha=0.0249899476766586
LowerLegTheta=-0.424998998641968
