[%General]
Highest=166
CenterX=35.8179391350774
CenterY=267.875727760405
XWidth=55

[LeftLeg]
ThighAlpha=-0.0785398185253143
ThighTheta=0.627638638019562
LowerLegAlpha=-0.0642598494887352
LowerLegTheta=0.514758884906769

[RightLeg]
ThighAlpha=0.0856798067688942
ThighTheta=-0.454918920993805
LowerLegAlpha=0.0428399071097374
LowerLegTheta=-0.318919241428375
