[%General]
Highest=154
CenterX=34.3086649312012
CenterY=310.45374401155
XWidth=49

[LeftLeg]
ThighAlpha=-0.082109808921814
ThighTheta=0.206039562821388
LowerLegAlpha=-0.157079637050629
LowerLegTheta=-0.37875908613205

[RightLeg]
ThighAlpha=0.0678298473358154
ThighTheta=-0.312119245529175
LowerLegAlpha=-0.0785398185253143
LowerLegTheta=0.139399722218513
