[%General]
Highest=172
CenterX=37.1141109022704
CenterY=244.362213641404
XWidth=56

[LeftLeg]
ThighAlpha=-0.0785398185253143
ThighTheta=0.549778699874878
LowerLegAlpha=-0.0981747731566429
LowerLegTheta=0.510508835315704

[RightLeg]
ThighAlpha=0.0981747731566429
ThighTheta=-0.431968986988068
LowerLegAlpha=0.0785398185253143
LowerLegTheta=-0.235619455575943
