[%General]
Highest=174
CenterX=38.5933344929553
CenterY=94.8869368585841
XWidth=62

[LeftLeg]
ThighAlpha=-0.0981747731566429
ThighTheta=0.549778699874878
LowerLegAlpha=-0.0785398185253143
LowerLegTheta=0.274889349937439

[RightLeg]
ThighAlpha=0.0981747731566429
ThighTheta=-0.471238911151886
LowerLegAlpha=0.0981747731566429
LowerLegTheta=-0.510508835315704
