[%General]
Highest=177
CenterX=37.6315314705816
CenterY=205.521487795894
XWidth=61

[LeftLeg]
ThighAlpha=-0.0196349546313286
ThighTheta=0.0785398185253143
LowerLegAlpha=-0.0392699092626572
LowerLegTheta=-0.785398185253143

[RightLeg]
ThighAlpha=0.0981747731566429
ThighTheta=0.196349546313286
LowerLegAlpha=0.0589048638939857
LowerLegTheta=-0.0392699092626572
