[%General]
Highest=167
CenterX=36.0538205919903
CenterY=275.219746289874
XWidth=52

[LeftLeg]
ThighAlpha=-0.0981747731566429
ThighTheta=0.314159274101257
LowerLegAlpha=-0.0785398185253143
LowerLegTheta=0.235619455575943

[RightLeg]
ThighAlpha=-0.0392699092626572
ThighTheta=-0.274889349937439
LowerLegAlpha=0.0392699092626572
LowerLegTheta=-0.667588412761688
