[%General]
Highest=179
CenterX=40.2142889894735
CenterY=64.2559952313265
XWidth=59

[LeftLeg]
ThighAlpha=0.0392699092626572
ThighTheta=0.196349546313286
LowerLegAlpha=0.0196349546313286
LowerLegTheta=-0.117809727787971

[RightLeg]
ThighAlpha=0.0981747731566429
ThighTheta=-0.196349546313286
LowerLegAlpha=0.0981747731566429
LowerLegTheta=-0.157079637050629
