[%General]
Highest=165
CenterX=35.8343112723088
CenterY=287.621855846273
XWidth=51

[LeftLeg]
ThighAlpha=-0.0981747731566429
ThighTheta=-0.0392699092626572
LowerLegAlpha=-0.0392699092626572
LowerLegTheta=0.274889349937439

[RightLeg]
ThighAlpha=0
ThighTheta=-0.274889349937439
LowerLegAlpha=-0.0785398185253143
LowerLegTheta=-0.0392699092626572
