[%General]
Highest=177
CenterX=37.7416219342211
CenterY=209.654497464338
XWidth=61

[LeftLeg]
ThighAlpha=-0.0392699092626572
ThighTheta=0.235619455575943
LowerLegAlpha=0.0589048638939857
LowerLegTheta=-0.785398185253143

[RightLeg]
ThighAlpha=0.0981747731566429
ThighTheta=0.117809727787971
LowerLegAlpha=0.0981747731566429
LowerLegTheta=-0.0785398185253143
