[%General]
Highest=176
CenterX=37.7008923794646
CenterY=213.9606668236
XWidth=61

[LeftLeg]
ThighAlpha=-0.0981747731566429
ThighTheta=0.235619455575943
LowerLegAlpha=-0.0785398185253143
LowerLegTheta=-0.431968986988068

[RightLeg]
ThighAlpha=0.0785398185253143
ThighTheta=-0.0392699092626572
LowerLegAlpha=0.0785398185253143
LowerLegTheta=0
