[%General]
Highest=169
CenterX=40.1232909672488
CenterY=187.392292014606
XWidth=62

[LeftLeg]
ThighAlpha=-0.0589048638939857
ThighTheta=-0.549778699874878
LowerLegAlpha=-0.0785398185253143
LowerLegTheta=-0.314159274101257

[RightLeg]
ThighAlpha=-0.0196349546313286
ThighTheta=0.549778699874878
LowerLegAlpha=0.0785398185253143
LowerLegTheta=0.314159274101257
