[%General]
Highest=169
CenterX=44.732483804371
CenterY=25.0612230369474
XWidth=51

[LeftLeg]
ThighAlpha=0
ThighTheta=-0.628318548202515
LowerLegAlpha=-0.0785398185253143
LowerLegTheta=0

[RightLeg]
ThighAlpha=-0.0589048638939857
ThighTheta=0.471238911151886
LowerLegAlpha=0.0589048638939857
LowerLegTheta=0.392699092626572
