[%General]
Highest=168
CenterX=45.2700583796497
CenterY=38.3742737543575
XWidth=52

[LeftLeg]
ThighAlpha=0
ThighTheta=-0.471238911151886
LowerLegAlpha=0
LowerLegTheta=-0.549778699874878

[RightLeg]
ThighAlpha=-0.0196349546313286
ThighTheta=0.471238911151886
LowerLegAlpha=0.0981747731566429
LowerLegTheta=0.0785398185253143
