[%General]
Highest=170
CenterX=41.1707599965204
CenterY=126.334720329399
XWidth=61

[LeftLeg]
ThighAlpha=-0.0981747731566429
ThighTheta=0.628318548202515
LowerLegAlpha=-0.0392699092626572
LowerLegTheta=-0.314159274101257

[RightLeg]
ThighAlpha=0.0392699092626572
ThighTheta=-0.157079637050629
LowerLegAlpha=-0.0196349546313286
LowerLegTheta=-0.785398185253143
