[%General]
Highest=157
CenterX=38.4386322073082
CenterY=285.997274076119
XWidth=49

[LeftLeg]
ThighAlpha=-0.0981747731566429
ThighTheta=0.549778699874878
LowerLegAlpha=-0.0589048638939857
LowerLegTheta=0

[RightLeg]
ThighAlpha=0.0981747731566429
ThighTheta=0.471238911151886
LowerLegAlpha=0.0981747731566429
LowerLegTheta=0.157079637050629
