[%General]
Highest=152
CenterX=37.4555740254169
CenterY=290.850805226375
XWidth=50

[LeftLeg]
ThighAlpha=-0.0981747731566429
ThighTheta=0.471238911151886
LowerLegAlpha=-0.0785398185253143
LowerLegTheta=-0.0785398185253143

[RightLeg]
ThighAlpha=0.0981747731566429
ThighTheta=0.549778699874878
LowerLegAlpha=0.0981747731566429
LowerLegTheta=-0.0785398185253143
