[%General]
Highest=175
CenterX=40.6422636580893
CenterY=142.739245817818
XWidth=60

[LeftLeg]
ThighAlpha=-0.0785398185253143
ThighTheta=0.157079637050629
LowerLegAlpha=-0.0981747731566429
LowerLegTheta=0

[RightLeg]
ThighAlpha=0.0981747731566429
ThighTheta=0.235619455575943
LowerLegAlpha=0.0981747731566429
LowerLegTheta=-0.314159274101257
