[%General]
Highest=175
CenterX=36.7200253037926
CenterY=171.460720275399
XWidth=66

[LeftLeg]
ThighAlpha=-0.0785398185253143
ThighTheta=-0.431968986988068
LowerLegAlpha=-0.0392699092626572
LowerLegTheta=0

[RightLeg]
ThighAlpha=0.0392699092626572
ThighTheta=0.431968986988068
LowerLegAlpha=-0.0589048638939857
LowerLegTheta=0.549778699874878
