[%General]
Highest=176
CenterX=38.4084706831126
CenterY=227.681017288431
XWidth=64

[LeftLeg]
ThighAlpha=0.0196349546313286
ThighTheta=0
LowerLegAlpha=-0.0196349546313286
LowerLegTheta=-0.314159274101257

[RightLeg]
ThighAlpha=0.0981747731566429
ThighTheta=0.0785398185253143
LowerLegAlpha=0.0785398185253143
LowerLegTheta=0.0785398185253143
