[%General]
Highest=164
CenterX=36.1564591570406
CenterY=206.187495154663
XWidth=55

[LeftLeg]
ThighAlpha=-0.0981747731566429
ThighTheta=0.431968986988068
LowerLegAlpha=0.0392699092626572
LowerLegTheta=0.471238911151886

[RightLeg]
ThighAlpha=0.0981747731566429
ThighTheta=-0.431968986988068
LowerLegAlpha=0.0392699092626572
LowerLegTheta=-0.235619455575943
