[%General]
Highest=147
CenterX=31.8909491498986
CenterY=308.779090625487
XWidth=40

[LeftLeg]
ThighAlpha=0.0392699092626572
ThighTheta=-0.353429168462753
LowerLegAlpha=-0.0589048638939857
LowerLegTheta=-0.746128261089325

[RightLeg]
ThighAlpha=0.0196349546313286
ThighTheta=0.746128261089325
LowerLegAlpha=-0.0785398185253143
LowerLegTheta=-0.589048624038696
