[%General]
Highest=162
CenterX=40.5227000373259
CenterY=12.5552717914465
XWidth=44

[LeftLeg]
ThighAlpha=-0.0981747731566429
ThighTheta=0.157079637050629
LowerLegAlpha=-0.0981747731566429
LowerLegTheta=0

[RightLeg]
ThighAlpha=0.0981747731566429
ThighTheta=0.117809727787971
LowerLegAlpha=0
LowerLegTheta=0.235619455575943
