[%General]
Highest=161
CenterX=30.2430066662513
CenterY=273.081241044172
XWidth=48

[LeftLeg]
ThighAlpha=-0.0196349546313286
ThighTheta=-0.353429168462753
LowerLegAlpha=-0.0785398185253143
LowerLegTheta=-0.117809727787971

[RightLeg]
ThighAlpha=-0.0196349546313286
ThighTheta=0.392699092626572
LowerLegAlpha=0
LowerLegTheta=0.353429168462753
