[%General]
Highest=162
CenterX=33.6141963745353
CenterY=229.28548373152
XWidth=49

[LeftLeg]
ThighAlpha=-0.0785398185253143
ThighTheta=0.471238911151886
LowerLegAlpha=0.0589048638939857
LowerLegTheta=0.117809727787971

[RightLeg]
ThighAlpha=0.0196349546313286
ThighTheta=-0.353429168462753
LowerLegAlpha=0
LowerLegTheta=-0.667588412761688
