[%General]
Highest=159
CenterX=30.3987713938438
CenterY=279.506619362045
XWidth=47

[LeftLeg]
ThighAlpha=-0.0392699092626572
ThighTheta=-0.431968986988068
LowerLegAlpha=0
LowerLegTheta=-0.196349546313286

[RightLeg]
ThighAlpha=-0.0785398185253143
ThighTheta=0.353429168462753
LowerLegAlpha=0.0785398185253143
LowerLegTheta=0.667588412761688
