[%General]
Highest=168
CenterX=41.4108247554997
CenterY=46.9892958903406
XWidth=49

[LeftLeg]
ThighAlpha=-0.0392699092626572
ThighTheta=0.274889349937439
LowerLegAlpha=0.0785398185253143
LowerLegTheta=-0.196349546313286

[RightLeg]
ThighAlpha=0.0785398185253143
ThighTheta=-0.274889349937439
LowerLegAlpha=0.0589048638939857
LowerLegTheta=-0.157079637050629
