[%General]
Highest=168
CenterX=41.154278489742
CenterY=38.1706798459859
XWidth=49

[LeftLeg]
ThighAlpha=0
ThighTheta=0.117809727787971
LowerLegAlpha=-0.0392699092626572
LowerLegTheta=-0.471238911151886

[RightLeg]
ThighAlpha=0.0785398185253143
ThighTheta=-0.0785398185253143
LowerLegAlpha=0.0589048638939857
LowerLegTheta=-0.157079637050629
