[%General]
Highest=149
CenterX=31.6220521147452
CenterY=298.359429366736
XWidth=43

[LeftLeg]
ThighAlpha=0
ThighTheta=-0.392699092626572
LowerLegAlpha=0
LowerLegTheta=-0.667588412761688

[RightLeg]
ThighAlpha=0.0196349546313286
ThighTheta=0.785398185253143
LowerLegAlpha=-0.0392699092626572
LowerLegTheta=-0.314159274101257
