[%General]
Highest=168
CenterX=41.7560991145933
CenterY=51.1365819478948
XWidth=52

[LeftLeg]
ThighAlpha=-0.0392699092626572
ThighTheta=0.353429168462753
LowerLegAlpha=0.0392699092626572
LowerLegTheta=-0.157079637050629

[RightLeg]
ThighAlpha=0.0981747731566429
ThighTheta=-0.314159274101257
LowerLegAlpha=0.0589048638939857
LowerLegTheta=-0.274889349937439
