[%General]
Highest=167
CenterX=41.6588797581019
CenterY=27.0285790923944
XWidth=49

[LeftLeg]
ThighAlpha=-0.0981747731566429
ThighTheta=0.0392699092626572
LowerLegAlpha=-0.0981747731566429
LowerLegTheta=0

[RightLeg]
ThighAlpha=0.0785398185253143
ThighTheta=0.117809727787971
LowerLegAlpha=0.0785398185253143
LowerLegTheta=-0.117809727787971
