[%General]
Highest=169
CenterX=37.226694453195
CenterY=182.717619405336
XWidth=56

[LeftLeg]
ThighAlpha=-0.0981747731566429
ThighTheta=0.117809727787971
LowerLegAlpha=0.0589048638939857
LowerLegTheta=-0.392699092626572

[RightLeg]
ThighAlpha=0.0981747731566429
ThighTheta=0
LowerLegAlpha=0.0392699092626572
LowerLegTheta=-0.0785398185253143
