[%General]
Highest=153
CenterX=30.869924234489
CenterY=289.925473970881
XWidth=45

[LeftLeg]
ThighAlpha=-0.0785398185253143
ThighTheta=-0.471238911151886
LowerLegAlpha=0.0196349546313286
LowerLegTheta=-0.353429168462753

[RightLeg]
ThighAlpha=0
ThighTheta=0.746128261089325
LowerLegAlpha=-0.0196349546313286
LowerLegTheta=-0.117809727787971
