[%General]
Highest=156
CenterX=33.3122088013203
CenterY=204.63902317905
XWidth=55

[LeftLeg]
ThighAlpha=-0.117809727787971
ThighTheta=-0.318919241428375
LowerLegAlpha=-0.0499798804521561
LowerLegTheta=-0.2454794049263

[RightLeg]
ThighAlpha=0.0321299284696579
ThighTheta=0.401879131793976
LowerLegAlpha=-0.0678298398852348
LowerLegTheta=0.424999058246613
