[%General]
Highest=158
CenterX=35.3433493053511
CenterY=187.933198597318
XWidth=55

[LeftLeg]
ThighAlpha=-0.0107099711894989
ThighTheta=-0.116279698908329
LowerLegAlpha=-0.157079637050629
LowerLegTheta=0.00340002961456776

[RightLeg]
ThighAlpha=0.121379725635052
ThighTheta=0.424999058246613
LowerLegAlpha=-0.103529758751392
LowerLegTheta=-0.335239201784134
