[%General]
Highest=158
CenterX=33.3125065655092
CenterY=30.8204143565801
XWidth=50

[LeftLeg]
ThighAlpha=-0.0107099711894989
ThighTheta=0.229159519076347
LowerLegAlpha=-0.13922968506813
LowerLegTheta=-0.0863597691059113

[RightLeg]
ThighAlpha=0.121379725635052
ThighTheta=0.0333199612796307
LowerLegAlpha=-0.0785398185253143
LowerLegTheta=-0.979877710342407
