[%General]
Highest=159
CenterX=32.4482814264967
CenterY=42.3160861246225
XWidth=51

[LeftLeg]
ThighAlpha=-0.0392699092626572
ThighTheta=-0.0564398318529129
LowerLegAlpha=-0.13922968506813
LowerLegTheta=-0.0496398508548737

[RightLeg]
ThighAlpha=0.13922968506813
ThighTheta=0.0401199460029602
LowerLegAlpha=0.0821098163723946
LowerLegTheta=-0.235959425568581
