[%General]
Highest=156
CenterX=33.096077879993
CenterY=72.6663720724702
XWidth=49

[LeftLeg]
ThighAlpha=0.0142799690365791
ThighTheta=-0.431798994541168
LowerLegAlpha=-0.0856797993183136
LowerLegTheta=-0.448118954896927

[RightLeg]
ThighAlpha=0.121379725635052
ThighTheta=0.49163892865181
LowerLegAlpha=0.0249899476766586
LowerLegTheta=0.371959179639816
