[%General]
Highest=157
CenterX=32.768935484683
CenterY=65.478377425932
XWidth=49

[LeftLeg]
ThighAlpha=-0.0428398996591568
ThighTheta=-0.371959120035172
LowerLegAlpha=-0.0535498708486557
LowerLegTheta=-0.342039197683334

[RightLeg]
ThighAlpha=0.0856798067688942
ThighTheta=0.371959179639816
LowerLegAlpha=-0.0606898590922356
LowerLegTheta=0.46171897649765
