[%General]
Highest=153
CenterX=33.6356204077409
CenterY=243.282816634881
XWidth=50

[LeftLeg]
ThighAlpha=0.0321299284696579
ThighTheta=-0.0795597806572914
LowerLegAlpha=-0.157079637050629
LowerLegTheta=-1.06963741779327

[RightLeg]
ThighAlpha=0.0856798067688942
ThighTheta=0.34883925318718
LowerLegAlpha=0.0321299284696579
LowerLegTheta=-0.00339995324611664
