[%General]
Highest=157
CenterX=32.0867181353265
CenterY=119.1030438631
XWidth=59

[LeftLeg]
ThighAlpha=-0.082109808921814
ThighTheta=0.46171897649765
LowerLegAlpha=0.021419957280159
LowerLegTheta=-0.581398665904999

[RightLeg]
ThighAlpha=0.13922968506813
ThighTheta=-0.176119565963745
LowerLegAlpha=0.0999597758054733
LowerLegTheta=-0.109479710459709
