[%General]
Highest=153
CenterX=33.2362998414921
CenterY=238.998999707607
XWidth=51

[LeftLeg]
ThighAlpha=-0.00356999039649963
ThighTheta=-0.162519589066505
LowerLegAlpha=-0.0678298398852348
LowerLegTheta=-0.956757783889771

[RightLeg]
ThighAlpha=0.0499798879027367
ThighTheta=0.312119334936142
LowerLegAlpha=0.0606898665428162
LowerLegTheta=0.229159519076347
