[%General]
Highest=157
CenterX=32.6580640591242
CenterY=162.0600332928
XWidth=55

[LeftLeg]
ThighAlpha=-0.117809727787971
ThighTheta=0.507958889007568
LowerLegAlpha=-0.0856797993183136
LowerLegTheta=0.0102000124752522

[RightLeg]
ThighAlpha=0.0642598569393158
ThighTheta=-0.192439526319504
LowerLegAlpha=0.0606898665428162
LowerLegTheta=-0.896917939186096
