[%General]
Highest=156
CenterX=33.4508669796557
CenterY=28.0758309859155
XWidth=52

[LeftLeg]
ThighAlpha=-0.0785398185253143
ThighTheta=0.259079456329346
LowerLegAlpha=-0.0678298398852348
LowerLegTheta=-0.00339995324611664

[RightLeg]
ThighAlpha=0.0856798067688942
ThighTheta=0.0632398948073387
LowerLegAlpha=-0.0214199498295784
LowerLegTheta=-1.09955739974976
