[%General]
Highest=150
CenterX=34.8166729266155
CenterY=282.418075155157
XWidth=50

[LeftLeg]
ThighAlpha=-0.117809727787971
ThighTheta=0.507958889007568
LowerLegAlpha=0.0249899476766586
LowerLegTheta=0.641238570213318

[RightLeg]
ThighAlpha=0.13922968506813
ThighTheta=-0.401879042387009
LowerLegAlpha=0.0642598569393158
LowerLegTheta=-0.288999319076538
