[%General]
Highest=156
CenterX=33.1208459586628
CenterY=153.503214839997
XWidth=57

[LeftLeg]
ThighAlpha=-0.117809727787971
ThighTheta=0.574598729610443
LowerLegAlpha=-0.103529758751392
LowerLegTheta=0.169319659471512

[RightLeg]
ThighAlpha=0.13922968506813
ThighTheta=-0.37875908613205
LowerLegAlpha=0.0606898665428162
LowerLegTheta=-0.620838522911072
