[%General]
Highest=152
CenterX=34.577664605311
CenterY=273.66433248454
XWidth=51

[LeftLeg]
ThighAlpha=-0.0392699092626572
ThighTheta=0.46171897649765
LowerLegAlpha=0.021419957280159
LowerLegTheta=0.0863598436117172

[RightLeg]
ThighAlpha=0.103529766201973
ThighTheta=-0.312119245529175
LowerLegAlpha=0.046409897506237
LowerLegTheta=-0.070039801299572
