[%General]
Highest=147
CenterX=34.1445637609225
CenterY=287.887972521562
XWidth=47

[LeftLeg]
ThighAlpha=-0.0785398185253143
ThighTheta=0.807158231735229
LowerLegAlpha=-0.0499798804521561
LowerLegTheta=0.19243960082531

[RightLeg]
ThighAlpha=0.103529766201973
ThighTheta=-0.401879042387009
LowerLegAlpha=0.0678298473358154
LowerLegTheta=-0.431798994541168
