[%General]
Highest=156
CenterX=33.5588458618071
CenterY=25.2626466669532
XWidth=53

[LeftLeg]
ThighAlpha=-0.0785398185253143
ThighTheta=0.312119334936142
LowerLegAlpha=-0.121379718184471
LowerLegTheta=-0.0197199191898108

[RightLeg]
ThighAlpha=0.13922968506813
ThighTheta=0.18291962146759
LowerLegAlpha=0.13922968506813
LowerLegTheta=0.215559557080269
