[%General]
Highest=159
CenterX=31.3219669231938
CenterY=105.287936775495
XWidth=56

[LeftLeg]
ThighAlpha=0.0499798879027367
ThighTheta=0.288999378681183
LowerLegAlpha=-0.082109808921814
LowerLegTheta=-0.80035811662674

[RightLeg]
ThighAlpha=0.103529766201973
ThighTheta=0.176119640469551
LowerLegAlpha=0.0606898665428162
LowerLegTheta=-0.152999609708786
