[%General]
Highest=157
CenterX=34.3345952476843
CenterY=196.429910055041
XWidth=55

[LeftLeg]
ThighAlpha=-0.0999597683548927
ThighTheta=-0.229159444570541
LowerLegAlpha=-0.0856797993183136
LowerLegTheta=-0.152999609708786

[RightLeg]
ThighAlpha=0.0642598569393158
ThighTheta=0.454919010400772
LowerLegAlpha=-0.121379718184471
LowerLegTheta=-0.215559482574463
