[%General]
Highest=153
CenterX=33.3611526311734
CenterY=233.987549117806
XWidth=51

[LeftLeg]
ThighAlpha=-0.0428398996591568
ThighTheta=-0.342039197683334
LowerLegAlpha=-0.0142799615859985
LowerLegTheta=-0.687478423118591

[RightLeg]
ThighAlpha=0.0856798067688942
ThighTheta=0.371959179639816
LowerLegAlpha=0.0428399071097374
LowerLegTheta=0.288999378681183
