[%General]
Highest=159
CenterX=30.9577038054456
CenterY=110.154978320002
XWidth=56

[LeftLeg]
ThighAlpha=-0.00713998079299927
ThighTheta=0.312119334936142
LowerLegAlpha=-0.0999597683548927
LowerLegTheta=-0.956757783889771

[RightLeg]
ThighAlpha=0.0856798067688942
ThighTheta=0.0632398948073387
LowerLegAlpha=0.0821098163723946
LowerLegTheta=-0.0931597501039505
