[%General]
Highest=157
CenterX=32.3889883889518
CenterY=122.572377158035
XWidth=60

[LeftLeg]
ThighAlpha=-0.0785398185253143
ThighTheta=0.514758884906769
LowerLegAlpha=-0.157079637050629
LowerLegTheta=-0.634438514709473

[RightLeg]
ThighAlpha=0.13922968506813
ThighTheta=-0.206039488315582
LowerLegAlpha=0.0606898665428162
LowerLegTheta=-0.0795597806572914
