[%General]
Highest=156
CenterX=32.8063022102596
CenterY=166.477176008439
XWidth=53

[LeftLeg]
ThighAlpha=-0.13922968506813
ThighTheta=0.454919010400772
LowerLegAlpha=-0.0856797993183136
LowerLegTheta=-0.0496398508548737

[RightLeg]
ThighAlpha=0.0499798879027367
ThighTheta=-0.192439526319504
LowerLegAlpha=0.0606898665428162
LowerLegTheta=-0.81395810842514
