[%General]
Highest=156
CenterX=33.175432716157
CenterY=134.011235201845
XWidth=59

[LeftLeg]
ThighAlpha=-0.0785398185253143
ThighTheta=0.431799054145813
LowerLegAlpha=-0.121379718184471
LowerLegTheta=0.46171897649765

[RightLeg]
ThighAlpha=0.13922968506813
ThighTheta=-0.401879042387009
LowerLegAlpha=0.0999597758054733
LowerLegTheta=-0.199239507317543
