[%General]
Highest=154
CenterX=33.8073821791401
CenterY=252.37365004512
XWidth=51

[LeftLeg]
ThighAlpha=-0.0214199498295784
ThighTheta=0.0632398948073387
LowerLegAlpha=-0.13922968506813
LowerLegTheta=-0.956757783889771

[RightLeg]
ThighAlpha=0.0856798067688942
ThighTheta=0.139399722218513
LowerLegAlpha=-0.0107099711894989
LowerLegTheta=-0.00339995324611664
