[%General]
Highest=154
CenterX=33.4245141045756
CenterY=265.105552175723
XWidth=53

[LeftLeg]
ThighAlpha=-0.0999597683548927
ThighTheta=0.222359538078308
LowerLegAlpha=0.0606898665428162
LowerLegTheta=-0.0727597996592522

[RightLeg]
ThighAlpha=0.13922968506813
ThighTheta=-0.116279698908329
LowerLegAlpha=-0.0142799615859985
LowerLegTheta=-0.0265199020504951
