[%General]
Highest=159
CenterX=35.0159004584152
CenterY=183.075049115914
XWidth=55

[LeftLeg]
ThighAlpha=0.0428399071097374
ThighTheta=-0.0999597311019897
LowerLegAlpha=-0.157079637050629
LowerLegTheta=0.18291962146759

[RightLeg]
ThighAlpha=0.13922968506813
ThighTheta=-0.318919241428375
LowerLegAlpha=-0.0785398185253143
LowerLegTheta=0.212839543819427
