[%General]
Highest=157
CenterX=33.099911058405
CenterY=90.2692953849195
XWidth=50

[LeftLeg]
ThighAlpha=0.0499798879027367
ThighTheta=-0.282199323177338
LowerLegAlpha=0.00713998824357986
LowerLegTheta=-0.81395810842514

[RightLeg]
ThighAlpha=0.13922968506813
ThighTheta=0.395079135894775
LowerLegAlpha=0.046409897506237
LowerLegTheta=0.0863598436117172
