[%General]
Highest=158
CenterX=33.063480491427
CenterY=94.5255974078574
XWidth=51

[LeftLeg]
ThighAlpha=0.0678298473358154
ThighTheta=-0.169319570064545
LowerLegAlpha=0.00713998824357986
LowerLegTheta=-0.860197961330414

[RightLeg]
ThighAlpha=0.13922968506813
ThighTheta=0.342039257287979
LowerLegAlpha=0.021419957280159
LowerLegTheta=0.0265199784189463
