[%General]
Highest=158
CenterX=33.0562852800695
CenterY=98.067371363439
XWidth=53

[LeftLeg]
ThighAlpha=0.0285599380731583
ThighTheta=-0.116279698908329
LowerLegAlpha=0.0428399071097374
LowerLegTheta=-0.860197961330414

[RightLeg]
ThighAlpha=0.13922968506813
ThighTheta=0.229159519076347
LowerLegAlpha=0.0499798879027367
LowerLegTheta=0.0632398948073387
