[%General]
Highest=154
CenterX=33.0294197418593
CenterY=216.505735573318
XWidth=50

[LeftLeg]
ThighAlpha=-0.0785398185253143
ThighTheta=-0.448118954896927
LowerLegAlpha=-0.0499798804521561
LowerLegTheta=-0.295799285173416

[RightLeg]
ThighAlpha=0.0321299284696579
ThighTheta=0.484838932752609
LowerLegAlpha=-0.0142799615859985
LowerLegTheta=0.521558880805969
