[%General]
Highest=159
CenterX=32.1792865329918
CenterY=101.414934412543
XWidth=55

[LeftLeg]
ThighAlpha=0.0285599380731583
ThighTheta=0.206039562821388
LowerLegAlpha=-0.0142799615859985
LowerLegTheta=-1.09955739974976

[RightLeg]
ThighAlpha=0.121379725635052
ThighTheta=0.199239581823349
LowerLegAlpha=0.046409897506237
LowerLegTheta=0.00340002961456776
