[%General]
Highest=156
CenterX=32.6035820310312
CenterY=85.8271438973842
XWidth=49

[LeftLeg]
ThighAlpha=0.0321299284696579
ThighTheta=-0.37875908613205
LowerLegAlpha=-0.0321299210190773
LowerLegTheta=-0.710598349571228

[RightLeg]
ThighAlpha=0.13922968506813
ThighTheta=0.454919010400772
LowerLegAlpha=0.00356999784708023
LowerLegTheta=0.18291962146759
