[%General]
Highest=159
CenterX=32.7770311750064
CenterY=37.3350001674275
XWidth=50

[LeftLeg]
ThighAlpha=-0.024989940226078
ThighTheta=0.169319659471512
LowerLegAlpha=-0.157079637050629
LowerLegTheta=-0.229159444570541

[RightLeg]
ThighAlpha=0.13922968506813
ThighTheta=-0.318919241428375
LowerLegAlpha=-0.0785398185253143
LowerLegTheta=-0.0265199020504951
