[%General]
Highest=135
CenterX=32.960244648318
CenterY=314.495700182665
XWidth=41

[LeftLeg]
ThighAlpha=-0.157079637050629
ThighTheta=0.926837921142578
LowerLegAlpha=0.00356999784708023
LowerLegTheta=-0.784038186073303

[RightLeg]
ThighAlpha=-0.0214199498295784
ThighTheta=0.00340002961456776
LowerLegAlpha=0.021419957280159
LowerLegTheta=-1.03971755504608
