[%General]
Highest=157
CenterX=32.7857413172191
CenterY=157.709589208326
XWidth=55

[LeftLeg]
ThighAlpha=-0.117809727787971
ThighTheta=0.574598729610443
LowerLegAlpha=-0.103529758751392
LowerLegTheta=-0.00339995324611664

[RightLeg]
ThighAlpha=0.0999597758054733
ThighTheta=-0.282199323177338
LowerLegAlpha=0.0606898665428162
LowerLegTheta=-0.837078034877777
