[%General]
Highest=153
CenterX=33.6657225553029
CenterY=16.6231961959892
XWidth=46

[LeftLeg]
ThighAlpha=-0.0785398185253143
ThighTheta=0.282199382781982
LowerLegAlpha=-0.0678298398852348
LowerLegTheta=0.139399722218513

[RightLeg]
ThighAlpha=0.13922968506813
ThighTheta=0.229159519076347
LowerLegAlpha=0.13922968506813
LowerLegTheta=0.199239581823349
