[%General]
Highest=156
CenterX=33.5739656124194
CenterY=200.208372042924
XWidth=54

[LeftLeg]
ThighAlpha=-0.0785398185253143
ThighTheta=-0.259079366922379
LowerLegAlpha=-0.13922968506813
LowerLegTheta=-0.176119565963745

[RightLeg]
ThighAlpha=0.0249899476766586
ThighTheta=0.424999058246613
LowerLegAlpha=-0.082109808921814
LowerLegTheta=0.18291962146759
