[%General]
Highest=158
CenterX=33.437548513007
CenterY=33.4426603978621
XWidth=50

[LeftLeg]
ThighAlpha=0.0821098163723946
ThighTheta=0.252279460430145
LowerLegAlpha=-0.157079637050629
LowerLegTheta=-0.192439526319504

[RightLeg]
ThighAlpha=0.121379725635052
ThighTheta=-0.431798994541168
LowerLegAlpha=-0.0785398185253143
LowerLegTheta=-0.192439526319504
