[%General]
Highest=162
CenterX=40.1705909237097
CenterY=270.204868222828
XWidth=51

[LeftLeg]
ThighAlpha=-0.0606898590922356
ThighTheta=0.607692003250122
LowerLegAlpha=-0.0285599306225777
LowerLegTheta=0.322092622518539

[RightLeg]
ThighAlpha=0.0678298473358154
ThighTheta=-0.391905754804611
LowerLegAlpha=0.0249899476766586
LowerLegTheta=-0.747318267822266
