[%General]
Highest=170
CenterX=44.3110805609018
CenterY=97.7863211437998
XWidth=57

[LeftLeg]
ThighAlpha=-0.0981747731566429
ThighTheta=0.549778699874878
LowerLegAlpha=0.0589048638939857
LowerLegTheta=0.510508835315704

[RightLeg]
ThighAlpha=0.0589048638939857
ThighTheta=-0.510508835315704
LowerLegAlpha=0
LowerLegTheta=-0.314159274101257
