[%General]
Highest=166
CenterX=40.8273340312846
CenterY=261.020969331198
XWidth=52

[LeftLeg]
ThighAlpha=-0.0785398185253143
ThighTheta=0.589048624038696
LowerLegAlpha=0.0392699092626572
LowerLegTheta=0.510508835315704

[RightLeg]
ThighAlpha=0.0392699092626572
ThighTheta=-0.510508835315704
LowerLegAlpha=0.0589048638939857
LowerLegTheta=-0.235619455575943
