[%General]
Highest=175
CenterX=41.0911150782752
CenterY=156.479978028014
XWidth=62

[LeftLeg]
ThighAlpha=-0.0999597683548927
ThighTheta=-0.0364932343363762
LowerLegAlpha=-0.0678298398852348
LowerLegTheta=-0.249106079339981

[RightLeg]
ThighAlpha=0.0321299284696579
ThighTheta=0.534705460071564
LowerLegAlpha=-0.0107099711894989
LowerLegTheta=-0.255452752113342
