[%General]
Highest=169
CenterX=42.058492221779
CenterY=206.038627842042
XWidth=57

[LeftLeg]
ThighAlpha=-0.0999597683548927
ThighTheta=-0.109479740262032
LowerLegAlpha=0.0428399071097374
LowerLegTheta=-0.959931075572968

[RightLeg]
ThighAlpha=0.13922968506813
ThighTheta=0.249106109142303
LowerLegAlpha=-0.0606898590922356
LowerLegTheta=0.391905784606934
