[%General]
Highest=169
CenterX=41.5635905015906
CenterY=201.473554834356
XWidth=58

[LeftLeg]
ThighAlpha=-0.117809727787971
ThighTheta=-0.282199323177338
LowerLegAlpha=0.021419957280159
LowerLegTheta=-0.747318267822266

[RightLeg]
ThighAlpha=0.121379725635052
ThighTheta=0.424999058246613
LowerLegAlpha=-0.0678298398852348
LowerLegTheta=0.222359538078308
