[%General]
Highest=172
CenterX=40.0767531750414
CenterY=134.436421300033
XWidth=58

[LeftLeg]
ThighAlpha=-0.117809727787971
ThighTheta=0.342039257287979
LowerLegAlpha=-0.0678298398852348
LowerLegTheta=-0.0496398508548737

[RightLeg]
ThighAlpha=0.0642598569393158
ThighTheta=0.235959500074387
LowerLegAlpha=-0.117809727787971
LowerLegTheta=-1.06963741779327
