[%General]
Highest=169
CenterX=40.5027122887544
CenterY=191.976841226789
XWidth=61

[LeftLeg]
ThighAlpha=-0.121379718184471
ThighTheta=-0.464892268180847
LowerLegAlpha=0.00356999784708023
LowerLegTheta=-0.537878751754761

[RightLeg]
ThighAlpha=0.0142799690365791
ThighTheta=0.534705460071564
LowerLegAlpha=0.0606898665428162
LowerLegTheta=0.322092622518539
