[%General]
Highest=168
CenterX=41.0303802216006
CenterY=197.076981981278
XWidth=61

[LeftLeg]
ThighAlpha=-0.13922968506813
ThighTheta=-0.391905754804611
LowerLegAlpha=0.0428399071097374
LowerLegTheta=-0.677505135536194

[RightLeg]
ThighAlpha=0.0321299284696579
ThighTheta=0.46489229798317
LowerLegAlpha=0.00356999784708023
LowerLegTheta=0.252279460430145
