[%General]
Highest=171
CenterX=45.05547316966
CenterY=93.5227385071676
XWidth=57

[LeftLeg]
ThighAlpha=-0.024989940226078
ThighTheta=0.60451865196228
LowerLegAlpha=0.0249899476766586
LowerLegTheta=0.325265944004059

[RightLeg]
ThighAlpha=0.0321299284696579
ThighTheta=-0.464892268180847
LowerLegAlpha=0.00356999784708023
LowerLegTheta=-0.249106079339981
