[%General]
Highest=169
CenterX=44.0964469370951
CenterY=18.0389640654373
XWidth=49

[LeftLeg]
ThighAlpha=0.0499798879027367
ThighTheta=-0.391905754804611
LowerLegAlpha=-0.0856797993183136
LowerLegTheta=-0.0364932343363762

[RightLeg]
ThighAlpha=-0.0285599306225777
ThighTheta=0.391905784606934
LowerLegAlpha=-0.0107099711894989
LowerLegTheta=0.391905784606934
