[%General]
Highest=169
CenterX=41.8429153956297
CenterY=246.954553943846
XWidth=56

[LeftLeg]
ThighAlpha=-0.0606898590922356
ThighTheta=0.627638638019562
LowerLegAlpha=0.0606898665428162
LowerLegTheta=0.229159519076347

[RightLeg]
ThighAlpha=0.0142799690365791
ThighTheta=-0.342039197683334
LowerLegAlpha=0.0606898665428162
LowerLegTheta=-0.139399647712708
