[%General]
Highest=174
CenterX=46.4147503726693
CenterY=81.0226411866768
XWidth=57

[LeftLeg]
ThighAlpha=0.0392699092626572
ThighTheta=0.549778699874878
LowerLegAlpha=0.0392699092626572
LowerLegTheta=-0.235619455575943

[RightLeg]
ThighAlpha=0.0589048638939857
ThighTheta=-0.314159274101257
LowerLegAlpha=0
LowerLegTheta=-0.157079637050629
