[%General]
Highest=169
CenterX=43.0830348004094
CenterY=107.653133174116
XWidth=58

[LeftLeg]
ThighAlpha=-0.117809727787971
ThighTheta=0.574598729610443
LowerLegAlpha=-0.0142799615859985
LowerLegTheta=0.312119334936142

[RightLeg]
ThighAlpha=0.0856798067688942
ThighTheta=-0.544678747653961
LowerLegAlpha=0.046409897506237
LowerLegTheta=-0.454918920993805
