[%General]
Highest=171
CenterX=45.05547316966
CenterY=93.5227385071676
XWidth=57

[LeftLeg]
ThighAlpha=-0.0785398185253143
ThighTheta=0.589048624038696
LowerLegAlpha=0.0981747731566429
LowerLegTheta=0.353429168462753

[RightLeg]
ThighAlpha=0.0196349546313286
ThighTheta=-0.471238911151886
LowerLegAlpha=0.0392699092626572
LowerLegTheta=-0.235619455575943
