[%General]
Highest=173
CenterX=47.0483635630316
CenterY=71.1142955432449
XWidth=56

[LeftLeg]
ThighAlpha=0.0642598569393158
ThighTheta=0.46489229798317
LowerLegAlpha=0.0249899476766586
LowerLegTheta=-0.604518592357635

[RightLeg]
ThighAlpha=0.0856798067688942
ThighTheta=-0.106306403875351
LowerLegAlpha=0.0285599380731583
LowerLegTheta=-0.0396665707230568
