[%General]
Highest=168
CenterX=45.0986088379705
CenterY=29.4807419530824
XWidth=50

[LeftLeg]
ThighAlpha=0.0196349546313286
ThighTheta=-0.628318548202515
LowerLegAlpha=-0.0392699092626572
LowerLegTheta=-0.0785398185253143

[RightLeg]
ThighAlpha=0
ThighTheta=0.549778699874878
LowerLegAlpha=0.0589048638939857
LowerLegTheta=0.157079637050629
