[%General]
Highest=173
CenterX=45.9165123864939
CenterY=85.5253334340877
XWidth=57

[LeftLeg]
ThighAlpha=-0.00356999039649963
ThighTheta=0.59771865606308
LowerLegAlpha=0.0428399071097374
LowerLegTheta=-0.0197199191898108

[RightLeg]
ThighAlpha=0.0499798879027367
ThighTheta=-0.371959120035172
LowerLegAlpha=-0.00713998079299927
LowerLegTheta=-0.199239507317543
