[%General]
Highest=169
CenterX=46.1835254006137
CenterY=46.4536106375725
XWidth=52

[LeftLeg]
ThighAlpha=0.0499798879027367
ThighTheta=-0.249106079339981
LowerLegAlpha=0.0249899476766586
LowerLegTheta=-0.959931075572968

[RightLeg]
ThighAlpha=0.0499798879027367
ThighTheta=0.46489229798317
LowerLegAlpha=0.046409897506237
LowerLegTheta=-0.109479740262032
