[%General]
Highest=175
CenterX=40.6422636580893
CenterY=142.739245817818
XWidth=60

[LeftLeg]
ThighAlpha=-0.0999597683548927
ThighTheta=0.179292947053909
LowerLegAlpha=-0.103529758751392
LowerLegTheta=-0.106306403875351

[RightLeg]
ThighAlpha=0.13922968506813
ThighTheta=0.249106109142303
LowerLegAlpha=-0.0999597683548927
LowerLegTheta=-0.468065589666367
