[%General]
Highest=169
CenterX=44.489192112242
CenterY=21.1296798376224
XWidth=50

[LeftLeg]
ThighAlpha=0.0856798067688942
ThighTheta=-0.464892268180847
LowerLegAlpha=-0.13922968506813
LowerLegTheta=-0.0333198979496956

[RightLeg]
ThighAlpha=-0.0606898590922356
ThighTheta=0.46489229798317
LowerLegAlpha=0.00713998824357986
LowerLegTheta=0.388732463121414
