[%General]
Highest=170
CenterX=42.3714091284694
CenterY=241.745961535346
XWidth=57

[LeftLeg]
ThighAlpha=0.0142799690365791
ThighTheta=0.677505135536194
LowerLegAlpha=0.00356999784708023
LowerLegTheta=-0.0364932343363762

[RightLeg]
ThighAlpha=0.0678298473358154
ThighTheta=-0.249106079339981
LowerLegAlpha=0.0428399071097374
LowerLegTheta=-0.106306403875351
