[%General]
Highest=169
CenterX=42.2022521205031
CenterY=116.488212927757
XWidth=60

[LeftLeg]
ThighAlpha=-0.13922968506813
ThighTheta=0.607692003250122
LowerLegAlpha=-0.0107099711894989
LowerLegTheta=0.106306441128254

[RightLeg]
ThighAlpha=0.0678298473358154
ThighTheta=-0.322092592716217
LowerLegAlpha=0.0249899476766586
LowerLegTheta=-0.747318267822266
