[%General]
Highest=171
CenterX=45.05547316966
CenterY=93.5227385071676
XWidth=57

[LeftLeg]
ThighAlpha=-0.00713998079299927
ThighTheta=0.574598729610443
LowerLegAlpha=0.00713998824357986
LowerLegTheta=0.365159213542938

[RightLeg]
ThighAlpha=0.0321299284696579
ThighTheta=-0.484838873147964
LowerLegAlpha=0.00356999784708023
LowerLegTheta=-0.199239507317543
