[%General]
Highest=164
CenterX=40.4210870362399
CenterY=265.789671720795
XWidth=52

[LeftLeg]
ThighAlpha=-0.0785398185253143
ThighTheta=0.607692003250122
LowerLegAlpha=0.021419957280159
LowerLegTheta=0.391905784606934

[RightLeg]
ThighAlpha=0.0678298473358154
ThighTheta=-0.464892268180847
LowerLegAlpha=0.046409897506237
LowerLegTheta=-0.461718916893005
