[%General]
Highest=170
CenterX=44.0779691315659
CenterY=15.8207587825004
XWidth=49

[LeftLeg]
ThighAlpha=0.0856798067688942
ThighTheta=-0.391905754804611
LowerLegAlpha=-0.13922968506813
LowerLegTheta=0.0333199352025986

[RightLeg]
ThighAlpha=0.0321299284696579
ThighTheta=0.322092622518539
LowerLegAlpha=-0.117809727787971
LowerLegTheta=0.179292947053909
