[%General]
Highest=173
CenterX=45.9165123864939
CenterY=85.5253334340877
XWidth=57

[LeftLeg]
ThighAlpha=-0.00356999039649963
ThighTheta=0.607692003250122
LowerLegAlpha=0.00713998824357986
LowerLegTheta=-0.0396665707230568

[RightLeg]
ThighAlpha=0.0499798879027367
ThighTheta=-0.391905754804611
LowerLegAlpha=-0.00713998079299927
LowerLegTheta=-0.109479740262032
