[%General]
Highest=171
CenterX=43.2991167838751
CenterY=219.312337338723
XWidth=54

[LeftLeg]
ThighAlpha=-0.0214199498295784
ThighTheta=0.458545625209808
LowerLegAlpha=-0.0142799615859985
LowerLegTheta=-0.956757783889771

[RightLeg]
ThighAlpha=0.13922968506813
ThighTheta=0.322092622518539
LowerLegAlpha=0.0142799690365791
LowerLegTheta=-0.2522794008255
