[%General]
Highest=170
CenterX=41.1707599965204
CenterY=126.334720329399
XWidth=61

[LeftLeg]
ThighAlpha=-0.13922968506813
ThighTheta=0.534705460071564
LowerLegAlpha=-0.0678298398852348
LowerLegTheta=-0.0396665707230568

[RightLeg]
ThighAlpha=0.046409897506237
ThighTheta=-0.109479740262032
LowerLegAlpha=0.00356999784708023
LowerLegTheta=-1.02974426746368
