[%General]
Highest=153
CenterX=36.4890717455621
CenterY=295.084485946746
XWidth=48

[LeftLeg]
ThighAlpha=-0.117809727787971
ThighTheta=0.31891930103302
LowerLegAlpha=0.00356999784708023
LowerLegTheta=-0.0364932343363762

[RightLeg]
ThighAlpha=0.13922968506813
ThighTheta=0.46489229798317
LowerLegAlpha=0.13922968506813
LowerLegTheta=-0.109479740262032
