[%General]
Highest=175
CenterX=41.0997045189623
CenterY=151.791780747648
XWidth=62

[LeftLeg]
ThighAlpha=-0.0606898590922356
ThighTheta=0.106306441128254
LowerLegAlpha=-0.13922968506813
LowerLegTheta=-0.249106079339981

[RightLeg]
ThighAlpha=0.103529766201973
ThighTheta=0.322092622518539
LowerLegAlpha=-0.024989940226078
LowerLegTheta=-0.2522794008255
