[%General]
Highest=175
CenterX=40.6422636580893
CenterY=142.739245817818
XWidth=60

[LeftLeg]
ThighAlpha=-0.0981747731566429
ThighTheta=0.196349546313286
LowerLegAlpha=-0.0981747731566429
LowerLegTheta=-0.157079637050629

[RightLeg]
ThighAlpha=0.0981747731566429
ThighTheta=0.235619455575943
LowerLegAlpha=0.0981747731566429
LowerLegTheta=-0.274889349937439
