[%General]
Highest=172
CenterX=40.9955382270974
CenterY=170.951030326327
XWidth=63

[LeftLeg]
ThighAlpha=-0.0606898590922356
ThighTheta=-0.464892268180847
LowerLegAlpha=-0.0321299210190773
LowerLegTheta=-0.0333198979496956

[RightLeg]
ThighAlpha=-0.00356999039649963
ThighTheta=0.46489229798317
LowerLegAlpha=-0.0428398996591568
LowerLegTheta=0.531532108783722
