[%General]
Highest=169
CenterX=44.732483804371
CenterY=25.0612230369474
XWidth=51

[LeftLeg]
ThighAlpha=-0.00713998079299927
ThighTheta=-0.567798674106598
LowerLegAlpha=-0.0678298398852348
LowerLegTheta=-0.0333198830485344

[RightLeg]
ThighAlpha=-0.00713998079299927
ThighTheta=0.514758884906769
LowerLegAlpha=0.00356999784708023
LowerLegTheta=0.312119334936142
