[%General]
Highest=175
CenterX=41.0997045189623
CenterY=151.791780747648
XWidth=62

[LeftLeg]
ThighAlpha=-0.0981747731566429
ThighTheta=0.0785398185253143
LowerLegAlpha=-0.0981747731566429
LowerLegTheta=-0.274889349937439

[RightLeg]
ThighAlpha=0.0981747731566429
ThighTheta=0.314159274101257
LowerLegAlpha=0.0392699092626572
LowerLegTheta=-0.196349546313286
