[%General]
Highest=172
CenterX=47.1506897771489
CenterY=57.9686662026313
XWidth=56

[LeftLeg]
ThighAlpha=0.0285599380731583
ThighTheta=0.106306441128254
LowerLegAlpha=0.00713998824357986
LowerLegTheta=-1.09955739974976

[RightLeg]
ThighAlpha=0.13922968506813
ThighTheta=0.176119610667229
LowerLegAlpha=-0.00713998079299927
LowerLegTheta=-0.106306403875351
