[%General]
Highest=172
CenterX=45.6259317939794
CenterY=89.6231656320615
XWidth=57

[LeftLeg]
ThighAlpha=-0.0214199498295784
ThighTheta=0.607692003250122
LowerLegAlpha=0.0249899476766586
LowerLegTheta=0.112653113901615

[RightLeg]
ThighAlpha=0.0499798879027367
ThighTheta=-0.461718916893005
LowerLegAlpha=-0.0107099711894989
LowerLegTheta=-0.182466238737106
