[%General]
Highest=170
CenterX=40.7759597918573
CenterY=174.364331662547
XWidth=62

[LeftLeg]
ThighAlpha=-0.0606898590922356
ThighTheta=-0.461718916893005
LowerLegAlpha=-0.0142799615859985
LowerLegTheta=-0.182466238737106

[RightLeg]
ThighAlpha=-0.00713998079299927
ThighTheta=0.46489229798317
LowerLegAlpha=-0.00713998079299927
LowerLegTheta=0.674331784248352
