[%General]
Highest=169
CenterX=43.4678202486781
CenterY=103.103635080035
XWidth=58

[LeftLeg]
ThighAlpha=-0.117809727787971
ThighTheta=0.59771865606308
LowerLegAlpha=0.00356999784708023
LowerLegTheta=0.378759175539017

[RightLeg]
ThighAlpha=0.0678298473358154
ThighTheta=-0.544678747653961
LowerLegAlpha=0.00356999784708023
LowerLegTheta=-0.365159124135971
