[%General]
Highest=174
CenterX=41.1601639959269
CenterY=161.468527252264
XWidth=63

[LeftLeg]
ThighAlpha=-0.0999597683548927
ThighTheta=-0.199239507317543
LowerLegAlpha=-0.0678298398852348
LowerLegTheta=-0.192439526319504

[RightLeg]
ThighAlpha=0.046409897506237
ThighTheta=0.454919010400772
LowerLegAlpha=-0.0642598494887352
LowerLegTheta=0.070039875805378
