[%General]
Highest=170
CenterX=41.9135841137595
CenterY=210.387274094027
XWidth=55

[LeftLeg]
ThighAlpha=0.0196349546313286
ThighTheta=0
LowerLegAlpha=-0.0196349546313286
LowerLegTheta=-0.785398185253143

[RightLeg]
ThighAlpha=0.0981747731566429
ThighTheta=0.628318548202515
LowerLegAlpha=0.0196349546313286
LowerLegTheta=-0.392699092626572
