[%General]
Highest=169
CenterX=44.732483804371
CenterY=25.0612230369474
XWidth=51

[LeftLeg]
ThighAlpha=0.046409897506237
ThighTheta=-0.537878751754761
LowerLegAlpha=-0.13922968506813
LowerLegTheta=-0.10313306748867

[RightLeg]
ThighAlpha=0.0107099786400795
ThighTheta=0.534705460071564
LowerLegAlpha=-0.0678298398852348
LowerLegTheta=0.322092622518539
