[%General]
Highest=171
CenterX=43.2991167838751
CenterY=219.312337338723
XWidth=54

[LeftLeg]
ThighAlpha=-0.0214199498295784
ThighTheta=0.438599050045013
LowerLegAlpha=-0.0142799615859985
LowerLegTheta=-0.956757783889771

[RightLeg]
ThighAlpha=0.13922968506813
ThighTheta=0.312119334936142
LowerLegAlpha=-0.00356999039649963
LowerLegTheta=-0.192439526319504
