[%General]
Highest=175
CenterX=40.306523948242
CenterY=138.513691484317
XWidth=60

[LeftLeg]
ThighAlpha=-0.0999597683548927
ThighTheta=0.249106109142303
LowerLegAlpha=-0.13922968506813
LowerLegTheta=-0.106306403875351

[RightLeg]
ThighAlpha=0.121379725635052
ThighTheta=0.315745949745178
LowerLegAlpha=-0.103529758751392
LowerLegTheta=-0.956757783889771
