[%General]
Highest=169
CenterX=40.1232909672488
CenterY=187.392292014606
XWidth=62

[LeftLeg]
ThighAlpha=-0.117809727787971
ThighTheta=-0.484838873147964
LowerLegAlpha=0.00356999784708023
LowerLegTheta=-0.418199002742767

[RightLeg]
ThighAlpha=-0.00356999039649963
ThighTheta=0.574598729610443
LowerLegAlpha=0.021419957280159
LowerLegTheta=0.282199382781982
