[%General]
Highest=170
CenterX=42.3143778570055
CenterY=214.937378877761
XWidth=54

[LeftLeg]
ThighAlpha=-0.0981747731566429
ThighTheta=0.549778699874878
LowerLegAlpha=-0.0785398185253143
LowerLegTheta=-0.392699092626572

[RightLeg]
ThighAlpha=0.0981747731566429
ThighTheta=0.549778699874878
LowerLegAlpha=0.0392699092626572
LowerLegTheta=-0.392699092626572
