[%General]
Highest=169
CenterX=42.6069601263896
CenterY=112.190396127143
XWidth=59

[LeftLeg]
ThighAlpha=-0.0999597683548927
ThighTheta=0.607692003250122
LowerLegAlpha=-0.082109808921814
LowerLegTheta=0.176119610667229

[RightLeg]
ThighAlpha=0.0321299284696579
ThighTheta=-0.464892268180847
LowerLegAlpha=0.0999597758054733
LowerLegTheta=-0.604518592357635
