[%General]
Highest=166
CenterX=40.8273340312846
CenterY=261.020969331198
XWidth=52

[LeftLeg]
ThighAlpha=-0.0214199498295784
ThighTheta=0.607692003250122
LowerLegAlpha=-0.0285599306225777
LowerLegTheta=0.46171897649765

[RightLeg]
ThighAlpha=0.0499798879027367
ThighTheta=-0.534705400466919
LowerLegAlpha=0.0285599380731583
LowerLegTheta=-0.182466238737106
