[%General]
Highest=172
CenterX=43.4804574268149
CenterY=232.556684611219
XWidth=57

[LeftLeg]
ThighAlpha=0.0499798879027367
ThighTheta=0.46489229798317
LowerLegAlpha=-0.121379718184471
LowerLegTheta=-0.398252427577972

[RightLeg]
ThighAlpha=0.13922968506813
ThighTheta=0.0333199352025986
LowerLegAlpha=-0.00713998079299927
LowerLegTheta=-0.2459327429533
