[%General]
Highest=174
CenterX=41.1601639959269
CenterY=161.468527252264
XWidth=63

[LeftLeg]
ThighAlpha=-0.0999597683548927
ThighTheta=-0.249106079339981
LowerLegAlpha=-0.0678298398852348
LowerLegTheta=-0.112653076648712

[RightLeg]
ThighAlpha=0.046409897506237
ThighTheta=0.46489229798317
LowerLegAlpha=-0.0464098900556564
LowerLegTheta=0.030146598815918
