[%General]
Highest=172
CenterX=45.6259317939794
CenterY=89.6231656320615
XWidth=57

[LeftLeg]
ThighAlpha=-0.0392699092626572
ThighTheta=0.589048624038696
LowerLegAlpha=0.0981747731566429
LowerLegTheta=0.196349546313286

[RightLeg]
ThighAlpha=0.0392699092626572
ThighTheta=-0.431968986988068
LowerLegAlpha=0
LowerLegTheta=-0.235619455575943
