[%General]
Highest=157
CenterX=38.4386322073082
CenterY=285.997274076119
XWidth=49

[LeftLeg]
ThighAlpha=-0.0999597683548927
ThighTheta=0.534705460071564
LowerLegAlpha=0.00713998824357986
LowerLegTheta=0.0333199352025986

[RightLeg]
ThighAlpha=0.13922968506813
ThighTheta=0.537878811359406
LowerLegAlpha=0.13922968506813
LowerLegTheta=0.103133104741573
