[%General]
Highest=153
CenterX=36.4890717455621
CenterY=295.084485946746
XWidth=48

[LeftLeg]
ThighAlpha=-0.0981747731566429
ThighTheta=0.274889349937439
LowerLegAlpha=-0.0196349546313286
LowerLegTheta=0

[RightLeg]
ThighAlpha=0.0981747731566429
ThighTheta=0.510508835315704
LowerLegAlpha=0.0981747731566429
LowerLegTheta=-0.157079637050629
