[%General]
Highest=164
CenterX=40.4210870362399
CenterY=265.789671720795
XWidth=52

[LeftLeg]
ThighAlpha=-0.117809727787971
ThighTheta=0.59771865606308
LowerLegAlpha=0.0428399071097374
LowerLegTheta=0.438599050045013

[RightLeg]
ThighAlpha=0.103529766201973
ThighTheta=-0.484838873147964
LowerLegAlpha=-0.00713998079299927
LowerLegTheta=-0.431798994541168
