[%General]
Highest=173
CenterX=46.8263810976978
CenterY=66.5928286137414
XWidth=57

[LeftLeg]
ThighAlpha=-0.0999597683548927
ThighTheta=0.18246628344059
LowerLegAlpha=0.021419957280159
LowerLegTheta=-0.537878751754761

[RightLeg]
ThighAlpha=0.13922968506813
ThighTheta=-0.0333198979496956
LowerLegAlpha=0.046409897506237
LowerLegTheta=-0.106306403875351
