[%General]
Highest=153
CenterX=36.0606013061641
CenterY=299.05467846006
XWidth=46

[LeftLeg]
ThighAlpha=-0.117809727787971
ThighTheta=0.206039562821388
LowerLegAlpha=-0.0285599306225777
LowerLegTheta=-0.0632398128509521

[RightLeg]
ThighAlpha=0.13922968506813
ThighTheta=0.305319339036942
LowerLegAlpha=0.13922968506813
LowerLegTheta=-0.162519589066505
