[%General]
Highest=172
CenterX=43.9982704946385
CenterY=13.6019996376274
XWidth=49

[LeftLeg]
ThighAlpha=0.046409897506237
ThighTheta=-0.342039197683334
LowerLegAlpha=-0.0856797993183136
LowerLegTheta=0.0265199784189463

[RightLeg]
ThighAlpha=0.0321299284696579
ThighTheta=0.229159519076347
LowerLegAlpha=-0.0999597683548927
LowerLegTheta=0.0564399100840092
