[%General]
Highest=172
CenterX=43.0865925068371
CenterY=236.861512390732
XWidth=56

[LeftLeg]
ThighAlpha=0.0678298473358154
ThighTheta=0.537878811359406
LowerLegAlpha=0.00356999784708023
LowerLegTheta=-0.139399647712708

[RightLeg]
ThighAlpha=0.0499798879027367
ThighTheta=-0.116279698908329
LowerLegAlpha=0.0999597758054733
LowerLegTheta=-0.139399647712708
