[%General]
Highest=170
CenterX=41.4837237869615
CenterY=121.434807405458
XWidth=61

[LeftLeg]
ThighAlpha=-0.13922968506813
ThighTheta=0.537878811359406
LowerLegAlpha=-0.0499798804521561
LowerLegTheta=0.030146598815918

[RightLeg]
ThighAlpha=0.0856798067688942
ThighTheta=-0.249106079339981
LowerLegAlpha=0.00356999784708023
LowerLegTheta=-0.890117883682251
