[%General]
Highest=161
CenterX=39.4297559125698
CenterY=275.142005102393
XWidth=50

[LeftLeg]
ThighAlpha=-0.0999597683548927
ThighTheta=0.607692003250122
LowerLegAlpha=-0.0142799615859985
LowerLegTheta=0.245932787656784

[RightLeg]
ThighAlpha=0.13922968506813
ThighTheta=-0.461718916893005
LowerLegAlpha=-0.0428398996591568
LowerLegTheta=-0.607691943645477
