[%General]
Highest=164
CenterX=40.4210870362399
CenterY=265.789671720795
XWidth=52

[LeftLeg]
ThighAlpha=-0.0981747731566429
ThighTheta=0.589048624038696
LowerLegAlpha=0.0392699092626572
LowerLegTheta=0.431968986988068

[RightLeg]
ThighAlpha=0.0392699092626572
ThighTheta=-0.431968986988068
LowerLegAlpha=0.0785398185253143
LowerLegTheta=-0.549778699874878
