[%General]
Highest=158
CenterX=38.8404915356191
CenterY=280.39680329982
XWidth=50

[LeftLeg]
ThighAlpha=-0.117809727787971
ThighTheta=0.60451865196228
LowerLegAlpha=0.021419957280159
LowerLegTheta=0.109479777514935

[RightLeg]
ThighAlpha=0.0107099786400795
ThighTheta=-0.249106079339981
LowerLegAlpha=0.0606898665428162
LowerLegTheta=-0.890117883682251
