[%General]
Highest=153
CenterX=36.4890717455621
CenterY=295.084485946746
XWidth=48

[LeftLeg]
ThighAlpha=-0.157079637050629
ThighTheta=0.342039257287979
LowerLegAlpha=0.021419957280159
LowerLegTheta=-0.0795597806572914

[RightLeg]
ThighAlpha=0.13922968506813
ThighTheta=0.478038966655731
LowerLegAlpha=0.13922968506813
LowerLegTheta=-0.139399647712708
