[%General]
Highest=168
CenterX=45.0986088379705
CenterY=29.4807419530824
XWidth=50

[LeftLeg]
ThighAlpha=0.0856798067688942
ThighTheta=-0.607691943645477
LowerLegAlpha=-0.13922968506813
LowerLegTheta=-0.106306403875351

[RightLeg]
ThighAlpha=0.0107099786400795
ThighTheta=0.46489229798317
LowerLegAlpha=0.0107099786400795
LowerLegTheta=0.31891930103302
