[%General]
Highest=169
CenterX=40.4961936497616
CenterY=178.652254009536
XWidth=61

[LeftLeg]
ThighAlpha=-0.0642598494887352
ThighTheta=-0.464892268180847
LowerLegAlpha=0.00356999784708023
LowerLegTheta=-0.24275940656662

[RightLeg]
ThighAlpha=0.0142799690365791
ThighTheta=0.534705460071564
LowerLegAlpha=-0.0464098900556564
LowerLegTheta=0.534705460071564
