[%General]
Highest=172
CenterX=45.6259317939794
CenterY=89.6231656320615
XWidth=57

[LeftLeg]
ThighAlpha=-0.0392699092626572
ThighTheta=0.59771865606308
LowerLegAlpha=0.0606898665428162
LowerLegTheta=0.162519663572311

[RightLeg]
ThighAlpha=0.0499798879027367
ThighTheta=-0.431798994541168
LowerLegAlpha=-0.0107099711894989
LowerLegTheta=-0.222359463572502
