[%General]
Highest=169
CenterX=40.5027122887544
CenterY=191.976841226789
XWidth=61

[LeftLeg]
ThighAlpha=-0.0981747731566429
ThighTheta=-0.471238911151886
LowerLegAlpha=-0.0196349546313286
LowerLegTheta=-0.510508835315704

[RightLeg]
ThighAlpha=-0.0392699092626572
ThighTheta=0.510508835315704
LowerLegAlpha=0.0981747731566429
LowerLegTheta=0.274889349937439
