[%General]
Highest=172
CenterX=43.9982704946385
CenterY=13.6019996376274
XWidth=49

[LeftLeg]
ThighAlpha=0.0589048638939857
ThighTheta=-0.314159274101257
LowerLegAlpha=-0.0981747731566429
LowerLegTheta=0

[RightLeg]
ThighAlpha=0.0196349546313286
ThighTheta=0.196349546313286
LowerLegAlpha=-0.0981747731566429
LowerLegTheta=0.117809727787971
