[%General]
Highest=174
CenterX=46.4147503726693
CenterY=81.0226411866768
XWidth=57

[LeftLeg]
ThighAlpha=0.0499798879027367
ThighTheta=0.537878811359406
LowerLegAlpha=0.021419957280159
LowerLegTheta=-0.229159444570541

[RightLeg]
ThighAlpha=0.0678298473358154
ThighTheta=-0.288999319076538
LowerLegAlpha=-0.0142799615859985
LowerLegTheta=-0.162519589066505
