[%General]
Highest=169
CenterX=40.1232909672488
CenterY=187.392292014606
XWidth=62

[LeftLeg]
ThighAlpha=-0.0999597683548927
ThighTheta=-0.534705400466919
LowerLegAlpha=-0.0499798804521561
LowerLegTheta=-0.398252427577972

[RightLeg]
ThighAlpha=-0.00356999039649963
ThighTheta=0.534705460071564
LowerLegAlpha=0.00356999784708023
LowerLegTheta=0.252279460430145
