[%General]
Highest=169
CenterX=41.8429153956297
CenterY=246.954553943846
XWidth=56

[LeftLeg]
ThighAlpha=-0.0589048638939857
ThighTheta=0.589048624038696
LowerLegAlpha=0.0785398185253143
LowerLegTheta=0.274889349937439

[RightLeg]
ThighAlpha=0.0392699092626572
ThighTheta=-0.353429168462753
LowerLegAlpha=0.0785398185253143
LowerLegTheta=-0.196349546313286
