[%General]
Highest=173
CenterX=41.0191208276508
CenterY=166.287294568197
XWidth=63

[LeftLeg]
ThighAlpha=-0.082109808921814
ThighTheta=-0.318919241428375
LowerLegAlpha=-0.0321299210190773
LowerLegTheta=-0.255452752113342

[RightLeg]
ThighAlpha=0.0285599380731583
ThighTheta=0.46171897649765
LowerLegAlpha=-0.0464098900556564
LowerLegTheta=0.388732463121414
