[%General]
Highest=172
CenterX=43.9982704946385
CenterY=13.6019996376274
XWidth=49

[LeftLeg]
ThighAlpha=0.0642598569393158
ThighTheta=-0.322092592716217
LowerLegAlpha=-0.103529758751392
LowerLegTheta=0.0364932715892792

[RightLeg]
ThighAlpha=0.0321299284696579
ThighTheta=0.179292947053909
LowerLegAlpha=-0.0999597683548927
LowerLegTheta=0.176119610667229
