[%General]
Highest=169
CenterX=43.0830348004094
CenterY=107.653133174116
XWidth=58

[LeftLeg]
ThighAlpha=-0.0785398185253143
ThighTheta=0.549778699874878
LowerLegAlpha=-0.0392699092626572
LowerLegTheta=0.314159274101257

[RightLeg]
ThighAlpha=0.0785398185253143
ThighTheta=-0.549778699874878
LowerLegAlpha=0.0589048638939857
LowerLegTheta=-0.471238911151886
