[%General]
Highest=172
CenterX=43.9982704946385
CenterY=13.6019996376274
XWidth=49

[LeftLeg]
ThighAlpha=0.0589048638939857
ThighTheta=-0.314159274101257
LowerLegAlpha=-0.0981747731566429
LowerLegTheta=0

[RightLeg]
ThighAlpha=0.0392699092626572
ThighTheta=0.235619455575943
LowerLegAlpha=-0.0981747731566429
LowerLegTheta=0.0785398185253143
