[%General]
Highest=172
CenterX=40.0767531750414
CenterY=134.436421300033
XWidth=58

[LeftLeg]
ThighAlpha=-0.0999597683548927
ThighTheta=0.391905784606934
LowerLegAlpha=-0.121379718184471
LowerLegTheta=-0.179292917251587

[RightLeg]
ThighAlpha=0.0499798879027367
ThighTheta=0.245932787656784
LowerLegAlpha=-0.121379718184471
LowerLegTheta=-1.09955739974976
