[%General]
Highest=169
CenterX=45.4491671293726
CenterY=42.3879372570794
XWidth=52

[LeftLeg]
ThighAlpha=0.046409897506237
ThighTheta=-0.322092592716217
LowerLegAlpha=0.0249899476766586
LowerLegTheta=-0.817131459712982

[RightLeg]
ThighAlpha=0.0499798879027367
ThighTheta=0.534705460071564
LowerLegAlpha=0.0249899476766586
LowerLegTheta=-0.109479740262032
