[%General]
Highest=168
CenterX=45.0997024421682
CenterY=33.90985506054
XWidth=51

[LeftLeg]
ThighAlpha=0.0142799690365791
ThighTheta=-0.604518592357635
LowerLegAlpha=-0.0499798804521561
LowerLegTheta=-0.2522794008255

[RightLeg]
ThighAlpha=0.0499798879027367
ThighTheta=0.46171897649765
LowerLegAlpha=0.046409897506237
LowerLegTheta=0.179292947053909
