[%General]
Highest=169
CenterX=40.4156984285188
CenterY=183.528855999891
XWidth=62

[LeftLeg]
ThighAlpha=-0.082109808921814
ThighTheta=-0.461718916893005
LowerLegAlpha=-0.0107099711894989
LowerLegTheta=-0.398252427577972

[RightLeg]
ThighAlpha=0.0142799690365791
ThighTheta=0.534705460071564
LowerLegAlpha=-0.0107099711894989
LowerLegTheta=0.391905784606934
