[%General]
Highest=172
CenterX=43.2290143612564
CenterY=228.406016123906
XWidth=57

[LeftLeg]
ThighAlpha=-0.0392699092626572
ThighTheta=0.471238911151886
LowerLegAlpha=0.0981747731566429
LowerLegTheta=-0.706858336925507

[RightLeg]
ThighAlpha=0.0785398185253143
ThighTheta=0.0785398185253143
LowerLegAlpha=0.0981747731566429
LowerLegTheta=-0.157079637050629
