[%General]
Highest=175
CenterX=40.6422636580893
CenterY=142.739245817818
XWidth=60

[LeftLeg]
ThighAlpha=-0.117809727787971
ThighTheta=0.199239581823349
LowerLegAlpha=-0.0856797993183136
LowerLegTheta=-0.146199628710747

[RightLeg]
ThighAlpha=0.13922968506813
ThighTheta=0.259079456329346
LowerLegAlpha=-0.117809727787971
LowerLegTheta=-0.507958829402924
