[%General]
Highest=168
CenterX=45.2700583796497
CenterY=38.3742737543575
XWidth=52

[LeftLeg]
ThighAlpha=0.0107099786400795
ThighTheta=-0.484838873147964
LowerLegAlpha=-0.0107099711894989
LowerLegTheta=-0.514758765697479

[RightLeg]
ThighAlpha=0.0321299284696579
ThighTheta=0.521558880805969
LowerLegAlpha=0.0285599380731583
LowerLegTheta=0.0197199955582619
