[%General]
Highest=172
CenterX=43.8766517398326
CenterY=10.4251761855821
XWidth=47

[LeftLeg]
ThighAlpha=0.0642598569393158
ThighTheta=-0.249106079339981
LowerLegAlpha=-0.157079637050629
LowerLegTheta=0.0333199352025986

[RightLeg]
ThighAlpha=0.0107099786400795
ThighTheta=0.179292947053909
LowerLegAlpha=-0.0678298398852348
LowerLegTheta=-0.255452752113342
