[%General]
Highest=169
CenterX=44.0964469370951
CenterY=18.0389640654373
XWidth=49

[LeftLeg]
ThighAlpha=0.121379725635052
ThighTheta=-0.371959120035172
LowerLegAlpha=-0.157079637050629
LowerLegTheta=-0.0863597691059113

[RightLeg]
ThighAlpha=-0.0464098900556564
ThighTheta=0.431799054145813
LowerLegAlpha=0.00713998824357986
LowerLegTheta=0.371959179639816
