[%General]
Highest=169
CenterX=42.058492221779
CenterY=206.038627842042
XWidth=57

[LeftLeg]
ThighAlpha=-0.0999597683548927
ThighTheta=-0.109479710459709
LowerLegAlpha=0.0606898665428162
LowerLegTheta=-0.979877710342407

[RightLeg]
ThighAlpha=0.13922968506813
ThighTheta=0.259079456329346
LowerLegAlpha=-0.0606898590922356
LowerLegTheta=0.342039257287979
