[%General]
Highest=169
CenterX=46.1835254006137
CenterY=46.4536106375725
XWidth=52

[LeftLeg]
ThighAlpha=0.0196349546313286
ThighTheta=-0.314159274101257
LowerLegAlpha=0.0589048638939857
LowerLegTheta=-0.785398185253143

[RightLeg]
ThighAlpha=0.0589048638939857
ThighTheta=0.392699092626572
LowerLegAlpha=0.0196349546313286
LowerLegTheta=0
