[%General]
Highest=169
CenterX=41.5635905015906
CenterY=201.473554834356
XWidth=58

[LeftLeg]
ThighAlpha=-0.0999597683548927
ThighTheta=-0.322092592716217
LowerLegAlpha=0.00356999784708023
LowerLegTheta=-0.677505135536194

[RightLeg]
ThighAlpha=0.13922968506813
ThighTheta=0.395079135894775
LowerLegAlpha=-0.0856797993183136
LowerLegTheta=0.391905784606934
