[%General]
Highest=175
CenterX=41.0997045189623
CenterY=151.791780747648
XWidth=62

[LeftLeg]
ThighAlpha=-0.0785398185253143
ThighTheta=0.0564399100840092
LowerLegAlpha=-0.13922968506813
LowerLegTheta=-0.199239507317543

[RightLeg]
ThighAlpha=0.121379725635052
ThighTheta=0.282199382781982
LowerLegAlpha=-0.024989940226078
LowerLegTheta=-0.192439526319504
