[%General]
Highest=170
CenterX=41.9135841137595
CenterY=210.387274094027
XWidth=55

[LeftLeg]
ThighAlpha=0.0107099786400795
ThighTheta=0.172946274280548
LowerLegAlpha=-0.0142799615859985
LowerLegTheta=-1.09955739974976

[RightLeg]
ThighAlpha=0.13922968506813
ThighTheta=0.607692003250122
LowerLegAlpha=-0.0642598494887352
LowerLegTheta=-0.325265914201736
