[%General]
Highest=171
CenterX=47.4135918955157
CenterY=53.8501018026518
XWidth=55

[LeftLeg]
ThighAlpha=0.0678298473358154
ThighTheta=-0.182466238737106
LowerLegAlpha=-0.0321299210190773
LowerLegTheta=-0.81395810842514

[RightLeg]
ThighAlpha=0.13922968506813
ThighTheta=0.249106109142303
LowerLegAlpha=-0.0321299210190773
LowerLegTheta=-0.030146561563015
