[%General]
Highest=173
CenterX=47.0483635630316
CenterY=71.1142955432449
XWidth=56

[LeftLeg]
ThighAlpha=0.0642598569393158
ThighTheta=0.454919010400772
LowerLegAlpha=-0.0285599306225777
LowerLegTheta=-0.604518592357635

[RightLeg]
ThighAlpha=0.0856798067688942
ThighTheta=-0.0863597691059113
LowerLegAlpha=0.0285599380731583
LowerLegTheta=-0.0795597806572914
