[%General]
Highest=152
CenterX=37.4555740254169
CenterY=290.850805226375
XWidth=50

[LeftLeg]
ThighAlpha=-0.157079637050629
ThighTheta=0.49163892865181
LowerLegAlpha=0.00356999784708023
LowerLegTheta=-0.0632398128509521

[RightLeg]
ThighAlpha=0.13922968506813
ThighTheta=0.514758884906769
LowerLegAlpha=0.13922968506813
LowerLegTheta=-0.0564398318529129
