[%General]
Highest=171
CenterX=40.3784372565427
CenterY=130.603023920132
XWidth=60

[LeftLeg]
ThighAlpha=-0.0999597683548927
ThighTheta=0.395079135894775
LowerLegAlpha=-0.121379718184471
LowerLegTheta=0.030146598815918

[RightLeg]
ThighAlpha=0.0499798879027367
ThighTheta=-0.0364932343363762
LowerLegAlpha=-0.0856797993183136
LowerLegTheta=-0.959931075572968
