[%General]
Highest=171
CenterX=45.05547316966
CenterY=93.5227385071676
XWidth=57

[LeftLeg]
ThighAlpha=0
ThighTheta=0.549778699874878
LowerLegAlpha=0
LowerLegTheta=0.392699092626572

[RightLeg]
ThighAlpha=0.0392699092626572
ThighTheta=-0.471238911151886
LowerLegAlpha=0.0196349546313286
LowerLegTheta=-0.235619455575943
