[%General]
Highest=172
CenterX=43.8766517398326
CenterY=10.4251761855821
XWidth=47

[LeftLeg]
ThighAlpha=0.0285599380731583
ThighTheta=-0.229159444570541
LowerLegAlpha=-0.157079637050629
LowerLegTheta=0.0333199612796307

[RightLeg]
ThighAlpha=0.0107099786400795
ThighTheta=0.169319659471512
LowerLegAlpha=-0.0678298398852348
LowerLegTheta=-0.215559482574463
