[%General]
Highest=152
CenterX=37.4555740254169
CenterY=290.850805226375
XWidth=50

[LeftLeg]
ThighAlpha=-0.157079637050629
ThighTheta=0.46171897649765
LowerLegAlpha=0.021419957280159
LowerLegTheta=-0.0333198979496956

[RightLeg]
ThighAlpha=0.13922968506813
ThighTheta=0.534705460071564
LowerLegAlpha=0.121379725635052
LowerLegTheta=-0.0364932343363762
