[%General]
Highest=170
CenterX=42.3143778570055
CenterY=214.937378877761
XWidth=54

[LeftLeg]
ThighAlpha=-0.024989940226078
ThighTheta=0.315745949745178
LowerLegAlpha=-0.13922968506813
LowerLegTheta=-1.09955739974976

[RightLeg]
ThighAlpha=0.13922968506813
ThighTheta=0.534705460071564
LowerLegAlpha=-0.0392699092626572
LowerLegTheta=-0.395079076290131
