[%General]
Highest=172
CenterX=43.2290143612564
CenterY=228.406016123906
XWidth=57

[LeftLeg]
ThighAlpha=-0.024989940226078
ThighTheta=0.46489229798317
LowerLegAlpha=0.0428399071097374
LowerLegTheta=-0.744144916534424

[RightLeg]
ThighAlpha=0.13922968506813
ThighTheta=0.176119610667229
LowerLegAlpha=0.0428399071097374
LowerLegTheta=-0.38555908203125
