[%General]
Highest=166
CenterX=40.9691298736381
CenterY=256.794339226221
XWidth=55

[LeftLeg]
ThighAlpha=-0.024989940226078
ThighTheta=0.607692003250122
LowerLegAlpha=-0.0321299210190773
LowerLegTheta=0.46489229798317

[RightLeg]
ThighAlpha=0.103529766201973
ThighTheta=-0.461718916893005
LowerLegAlpha=-0.0142799615859985
LowerLegTheta=-0.249106079339981
