[%General]
Highest=169
CenterX=45.4491671293726
CenterY=42.3879372570794
XWidth=52

[LeftLeg]
ThighAlpha=0.0589048638939857
ThighTheta=-0.392699092626572
LowerLegAlpha=0.0196349546313286
LowerLegTheta=-0.706858336925507

[RightLeg]
ThighAlpha=0.0392699092626572
ThighTheta=0.549778699874878
LowerLegAlpha=0.0392699092626572
LowerLegTheta=-0.0785398185253143
