[%General]
Highest=172
CenterX=43.0865925068371
CenterY=236.861512390732
XWidth=56

[LeftLeg]
ThighAlpha=-0.0214199498295784
ThighTheta=0.468065619468689
LowerLegAlpha=0.00356999784708023
LowerLegTheta=0.030146598815918

[RightLeg]
ThighAlpha=0.0499798879027367
ThighTheta=-0.106306403875351
LowerLegAlpha=0.0999597758054733
LowerLegTheta=-0.179292917251587
