[%General]
Highest=169
CenterX=43.4678202486781
CenterY=103.103635080035
XWidth=58

[LeftLeg]
ThighAlpha=-0.0999597683548927
ThighTheta=0.537878811359406
LowerLegAlpha=-0.0142799615859985
LowerLegTheta=0.458545625209808

[RightLeg]
ThighAlpha=0.0678298473358154
ThighTheta=-0.534705400466919
LowerLegAlpha=0.00356999784708023
LowerLegTheta=-0.395079076290131
