[%General]
Highest=161
CenterX=39.4297559125698
CenterY=275.142005102393
XWidth=50

[LeftLeg]
ThighAlpha=-0.117809727787971
ThighTheta=0.627638638019562
LowerLegAlpha=0.00356999784708023
LowerLegTheta=0.235959500074387

[RightLeg]
ThighAlpha=0.103529766201973
ThighTheta=-0.371959120035172
LowerLegAlpha=-0.00713998079299927
LowerLegTheta=-0.717398345470428
