[%General]
Highest=169
CenterX=42.6069601263896
CenterY=112.190396127143
XWidth=59

[LeftLeg]
ThighAlpha=-0.117809727787971
ThighTheta=0.627638638019562
LowerLegAlpha=-0.0464098900556564
LowerLegTheta=0.146199703216553

[RightLeg]
ThighAlpha=0.0499798879027367
ThighTheta=-0.424998998641968
LowerLegAlpha=0.0821098163723946
LowerLegTheta=-0.634438514709473
