[%General]
Highest=172
CenterX=43.7395034232451
CenterY=224.267769254035
XWidth=56

[LeftLeg]
ThighAlpha=-0.024989940226078
ThighTheta=0.431799054145813
LowerLegAlpha=-0.0142799615859985
LowerLegTheta=-0.81395810842514

[RightLeg]
ThighAlpha=0.13922968506813
ThighTheta=0.176119640469551
LowerLegAlpha=0.0642598569393158
LowerLegTheta=-0.176119565963745
