[%General]
Highest=166
CenterX=40.9691298736381
CenterY=256.794339226221
XWidth=55

[LeftLeg]
ThighAlpha=-0.0392699092626572
ThighTheta=0.628318548202515
LowerLegAlpha=-0.0196349546313286
LowerLegTheta=0.392699092626572

[RightLeg]
ThighAlpha=0.0196349546313286
ThighTheta=-0.392699092626572
LowerLegAlpha=0.0981747731566429
LowerLegTheta=-0.235619455575943
