[%General]
Highest=173
CenterX=46.8738872565618
CenterY=62.1155068648761
XWidth=57

[LeftLeg]
ThighAlpha=-0.00713998079299927
ThighTheta=0.249106109142303
LowerLegAlpha=0.021419957280159
LowerLegTheta=-1.09955739974976

[RightLeg]
ThighAlpha=0.13922968506813
ThighTheta=0.0364932715892792
LowerLegAlpha=-0.00713998079299927
LowerLegTheta=0.0333199352025986
