[%General]
Highest=168
CenterX=45.2700583796497
CenterY=38.3742737543575
XWidth=52

[LeftLeg]
ThighAlpha=0.0107099786400795
ThighTheta=-0.534705400466919
LowerLegAlpha=-0.0107099711894989
LowerLegTheta=-0.464892268180847

[RightLeg]
ThighAlpha=0.0321299284696579
ThighTheta=0.531532108783722
LowerLegAlpha=0.046409897506237
LowerLegTheta=-0.030146561563015
