[%General]
Highest=168
CenterX=45.0986088379705
CenterY=29.4807419530824
XWidth=50

[LeftLeg]
ThighAlpha=0.0589048638939857
ThighTheta=-0.589048624038696
LowerLegAlpha=-0.0981747731566429
LowerLegTheta=-0.157079637050629

[RightLeg]
ThighAlpha=-0.0196349546313286
ThighTheta=0.510508835315704
LowerLegAlpha=0.0589048638939857
LowerLegTheta=0.235619455575943
