[%General]
Highest=169
CenterX=43.0830348004094
CenterY=107.653133174116
XWidth=58

[LeftLeg]
ThighAlpha=-0.0999597683548927
ThighTheta=0.60451865196228
LowerLegAlpha=-0.0321299210190773
LowerLegTheta=0.252279460430145

[RightLeg]
ThighAlpha=0.0856798067688942
ThighTheta=-0.534705400466919
LowerLegAlpha=0.0642598569393158
LowerLegTheta=-0.464892268180847
