[%General]
Highest=153
CenterX=36.0606013061641
CenterY=299.05467846006
XWidth=46

[LeftLeg]
ThighAlpha=-0.117809727787971
ThighTheta=0.176119610667229
LowerLegAlpha=-0.0285599306225777
LowerLegTheta=-0.0333198979496956

[RightLeg]
ThighAlpha=0.13922968506813
ThighTheta=0.325265944004059
LowerLegAlpha=0.121379725635052
LowerLegTheta=-0.182466238737106
