[%General]
Highest=170
CenterX=46.9248993475863
CenterY=50.3270838039304
XWidth=53

[LeftLeg]
ThighAlpha=0.0856798067688942
ThighTheta=-0.109479740262032
LowerLegAlpha=-0.0142799615859985
LowerLegTheta=-1.02974426746368

[RightLeg]
ThighAlpha=0.13922968506813
ThighTheta=0.395079135894775
LowerLegAlpha=-0.0428398996591568
LowerLegTheta=-0.112653076648712
