[%General]
Highest=170
CenterX=42.3143778570055
CenterY=214.937378877761
XWidth=54

[LeftLeg]
ThighAlpha=-0.0428398996591568
ThighTheta=0.355639219284058
LowerLegAlpha=-0.0142799615859985
LowerLegTheta=-1.09955739974976

[RightLeg]
ThighAlpha=0.13922968506813
ThighTheta=0.544678807258606
LowerLegAlpha=-0.0392699092626572
LowerLegTheta=-0.484838873147964
