[%General]
Highest=170
CenterX=44.3110805609018
CenterY=97.7863211437998
XWidth=57

[LeftLeg]
ThighAlpha=-0.0642598494887352
ThighTheta=0.607692003250122
LowerLegAlpha=0.021419957280159
LowerLegTheta=0.388732463121414

[RightLeg]
ThighAlpha=0.0499798879027367
ThighTheta=-0.461718916893005
LowerLegAlpha=0.0428399071097374
LowerLegTheta=-0.395079076290131
