[%General]
Highest=170
CenterX=41.4837237869615
CenterY=121.434807405458
XWidth=61

[LeftLeg]
ThighAlpha=-0.157079637050629
ThighTheta=0.567798733711243
LowerLegAlpha=0.00356999784708023
LowerLegTheta=-0.0197199191898108

[RightLeg]
ThighAlpha=0.0856798067688942
ThighTheta=-0.288999319076538
LowerLegAlpha=0.00356999784708023
LowerLegTheta=-0.80035811662674
