[%General]
Highest=156
CenterX=33.4344347960724
CenterY=170.207359715108
XWidth=63

[LeftLeg]
ThighAlpha=-0.0606898590922356
ThighTheta=0.46489229798317
LowerLegAlpha=-0.121379718184471
LowerLegTheta=0.601345300674438

[RightLeg]
ThighAlpha=0.0285599380731583
ThighTheta=-0.534705400466919
LowerLegAlpha=0.00713998824357986
LowerLegTheta=-0.179292917251587
