[%General]
Highest=156
CenterX=33.9947057325524
CenterY=103.050195016687
XWidth=60

[LeftLeg]
ThighAlpha=-0.0428398996591568
ThighTheta=-0.514758765697479
LowerLegAlpha=0.021419957280159
LowerLegTheta=-0.514758765697479

[RightLeg]
ThighAlpha=-0.0428398996591568
ThighTheta=0.484838932752609
LowerLegAlpha=-0.0285599306225777
LowerLegTheta=0.49163892865181
