[%General]
Highest=156
CenterX=34.1451702959241
CenterY=94.403391959799
XWidth=60

[LeftLeg]
ThighAlpha=-0.0428398996591568
ThighTheta=-0.531532108783722
LowerLegAlpha=0.0249899476766586
LowerLegTheta=-0.255452752113342

[RightLeg]
ThighAlpha=-0.00356999039649963
ThighTheta=0.395079135894775
LowerLegAlpha=-0.103529758751392
LowerLegTheta=0.60451865196228
