[%General]
Highest=157
CenterX=34.0845280517113
CenterY=90.3887323554598
XWidth=61

[LeftLeg]
ThighAlpha=-0.0196349546313286
ThighTheta=-0.510508835315704
LowerLegAlpha=-0.0196349546313286
LowerLegTheta=-0.196349546313286

[RightLeg]
ThighAlpha=0.0196349546313286
ThighTheta=0.392699092626572
LowerLegAlpha=-0.0981747731566429
LowerLegTheta=0.471238911151886
