[%General]
Highest=161
CenterX=33.5831023495583
CenterY=76.2836178535347
XWidth=60

[LeftLeg]
ThighAlpha=-0.00713998079299927
ThighTheta=-0.249106079339981
LowerLegAlpha=-0.0892497897148132
LowerLegTheta=-0.109479740262032

[RightLeg]
ThighAlpha=0.0499798879027367
ThighTheta=0.395079135894775
LowerLegAlpha=-0.0142799615859985
LowerLegTheta=-0.182466238737106
