[%General]
Highest=157
CenterX=33.9342027915624
CenterY=23.6994080575264
XWidth=53

[LeftLeg]
ThighAlpha=-0.0606898590922356
ThighTheta=0.315745949745178
LowerLegAlpha=0.00356999784708023
LowerLegTheta=0.537878811359406

[RightLeg]
ThighAlpha=0.0642598569393158
ThighTheta=-0.534705400466919
LowerLegAlpha=-0.0856797993183136
LowerLegTheta=-0.106306403875351
