[%General]
Highest=159
CenterX=34.0248843403897
CenterY=16.6780877611103
XWidth=52

[LeftLeg]
ThighAlpha=-0.0642598494887352
ThighTheta=0.312119334936142
LowerLegAlpha=0.0606898665428162
LowerLegTheta=0.378759175539017

[RightLeg]
ThighAlpha=0.0107099786400795
ThighTheta=-0.431798994541168
LowerLegAlpha=-0.0321299210190773
LowerLegTheta=0.00340002961456776
