[%General]
Highest=152
CenterX=29.998741346759
CenterY=252.552690371303
XWidth=60

[LeftLeg]
ThighAlpha=-0.0981747731566429
ThighTheta=-0.510508835315704
LowerLegAlpha=0.0392699092626572
LowerLegTheta=-0.353429168462753

[RightLeg]
ThighAlpha=-0.0785398185253143
ThighTheta=0.549778699874878
LowerLegAlpha=-0.0196349546313286
LowerLegTheta=0.549778699874878
