[%General]
Highest=157
CenterX=34.0701215734328
CenterY=19.7447233275048
XWidth=53

[LeftLeg]
ThighAlpha=-0.0785398185253143
ThighTheta=0.395079135894775
LowerLegAlpha=0.00356999784708023
LowerLegTheta=0.458545625209808

[RightLeg]
ThighAlpha=0.0107099786400795
ThighTheta=-0.464892268180847
LowerLegAlpha=-0.0142799615859985
LowerLegTheta=-0.0364932343363762
