[%General]
Highest=153
CenterX=31.8973819499076
CenterY=278.301908194442
XWidth=51

[LeftLeg]
ThighAlpha=0
ThighTheta=-0.117809727787971
LowerLegAlpha=-0.0981747731566429
LowerLegTheta=-0.785398185253143

[RightLeg]
ThighAlpha=0
ThighTheta=0.471238911151886
LowerLegAlpha=0.0392699092626572
LowerLegTheta=-0.0392699092626572
