[%General]
Highest=160
CenterX=30.1436025468284
CenterY=213.085757311564
XWidth=59

[LeftLeg]
ThighAlpha=-0.0606898590922356
ThighTheta=0.0396666079759598
LowerLegAlpha=-0.0678298398852348
LowerLegTheta=0.172946274280548

[RightLeg]
ThighAlpha=0.0856798067688942
ThighTheta=0.388732463121414
LowerLegAlpha=-0.0999597683548927
LowerLegTheta=-0.956757783889771
