[%General]
Highest=159
CenterX=32.9155762266727
CenterY=54.7094396816031
XWidth=57

[LeftLeg]
ThighAlpha=-0.0606898590922356
ThighTheta=0.169319659471512
LowerLegAlpha=-0.0142799615859985
LowerLegTheta=0.0564399100840092

[RightLeg]
ThighAlpha=0.0499798879027367
ThighTheta=-0.229159444570541
LowerLegAlpha=0.0606898665428162
LowerLegTheta=-0.620838522911072
