[%General]
Highest=154
CenterX=32.3173124163518
CenterY=283.865925762787
XWidth=50

[LeftLeg]
ThighAlpha=0.0107099786400795
ThighTheta=-0.0364932343363762
LowerLegAlpha=-0.13922968506813
LowerLegTheta=-1.09955739974976

[RightLeg]
ThighAlpha=0.0499798879027367
ThighTheta=0.395079135894775
LowerLegAlpha=-0.0642598494887352
LowerLegTheta=-0.182466238737106
