[%General]
Highest=156
CenterX=33.9947057325524
CenterY=103.050195016687
XWidth=60

[LeftLeg]
ThighAlpha=-0.0428398996591568
ThighTheta=-0.534705400466919
LowerLegAlpha=0.021419957280159
LowerLegTheta=-0.464892268180847

[RightLeg]
ThighAlpha=-0.0428398996591568
ThighTheta=0.534705460071564
LowerLegAlpha=-0.0285599306225777
LowerLegTheta=0.391905784606934
