[%General]
Highest=152
CenterX=29.998741346759
CenterY=252.552690371303
XWidth=60

[LeftLeg]
ThighAlpha=-0.082109808921814
ThighTheta=-0.531532108783722
LowerLegAlpha=0.00356999784708023
LowerLegTheta=-0.398252427577972

[RightLeg]
ThighAlpha=-0.0606898590922356
ThighTheta=0.537878811359406
LowerLegAlpha=-0.0464098900556564
LowerLegTheta=0.601345300674438
