[%General]
Highest=158
CenterX=34.5534845919404
CenterY=112.140047409414
XWidth=60

[LeftLeg]
ThighAlpha=-0.0464098900556564
ThighTheta=-0.391905754804611
LowerLegAlpha=0.0428399071097374
LowerLegTheta=-0.747318267822266

[RightLeg]
ThighAlpha=-0.0214199498295784
ThighTheta=0.534705460071564
LowerLegAlpha=0.00356999784708023
LowerLegTheta=0.179292947053909
