[%General]
Highest=157
CenterX=31.3339918402405
CenterY=190.241586142724
XWidth=62

[LeftLeg]
ThighAlpha=-0.0785398185253143
ThighTheta=0.454919010400772
LowerLegAlpha=-0.0499798804521561
LowerLegTheta=0.259079456329346

[RightLeg]
ThighAlpha=0.0499798879027367
ThighTheta=-0.342039197683334
LowerLegAlpha=0.00713998824357986
LowerLegTheta=-0.694278359413147
