[%General]
Highest=159
CenterX=33.0740639992087
CenterY=45.7125105099164
XWidth=59

[LeftLeg]
ThighAlpha=-0.121379718184471
ThighTheta=0.395079135894775
LowerLegAlpha=0.00356999784708023
LowerLegTheta=0.030146598815918

[RightLeg]
ThighAlpha=0.13922968506813
ThighTheta=-0.249106079339981
LowerLegAlpha=0.00713998824357986
LowerLegTheta=-0.820304751396179
