[%General]
Highest=162
CenterX=33.4770519759769
CenterY=71.5302513531549
XWidth=60

[LeftLeg]
ThighAlpha=-0.0392699092626572
ThighTheta=-0.117809727787971
LowerLegAlpha=-0.0981747731566429
LowerLegTheta=-0.117809727787971

[RightLeg]
ThighAlpha=0.0589048638939857
ThighTheta=0.392699092626572
LowerLegAlpha=0.0981747731566429
LowerLegTheta=-0.431968986988068
