[%General]
Highest=157
CenterX=33.9342027915624
CenterY=23.6994080575264
XWidth=53

[LeftLeg]
ThighAlpha=-0.0785398185253143
ThighTheta=0.355639219284058
LowerLegAlpha=0.021419957280159
LowerLegTheta=0.507958889007568

[RightLeg]
ThighAlpha=0.0821098163723946
ThighTheta=-0.544678747653961
LowerLegAlpha=-0.121379718184471
LowerLegTheta=-0.0863597691059113
