[%General]
Highest=152
CenterX=31.7543332642773
CenterY=273.047976659071
XWidth=51

[LeftLeg]
ThighAlpha=-0.00713998079299927
ThighTheta=-0.169319570064545
LowerLegAlpha=0.00356999784708023
LowerLegTheta=-1.09955739974976

[RightLeg]
ThighAlpha=-0.0214199498295784
ThighTheta=0.484838932752609
LowerLegAlpha=0.021419957280159
LowerLegTheta=0.0931598246097565
