[%General]
Highest=160
CenterX=34.7106955772164
CenterY=131.074968503415
XWidth=60

[LeftLeg]
ThighAlpha=-0.0642598494887352
ThighTheta=-0.0364932343363762
LowerLegAlpha=0.021419957280159
LowerLegTheta=-0.956757783889771

[RightLeg]
ThighAlpha=-0.00356999039649963
ThighTheta=0.179292947053909
LowerLegAlpha=0.021419957280159
LowerLegTheta=0.103133104741573
