[%General]
Highest=148
CenterX=32.5833587630963
CenterY=296.280608958058
XWidth=49

[LeftLeg]
ThighAlpha=-0.157079637050629
ThighTheta=0.458545625209808
LowerLegAlpha=-0.121379718184471
LowerLegTheta=-0.744144916534424

[RightLeg]
ThighAlpha=0.0142799690365791
ThighTheta=-0.0364932343363762
LowerLegAlpha=0.0428399071097374
LowerLegTheta=0.106306441128254
