[%General]
Highest=157
CenterX=34.0701215734328
CenterY=19.7447233275048
XWidth=53

[LeftLeg]
ThighAlpha=-0.0785398185253143
ThighTheta=0.353429168462753
LowerLegAlpha=0.0785398185253143
LowerLegTheta=0.431968986988068

[RightLeg]
ThighAlpha=0
ThighTheta=-0.471238911151886
LowerLegAlpha=0
LowerLegTheta=-0.0392699092626572
