[%General]
Highest=158
CenterX=34.5534845919404
CenterY=112.140047409414
XWidth=60

[LeftLeg]
ThighAlpha=-0.0589048638939857
ThighTheta=-0.392699092626572
LowerLegAlpha=0.0785398185253143
LowerLegTheta=-0.785398185253143

[RightLeg]
ThighAlpha=-0.0196349546313286
ThighTheta=0.510508835315704
LowerLegAlpha=0
LowerLegTheta=0.235619455575943
