[%General]
Highest=159
CenterX=29.9859428371238
CenterY=222.153782150469
XWidth=61

[LeftLeg]
ThighAlpha=-0.0642598494887352
ThighTheta=-0.106306403875351
LowerLegAlpha=-0.0678298398852348
LowerLegTheta=-0.0396665707230568

[RightLeg]
ThighAlpha=-0.00356999039649963
ThighTheta=0.46489229798317
LowerLegAlpha=0.021419957280159
LowerLegTheta=-0.388732433319092
