[%General]
Highest=160
CenterX=35.1661994500704
CenterY=126.721816108913
XWidth=60

[LeftLeg]
ThighAlpha=-0.024989940226078
ThighTheta=-0.0396665707230568
LowerLegAlpha=0.00356999784708023
LowerLegTheta=-1.09955739974976

[RightLeg]
ThighAlpha=-0.00356999039649963
ThighTheta=0.249106109142303
LowerLegAlpha=0.00356999784708023
LowerLegTheta=0.179292947053909
