[%General]
Highest=157
CenterX=34.0701215734328
CenterY=19.7447233275048
XWidth=53

[LeftLeg]
ThighAlpha=-0.0785398185253143
ThighTheta=0.395079135894775
LowerLegAlpha=0.021419957280159
LowerLegTheta=0.408679097890854

[RightLeg]
ThighAlpha=-0.00713998079299927
ThighTheta=-0.484838873147964
LowerLegAlpha=0.00356999784708023
LowerLegTheta=-0.0265199020504951
