[%General]
Highest=156
CenterX=31.8634448608869
CenterY=184.877930676005
XWidth=63

[LeftLeg]
ThighAlpha=-0.0785398185253143
ThighTheta=0.484838932752609
LowerLegAlpha=-0.0856797993183136
LowerLegTheta=0.31891930103302

[RightLeg]
ThighAlpha=0.0678298473358154
ThighTheta=-0.461718916893005
LowerLegAlpha=-0.0107099711894989
LowerLegTheta=-0.448118954896927
