[%General]
Highest=156
CenterX=33.0692840944233
CenterY=175.113171322544
XWidth=64

[LeftLeg]
ThighAlpha=-0.0606898590922356
ThighTheta=0.46489229798317
LowerLegAlpha=-0.0856797993183136
LowerLegTheta=0.531532108783722

[RightLeg]
ThighAlpha=0.0499798879027367
ThighTheta=-0.537878751754761
LowerLegAlpha=-0.0107099711894989
LowerLegTheta=-0.2459327429533
