[%General]
Highest=156
CenterX=34.0294330787669
CenterY=98.9627766319193
XWidth=60

[LeftLeg]
ThighAlpha=-0.0428398996591568
ThighTheta=-0.544678747653961
LowerLegAlpha=0.021419957280159
LowerLegTheta=-0.395079076290131

[RightLeg]
ThighAlpha=-0.00713998079299927
ThighTheta=0.431799054145813
LowerLegAlpha=-0.103529758751392
LowerLegTheta=0.60451865196228
