[%General]
Highest=161
CenterX=33.2486292518287
CenterY=62.6015733805097
XWidth=58

[LeftLeg]
ThighAlpha=-0.0392699092626572
ThighTheta=0
LowerLegAlpha=0
LowerLegTheta=0.0785398185253143

[RightLeg]
ThighAlpha=0.0785398185253143
ThighTheta=0.157079637050629
LowerLegAlpha=0.0981747731566429
LowerLegTheta=-0.785398185253143
