[%General]
Highest=161
CenterX=34.4305179547428
CenterY=144.216338049752
XWidth=60

[LeftLeg]
ThighAlpha=-0.0464098900556564
ThighTheta=0.322092622518539
LowerLegAlpha=0.021419957280159
LowerLegTheta=-0.391905754804611

[RightLeg]
ThighAlpha=-0.00356999039649963
ThighTheta=-0.106306403875351
LowerLegAlpha=-0.0142799615859985
LowerLegTheta=0.030146598815918
