[%General]
Highest=160
CenterX=30.0620016871207
CenterY=217.41863724183
XWidth=60

[LeftLeg]
ThighAlpha=-0.0999597683548927
ThighTheta=-0.106306403875351
LowerLegAlpha=-0.0499798804521561
LowerLegTheta=0.18246628344059

[RightLeg]
ThighAlpha=0.0142799690365791
ThighTheta=0.46489229798317
LowerLegAlpha=0.13922968506813
LowerLegTheta=-0.674331784248352
