[%General]
Highest=151
CenterX=32.5196932841471
CenterY=293.576687017736
XWidth=50

[LeftLeg]
ThighAlpha=-0.117809727787971
ThighTheta=0.245932787656784
LowerLegAlpha=-0.0142799615859985
LowerLegTheta=-0.817131459712982

[RightLeg]
ThighAlpha=0.0321299284696579
ThighTheta=0.0364932715892792
LowerLegAlpha=0.00356999784708023
LowerLegTheta=0.103133104741573
