[%General]
Highest=156
CenterX=32.2649203063821
CenterY=179.817291339828
XWidth=63

[LeftLeg]
ThighAlpha=-0.0981747731566429
ThighTheta=0.510508835315704
LowerLegAlpha=-0.0392699092626572
LowerLegTheta=0.353429168462753

[RightLeg]
ThighAlpha=0.0589048638939857
ThighTheta=-0.510508835315704
LowerLegAlpha=0
LowerLegTheta=-0.353429168462753
