[%General]
Highest=156
CenterX=34.1451702959241
CenterY=94.403391959799
XWidth=60

[LeftLeg]
ThighAlpha=-0.024989940226078
ThighTheta=-0.52155876159668
LowerLegAlpha=0.00713998824357986
LowerLegTheta=-0.305319279432297

[RightLeg]
ThighAlpha=-0.00356999039649963
ThighTheta=0.395079135894775
LowerLegAlpha=-0.103529758751392
LowerLegTheta=0.574598729610443
