[%General]
Highest=160
CenterX=30.3869775055742
CenterY=204.389701109198
XWidth=60

[LeftLeg]
ThighAlpha=-0.0981747731566429
ThighTheta=0.235619455575943
LowerLegAlpha=0
LowerLegTheta=0.117809727787971

[RightLeg]
ThighAlpha=-0.0196349546313286
ThighTheta=-0.0392699092626572
LowerLegAlpha=0.0785398185253143
LowerLegTheta=-0.785398185253143
