[%General]
Highest=160
CenterX=35.5893235714638
CenterY=152.278644677809
XWidth=61

[LeftLeg]
ThighAlpha=-0.0606898590922356
ThighTheta=0.46489229798317
LowerLegAlpha=0.0249899476766586
LowerLegTheta=0.0333199352025986

[RightLeg]
ThighAlpha=0.0142799690365791
ThighTheta=-0.249106079339981
LowerLegAlpha=0.00356999784708023
LowerLegTheta=-0.10313306748867
