[%General]
Highest=152
CenterX=30.5879763895049
CenterY=262.455355010406
XWidth=57

[LeftLeg]
ThighAlpha=-0.0981747731566429
ThighTheta=-0.431968986988068
LowerLegAlpha=0.0589048638939857
LowerLegTheta=-0.589048624038696

[RightLeg]
ThighAlpha=-0.0785398185253143
ThighTheta=0.510508835315704
LowerLegAlpha=0.0785398185253143
LowerLegTheta=0.431968986988068
