[%General]
Highest=162
CenterX=34.4461383139828
CenterY=140.370179202423
XWidth=60

[LeftLeg]
ThighAlpha=-0.0642598494887352
ThighTheta=0.179292947053909
LowerLegAlpha=-0.0321299210190773
LowerLegTheta=-0.537878751754761

[RightLeg]
ThighAlpha=-0.00713998079299927
ThighTheta=-0.0364932343363762
LowerLegAlpha=0.0606898665428162
LowerLegTheta=0.0364932715892792
