[%General]
Highest=153
CenterX=31.8973819499076
CenterY=278.301908194442
XWidth=51

[LeftLeg]
ThighAlpha=0.00713998824357986
ThighTheta=-0.0364932343363762
LowerLegAlpha=-0.13922968506813
LowerLegTheta=-1.09955739974976

[RightLeg]
ThighAlpha=-0.00356999039649963
ThighTheta=0.46489229798317
LowerLegAlpha=0.0428399071097374
LowerLegTheta=-0.0396665707230568
