[%General]
Highest=153
CenterX=31.8973819499076
CenterY=278.301908194442
XWidth=51

[LeftLeg]
ThighAlpha=0
ThighTheta=-0.0785398185253143
LowerLegAlpha=-0.0589048638939857
LowerLegTheta=-0.785398185253143

[RightLeg]
ThighAlpha=0
ThighTheta=0.471238911151886
LowerLegAlpha=0
LowerLegTheta=-0.0785398185253143
