[%General]
Highest=160
CenterX=34.2370697361002
CenterY=86.3291527428249
XWidth=60

[LeftLeg]
ThighAlpha=-0.024989940226078
ThighTheta=-0.454918920993805
LowerLegAlpha=0.00356999784708023
LowerLegTheta=-0.123079679906368

[RightLeg]
ThighAlpha=0.0142799690365791
ThighTheta=0.371959179639816
LowerLegAlpha=-0.0321299210190773
LowerLegTheta=0.312119334936142
