[%General]
Highest=157
CenterX=34.3451355789642
CenterY=107.374614491128
XWidth=61

[LeftLeg]
ThighAlpha=-0.0392699092626572
ThighTheta=-0.510508835315704
LowerLegAlpha=0.0392699092626572
LowerLegTheta=-0.549778699874878

[RightLeg]
ThighAlpha=-0.0196349546313286
ThighTheta=0.510508835315704
LowerLegAlpha=-0.0392699092626572
LowerLegTheta=0.353429168462753
