[%General]
Highest=158
CenterX=35.2855853108034
CenterY=156.755261392058
XWidth=61

[LeftLeg]
ThighAlpha=-0.082109808921814
ThighTheta=0.537878811359406
LowerLegAlpha=0.00356999784708023
LowerLegTheta=0.172946274280548

[RightLeg]
ThighAlpha=0.0321299284696579
ThighTheta=-0.322092592716217
LowerLegAlpha=0.00356999784708023
LowerLegTheta=-0.106306403875351
