[%General]
Highest=156
CenterX=34.1451702959241
CenterY=94.403391959799
XWidth=60

[LeftLeg]
ThighAlpha=-0.0392699092626572
ThighTheta=-0.549778699874878
LowerLegAlpha=0.0196349546313286
LowerLegTheta=-0.235619455575943

[RightLeg]
ThighAlpha=0
ThighTheta=0.392699092626572
LowerLegAlpha=-0.0981747731566429
LowerLegTheta=0.628318548202515
