[%General]
Highest=151
CenterX=30.277981197427
CenterY=257.527956457199
XWidth=58

[LeftLeg]
ThighAlpha=-0.0606898590922356
ThighTheta=-0.531532108783722
LowerLegAlpha=0.00356999784708023
LowerLegTheta=-0.398252427577972

[RightLeg]
ThighAlpha=-0.0606898590922356
ThighTheta=0.537878811359406
LowerLegAlpha=0.00713998824357986
LowerLegTheta=0.531532108783722
