[%General]
Highest=157
CenterX=33.0684944324881
CenterY=36.7918031252924
XWidth=56

[LeftLeg]
ThighAlpha=-0.0785398185253143
ThighTheta=0.401879131793976
LowerLegAlpha=-0.0499798804521561
LowerLegTheta=0.199239581823349

[RightLeg]
ThighAlpha=0.0999597758054733
ThighTheta=-0.461718916893005
LowerLegAlpha=0.00713998824357986
LowerLegTheta=-0.537878751754761
