[%General]
Highest=158
CenterX=35.2855853108034
CenterY=156.755261392058
XWidth=61

[LeftLeg]
ThighAlpha=-0.0589048638939857
ThighTheta=0.549778699874878
LowerLegAlpha=0
LowerLegTheta=0.157079637050629

[RightLeg]
ThighAlpha=0.0392699092626572
ThighTheta=-0.314159274101257
LowerLegAlpha=0
LowerLegTheta=-0.157079637050629
