[%General]
Highest=160
CenterX=30.3869775055742
CenterY=204.389701109198
XWidth=60

[LeftLeg]
ThighAlpha=-0.0392699092626572
ThighTheta=0.249106109142303
LowerLegAlpha=-0.0499798804521561
LowerLegTheta=0.109479777514935

[RightLeg]
ThighAlpha=0.0321299284696579
ThighTheta=0.0333199352025986
LowerLegAlpha=0.00356999784708023
LowerLegTheta=-0.959931075572968
