[%General]
Highest=157
CenterX=33.0684944324881
CenterY=36.7918031252924
XWidth=56

[LeftLeg]
ThighAlpha=-0.0785398185253143
ThighTheta=0.391905784606934
LowerLegAlpha=-0.0142799615859985
LowerLegTheta=0.179292947053909

[RightLeg]
ThighAlpha=0.0999597758054733
ThighTheta=-0.461718916893005
LowerLegAlpha=0.00713998824357986
LowerLegTheta=-0.537878751754761
