[%General]
Highest=156
CenterX=33.0692840944233
CenterY=175.113171322544
XWidth=64

[LeftLeg]
ThighAlpha=-0.0981747731566429
ThighTheta=0.471238911151886
LowerLegAlpha=-0.0785398185253143
LowerLegTheta=0.471238911151886

[RightLeg]
ThighAlpha=0.0589048638939857
ThighTheta=-0.510508835315704
LowerLegAlpha=0
LowerLegTheta=-0.314159274101257
