[%General]
Highest=156
CenterX=33.5170078886805
CenterY=32.7084114884729
XWidth=55

[LeftLeg]
ThighAlpha=-0.0981747731566429
ThighTheta=0.392699092626572
LowerLegAlpha=0
LowerLegTheta=0.314159274101257

[RightLeg]
ThighAlpha=0.0981747731566429
ThighTheta=-0.510508835315704
LowerLegAlpha=-0.0392699092626572
LowerLegTheta=-0.392699092626572
