[%General]
Highest=159
CenterX=30.3777942753444
CenterY=208.976312243944
XWidth=60

[LeftLeg]
ThighAlpha=-0.0981747731566429
ThighTheta=0.157079637050629
LowerLegAlpha=0.0392699092626572
LowerLegTheta=0.157079637050629

[RightLeg]
ThighAlpha=0.0589048638939857
ThighTheta=0.0785398185253143
LowerLegAlpha=0
LowerLegTheta=-0.785398185253143
