[%General]
Highest=158
CenterX=35.2855853108034
CenterY=156.755261392058
XWidth=61

[LeftLeg]
ThighAlpha=-0.082109808921814
ThighTheta=0.507958889007568
LowerLegAlpha=0.00356999784708023
LowerLegTheta=0.212839543819427

[RightLeg]
ThighAlpha=0.0321299284696579
ThighTheta=-0.371959120035172
LowerLegAlpha=0.00356999784708023
LowerLegTheta=-0.0265199020504951
