[%General]
Highest=157
CenterX=34.0845280517113
CenterY=90.3887323554598
XWidth=61

[LeftLeg]
ThighAlpha=-0.0214199498295784
ThighTheta=-0.461718916893005
LowerLegAlpha=-0.0142799615859985
LowerLegTheta=-0.255452752113342

[RightLeg]
ThighAlpha=0.0285599380731583
ThighTheta=0.395079135894775
LowerLegAlpha=-0.103529758751392
LowerLegTheta=0.458545625209808
