[%General]
Highest=153
CenterX=29.6431956964234
CenterY=248.031288165164
XWidth=60

[LeftLeg]
ThighAlpha=-0.117809727787971
ThighTheta=-0.537878751754761
LowerLegAlpha=0.0428399071097374
LowerLegTheta=-0.235959425568581

[RightLeg]
ThighAlpha=-0.0606898590922356
ThighTheta=0.507958889007568
LowerLegAlpha=-0.0856797993183136
LowerLegTheta=0.641238570213318
