[%General]
Highest=157
CenterX=34.3451355789642
CenterY=107.374614491128
XWidth=61

[LeftLeg]
ThighAlpha=-0.0392699092626572
ThighTheta=-0.534705400466919
LowerLegAlpha=0.021419957280159
LowerLegTheta=-0.537878751754761

[RightLeg]
ThighAlpha=-0.024989940226078
ThighTheta=0.534705460071564
LowerLegAlpha=0.00356999784708023
LowerLegTheta=0.322092622518539
