[%General]
Highest=158
CenterX=32.9524952906529
CenterY=41.009896261707
XWidth=56

[LeftLeg]
ThighAlpha=-0.0785398185253143
ThighTheta=0.391905784606934
LowerLegAlpha=-0.0856797993183136
LowerLegTheta=0.106306441128254

[RightLeg]
ThighAlpha=0.121379725635052
ThighTheta=-0.322092592716217
LowerLegAlpha=-0.0107099711894989
LowerLegTheta=-0.747318267822266
