[%General]
Highest=160
CenterX=30.1436025468284
CenterY=213.085757311564
XWidth=59

[LeftLeg]
ThighAlpha=-0.0981747731566429
ThighTheta=0
LowerLegAlpha=-0.0392699092626572
LowerLegTheta=0.235619455575943

[RightLeg]
ThighAlpha=0.0392699092626572
ThighTheta=0.314159274101257
LowerLegAlpha=0.0589048638939857
LowerLegTheta=-0.785398185253143
