[%General]
Highest=154
CenterX=32.727331417065
CenterY=289.685875463055
XWidth=52

[LeftLeg]
ThighAlpha=-0.0642598494887352
ThighTheta=0.0364932715892792
LowerLegAlpha=0.00356999784708023
LowerLegTheta=-0.959931075572968

[RightLeg]
ThighAlpha=0.0321299284696579
ThighTheta=0.179292947053909
LowerLegAlpha=0.021419957280159
LowerLegTheta=-0.0333198979496956
