[%General]
Highest=152
CenterX=31.7543332642773
CenterY=273.047976659071
XWidth=51

[LeftLeg]
ThighAlpha=-0.00713998079299927
ThighTheta=-0.179292917251587
LowerLegAlpha=0.00356999784708023
LowerLegTheta=-1.09955739974976

[RightLeg]
ThighAlpha=-0.00356999039649963
ThighTheta=0.534705460071564
LowerLegAlpha=0.00356999784708023
LowerLegTheta=0.0333199352025986
