[%General]
Highest=159
CenterX=34.0248843403897
CenterY=16.6780877611103
XWidth=52

[LeftLeg]
ThighAlpha=-0.0999597683548927
ThighTheta=0.322092622518539
LowerLegAlpha=0.0606898665428162
LowerLegTheta=0.388732463121414

[RightLeg]
ThighAlpha=0.0107099786400795
ThighTheta=-0.391905754804611
LowerLegAlpha=-0.0499798804521561
LowerLegTheta=-0.0364932343363762
