[%General]
Highest=158
CenterX=34.8583528362866
CenterY=161.171613606251
XWidth=63

[LeftLeg]
ThighAlpha=-0.0214199498295784
ThighTheta=0.534705460071564
LowerLegAlpha=-0.0999597683548927
LowerLegTheta=0.391905784606934

[RightLeg]
ThighAlpha=0.0856798067688942
ThighTheta=-0.461718916893005
LowerLegAlpha=-0.0856797993183136
LowerLegTheta=-0.0364932343363762
