[%General]
Highest=156
CenterX=31.8634448608869
CenterY=184.877930676005
XWidth=63

[LeftLeg]
ThighAlpha=-0.0606898590922356
ThighTheta=0.534705460071564
LowerLegAlpha=-0.103529758751392
LowerLegTheta=0.249106109142303

[RightLeg]
ThighAlpha=0.0678298473358154
ThighTheta=-0.461718916893005
LowerLegAlpha=-0.0107099711894989
LowerLegTheta=-0.468065589666367
