[%General]
Highest=154
CenterX=31.2313525224389
CenterY=267.833763196809
XWidth=53

[LeftLeg]
ThighAlpha=-0.0214199498295784
ThighTheta=-0.2522794008255
LowerLegAlpha=0.0249899476766586
LowerLegTheta=-0.956757783889771

[RightLeg]
ThighAlpha=-0.024989940226078
ThighTheta=0.537878811359406
LowerLegAlpha=0.0249899476766586
LowerLegTheta=0.172946274280548
