[%General]
Highest=159
CenterX=33.9103415629946
CenterY=14.0883123030724
XWidth=51

[LeftLeg]
ThighAlpha=-0.0392699092626572
ThighTheta=0.252279460430145
LowerLegAlpha=0.021419957280159
LowerLegTheta=0.265879422426224

[RightLeg]
ThighAlpha=-0.0785398185253143
ThighTheta=-0.371959120035172
LowerLegAlpha=0.021419957280159
LowerLegTheta=0.0333199612796307
