[%General]
Highest=162
CenterX=33.3376555474224
CenterY=67.0693064705404
XWidth=58

[LeftLeg]
ThighAlpha=-0.0606898590922356
ThighTheta=-0.106306403875351
LowerLegAlpha=-0.0499798804521561
LowerLegTheta=0.030146598815918

[RightLeg]
ThighAlpha=0.0499798879027367
ThighTheta=0.249106109142303
LowerLegAlpha=0.13922968506813
LowerLegTheta=-0.52835875749588
