[%General]
Highest=156
CenterX=33.6343922389195
CenterY=28.0693089486127
XWidth=54

[LeftLeg]
ThighAlpha=-0.0392699092626572
ThighTheta=0.391905784606934
LowerLegAlpha=-0.0321299210190773
LowerLegTheta=0.391905784606934

[RightLeg]
ThighAlpha=0.0499798879027367
ThighTheta=-0.534705400466919
LowerLegAlpha=-0.0285599306225777
LowerLegTheta=-0.249106079339981
