[%General]
Highest=157
CenterX=31.0284825380132
CenterY=195.328367147218
XWidth=61

[LeftLeg]
ThighAlpha=-0.0785398185253143
ThighTheta=0.395079135894775
LowerLegAlpha=-0.0321299210190773
LowerLegTheta=0.18291962146759

[RightLeg]
ThighAlpha=0.0285599380731583
ThighTheta=-0.2522794008255
LowerLegAlpha=0.00713998824357986
LowerLegTheta=-0.777238190174103
