[%General]
Highest=156
CenterX=33.6343922389195
CenterY=28.0693089486127
XWidth=54

[LeftLeg]
ThighAlpha=-0.0981747731566429
ThighTheta=0.392699092626572
LowerLegAlpha=0.0196349546313286
LowerLegTheta=0.431968986988068

[RightLeg]
ThighAlpha=0.0981747731566429
ThighTheta=-0.589048624038696
LowerLegAlpha=-0.0981747731566429
LowerLegTheta=-0.157079637050629
