[%General]
Highest=161
CenterX=32.5674029030079
CenterY=58.4462151394422
XWidth=58

[LeftLeg]
ThighAlpha=-0.0785398185253143
ThighTheta=-0.00339995324611664
LowerLegAlpha=0.00356999784708023
LowerLegTheta=0.206039562821388

[RightLeg]
ThighAlpha=0.0678298473358154
ThighTheta=0.0564399100840092
LowerLegAlpha=0.021419957280159
LowerLegTheta=-0.830278038978577
