[%General]
Highest=156
CenterX=34.3655195963122
CenterY=165.465670093966
XWidth=63

[LeftLeg]
ThighAlpha=-0.0606898590922356
ThighTheta=0.534705460071564
LowerLegAlpha=-0.082109808921814
LowerLegTheta=0.531532108783722

[RightLeg]
ThighAlpha=0.0678298473358154
ThighTheta=-0.464892268180847
LowerLegAlpha=-0.0142799615859985
LowerLegTheta=-0.172946244478226
