[%General]
Highest=151
CenterX=30.277981197427
CenterY=257.527956457199
XWidth=58

[LeftLeg]
ThighAlpha=-0.0981747731566429
ThighTheta=-0.510508835315704
LowerLegAlpha=0.0392699092626572
LowerLegTheta=-0.431968986988068

[RightLeg]
ThighAlpha=-0.0785398185253143
ThighTheta=0.549778699874878
LowerLegAlpha=-0.0196349546313286
LowerLegTheta=0.510508835315704
