[%General]
Highest=156
CenterX=33.5170078886805
CenterY=32.7084114884729
XWidth=55

[LeftLeg]
ThighAlpha=-0.121379718184471
ThighTheta=0.401879131793976
LowerLegAlpha=0.021419957280159
LowerLegTheta=0.31891930103302

[RightLeg]
ThighAlpha=0.0856798067688942
ThighTheta=-0.544678747653961
LowerLegAlpha=-0.0285599306225777
LowerLegTheta=-0.342039197683334
