[%General]
Highest=154
CenterX=29.1745551705913
CenterY=239.892095836514
XWidth=60

[LeftLeg]
ThighAlpha=-0.0606898590922356
ThighTheta=-0.534705400466919
LowerLegAlpha=-0.0499798804521561
LowerLegTheta=-0.0396665707230568

[RightLeg]
ThighAlpha=-0.0464098900556564
ThighTheta=0.46489229798317
LowerLegAlpha=-0.13922968506813
LowerLegTheta=0.601345300674438
