[%General]
Highest=152
CenterX=31.7543332642773
CenterY=273.047976659071
XWidth=51

[LeftLeg]
ThighAlpha=0
ThighTheta=-0.314159274101257
LowerLegAlpha=-0.0392699092626572
LowerLegTheta=-0.785398185253143

[RightLeg]
ThighAlpha=-0.0392699092626572
ThighTheta=0.471238911151886
LowerLegAlpha=0.0785398185253143
LowerLegTheta=0.157079637050629
