[%General]
Highest=156
CenterX=32.2649203063821
CenterY=179.817291339828
XWidth=63

[LeftLeg]
ThighAlpha=-0.117809727787971
ThighTheta=0.484838932752609
LowerLegAlpha=-0.0107099711894989
LowerLegTheta=0.424999058246613

[RightLeg]
ThighAlpha=0.0499798879027367
ThighTheta=-0.491638839244843
LowerLegAlpha=0.00713998824357986
LowerLegTheta=-0.38827908039093
