[%General]
Highest=156
CenterX=34.0294330787669
CenterY=98.9627766319193
XWidth=60

[LeftLeg]
ThighAlpha=-0.0428398996591568
ThighTheta=-0.534705400466919
LowerLegAlpha=0.00356999784708023
LowerLegTheta=-0.395079076290131

[RightLeg]
ThighAlpha=-0.00713998079299927
ThighTheta=0.46171897649765
LowerLegAlpha=-0.103529758751392
LowerLegTheta=0.534705460071564
