[%General]
Highest=157
CenterX=33.9342027915624
CenterY=23.6994080575264
XWidth=53

[LeftLeg]
ThighAlpha=-0.0785398185253143
ThighTheta=0.392699092626572
LowerLegAlpha=0.0196349546313286
LowerLegTheta=0.471238911151886

[RightLeg]
ThighAlpha=0.0785398185253143
ThighTheta=-0.549778699874878
LowerLegAlpha=-0.0981747731566429
LowerLegTheta=-0.0785398185253143
