[%General]
Highest=161
CenterX=33.5831023495583
CenterY=76.2836178535347
XWidth=60

[LeftLeg]
ThighAlpha=-0.0196349546313286
ThighTheta=-0.235619455575943
LowerLegAlpha=-0.0785398185253143
LowerLegTheta=-0.157079637050629

[RightLeg]
ThighAlpha=0.0196349546313286
ThighTheta=0.431968986988068
LowerLegAlpha=0.0589048638939857
LowerLegTheta=-0.235619455575943
