[%General]
Highest=161
CenterX=32.5674029030079
CenterY=58.4462151394422
XWidth=58

[LeftLeg]
ThighAlpha=-0.0606898590922356
ThighTheta=0.0364932715892792
LowerLegAlpha=-0.0321299210190773
LowerLegTheta=0.176119610667229

[RightLeg]
ThighAlpha=0.121379725635052
ThighTheta=0.106306441128254
LowerLegAlpha=-0.0499798804521561
LowerLegTheta=-0.890117883682251
