[%General]
Highest=161
CenterX=34.2800826998475
CenterY=135.815778525774
XWidth=59

[LeftLeg]
ThighAlpha=-0.0606898590922356
ThighTheta=0.106306441128254
LowerLegAlpha=0.00356999784708023
LowerLegTheta=-0.890117883682251

[RightLeg]
ThighAlpha=-0.0392699092626572
ThighTheta=0.106306441128254
LowerLegAlpha=0.0428399071097374
LowerLegTheta=0.0333199352025986
