[%General]
Highest=159
CenterX=33.0772067685484
CenterY=50.0801716241624
XWidth=59

[LeftLeg]
ThighAlpha=-0.0999597683548927
ThighTheta=0.31891930103302
LowerLegAlpha=0.00356999784708023
LowerLegTheta=0.0333199352025986

[RightLeg]
ThighAlpha=0.121379725635052
ThighTheta=-0.179292917251587
LowerLegAlpha=0.0249899476766586
LowerLegTheta=-0.820304751396179
