[%General]
Highest=162
CenterX=34.4461383139828
CenterY=140.370179202423
XWidth=60

[LeftLeg]
ThighAlpha=-0.0392699092626572
ThighTheta=0.235619455575943
LowerLegAlpha=0
LowerLegTheta=-0.628318548202515

[RightLeg]
ThighAlpha=-0.0196349546313286
ThighTheta=0
LowerLegAlpha=0.0589048638939857
LowerLegTheta=0
