[%General]
Highest=159
CenterX=33.9103415629946
CenterY=14.0883123030724
XWidth=51

[LeftLeg]
ThighAlpha=-0.0214199498295784
ThighTheta=0.252279460430145
LowerLegAlpha=0.021419957280159
LowerLegTheta=0.176119610667229

[RightLeg]
ThighAlpha=-0.024989940226078
ThighTheta=-0.391905754804611
LowerLegAlpha=0.00356999784708023
LowerLegTheta=0.0333199352025986
