[%General]
Highest=159
CenterX=29.9355751099937
CenterY=226.742420161025
XWidth=61

[LeftLeg]
ThighAlpha=-0.0785398185253143
ThighTheta=-0.249106079339981
LowerLegAlpha=-0.0678298398852348
LowerLegTheta=-0.0333198979496956

[RightLeg]
ThighAlpha=-0.0392699092626572
ThighTheta=0.46489229798317
LowerLegAlpha=0.0821098163723946
LowerLegTheta=-0.0364932343363762
