[%General]
Highest=152
CenterX=30.5879763895049
CenterY=262.455355010406
XWidth=57

[LeftLeg]
ThighAlpha=-0.0785398185253143
ThighTheta=-0.431798994541168
LowerLegAlpha=0.0428399071097374
LowerLegTheta=-0.627638518810272

[RightLeg]
ThighAlpha=-0.0392699092626572
ThighTheta=0.514758884906769
LowerLegAlpha=0.021419957280159
LowerLegTheta=0.401879131793976
