[%General]
Highest=152
CenterX=30.5879763895049
CenterY=262.455355010406
XWidth=57

[LeftLeg]
ThighAlpha=-0.0785398185253143
ThighTheta=-0.391905754804611
LowerLegAlpha=0.0606898665428162
LowerLegTheta=-0.677505135536194

[RightLeg]
ThighAlpha=-0.0392699092626572
ThighTheta=0.534705460071564
LowerLegAlpha=0.00356999784708023
LowerLegTheta=0.391905784606934
