[%General]
Highest=159
CenterX=30.3777942753444
CenterY=208.976312243944
XWidth=60

[LeftLeg]
ThighAlpha=-0.0606898590922356
ThighTheta=0.179292947053909
LowerLegAlpha=0.021419957280159
LowerLegTheta=0.103133104741573

[RightLeg]
ThighAlpha=0.0821098163723946
ThighTheta=0.245932787656784
LowerLegAlpha=-0.0285599306225777
LowerLegTheta=-1.09955739974976
