[%General]
Highest=159
CenterX=32.9155762266727
CenterY=54.7094396816031
XWidth=57

[LeftLeg]
ThighAlpha=-0.0428398996591568
ThighTheta=0.179292947053909
LowerLegAlpha=-0.0321299210190773
LowerLegTheta=0.0364932715892792

[RightLeg]
ThighAlpha=0.0856798067688942
ThighTheta=-0.249106079339981
LowerLegAlpha=0.0606898665428162
LowerLegTheta=-0.610865235328674
