[%General]
Highest=158
CenterX=34.5744968689419
CenterY=116.844032858677
XWidth=60

[LeftLeg]
ThighAlpha=-0.0214199498295784
ThighTheta=-0.322092592716217
LowerLegAlpha=0.00713998824357986
LowerLegTheta=-0.817131459712982

[RightLeg]
ThighAlpha=-0.0214199498295784
ThighTheta=0.537878811359406
LowerLegAlpha=-0.0142799615859985
LowerLegTheta=0.030146598815918
