[%General]
Highest=161
CenterX=33.5831023495583
CenterY=76.2836178535347
XWidth=60

[LeftLeg]
ThighAlpha=-0.00713998079299927
ThighTheta=-0.229159444570541
LowerLegAlpha=-0.0892497897148132
LowerLegTheta=-0.169319570064545

[RightLeg]
ThighAlpha=0.0321299284696579
ThighTheta=0.424999058246613
LowerLegAlpha=0.021419957280159
LowerLegTheta=-0.2522794008255
