[%General]
Highest=160
CenterX=34.2370697361002
CenterY=86.3291527428249
XWidth=60

[LeftLeg]
ThighAlpha=-0.024989940226078
ThighTheta=-0.464892268180847
LowerLegAlpha=0.00356999784708023
LowerLegTheta=-0.10313306748867

[RightLeg]
ThighAlpha=0.0142799690365791
ThighTheta=0.391905784606934
LowerLegAlpha=-0.0321299210190773
LowerLegTheta=0.322092622518539
