[%General]
Highest=158
CenterX=29.4463926110985
CenterY=230.786388068741
XWidth=61

[LeftLeg]
ThighAlpha=-0.082109808921814
ThighTheta=-0.322092592716217
LowerLegAlpha=-0.0678298398852348
LowerLegTheta=-0.0364932343363762

[RightLeg]
ThighAlpha=-0.0464098900556564
ThighTheta=0.46489229798317
LowerLegAlpha=0.00356999784708023
LowerLegTheta=0.179292947053909
