[%General]
Highest=162
CenterX=33.4770519759769
CenterY=71.5302513531549
XWidth=60

[LeftLeg]
ThighAlpha=-0.0214199498295784
ThighTheta=-0.116279698908329
LowerLegAlpha=-0.121379718184471
LowerLegTheta=-0.0795597806572914

[RightLeg]
ThighAlpha=0.0499798879027367
ThighTheta=0.401879131793976
LowerLegAlpha=0.13922968506813
LowerLegTheta=-0.454918920993805
