[%General]
Highest=161
CenterX=34.9683361054642
CenterY=148.355313250785
XWidth=59

[LeftLeg]
ThighAlpha=-0.024989940226078
ThighTheta=0.395079135894775
LowerLegAlpha=0.00356999784708023
LowerLegTheta=-0.305319279432297

[RightLeg]
ThighAlpha=-0.00356999039649963
ThighTheta=-0.199239507317543
LowerLegAlpha=0.00356999784708023
LowerLegTheta=0.0265199784189463
