[%General]
Highest=148
CenterX=32.5833587630963
CenterY=296.280608958058
XWidth=49

[LeftLeg]
ThighAlpha=-0.157079637050629
ThighTheta=0.438599050045013
LowerLegAlpha=-0.13922968506813
LowerLegTheta=-0.604518592357635

[RightLeg]
ThighAlpha=0.0321299284696579
ThighTheta=-0.0564398318529129
LowerLegAlpha=0.0606898665428162
LowerLegTheta=0.116279773414135
