[%General]
Highest=151
CenterX=32.5196932841471
CenterY=293.576687017736
XWidth=50

[LeftLeg]
ThighAlpha=-0.0981747731566429
ThighTheta=0.157079637050629
LowerLegAlpha=0.0392699092626572
LowerLegTheta=-0.706858336925507

[RightLeg]
ThighAlpha=0.0589048638939857
ThighTheta=0.0785398185253143
LowerLegAlpha=0
LowerLegTheta=0
