[%General]
Highest=160
CenterX=33.9221478831088
CenterY=81.5315438741171
XWidth=62

[LeftLeg]
ThighAlpha=-0.0392699092626572
ThighTheta=-0.342039197683334
LowerLegAlpha=0.00356999784708023
LowerLegTheta=-0.139399647712708

[RightLeg]
ThighAlpha=0.0142799690365791
ThighTheta=0.401879131793976
LowerLegAlpha=0.0249899476766586
LowerLegTheta=-0.010199936106801
