[%General]
Highest=160
CenterX=35.5893235714638
CenterY=152.278644677809
XWidth=61

[LeftLeg]
ThighAlpha=-0.0785398185253143
ThighTheta=0.454919010400772
LowerLegAlpha=0.0428399071097374
LowerLegTheta=0.0333199612796307

[RightLeg]
ThighAlpha=0.0142799690365791
ThighTheta=-0.259079366922379
LowerLegAlpha=0.00356999784708023
LowerLegTheta=-0.0632398128509521
