[%General]
Highest=155
CenterX=29.2444774400776
CenterY=235.364367746432
XWidth=60

[LeftLeg]
ThighAlpha=-0.0999597683548927
ThighTheta=-0.395079076290131
LowerLegAlpha=0.00356999784708023
LowerLegTheta=-0.10313306748867

[RightLeg]
ThighAlpha=-0.0606898590922356
ThighTheta=0.46489229798317
LowerLegAlpha=-0.0856797993183136
LowerLegTheta=0.46171897649765
