[%General]
Highest=154
CenterX=29.3275318270444
CenterY=243.855143938525
XWidth=60

[LeftLeg]
ThighAlpha=-0.0785398185253143
ThighTheta=-0.544678747653961
LowerLegAlpha=-0.0142799615859985
LowerLegTheta=-0.139399647712708

[RightLeg]
ThighAlpha=-0.0606898590922356
ThighTheta=0.46171897649765
LowerLegAlpha=-0.121379718184471
LowerLegTheta=0.687478482723236
