[%General]
Highest=160
CenterX=33.9221478831088
CenterY=81.5315438741171
XWidth=62

[LeftLeg]
ThighAlpha=-0.0214199498295784
ThighTheta=-0.322092592716217
LowerLegAlpha=-0.0678298398852348
LowerLegTheta=-0.179292917251587

[RightLeg]
ThighAlpha=0.0142799690365791
ThighTheta=0.391905784606934
LowerLegAlpha=0.0249899476766586
LowerLegTheta=0.0396666079759598
