[%General]
Highest=161
CenterX=34.2800826998475
CenterY=135.815778525774
XWidth=59

[LeftLeg]
ThighAlpha=-0.0606898590922356
ThighTheta=0.116279773414135
LowerLegAlpha=0.00356999784708023
LowerLegTheta=-0.920037806034088

[RightLeg]
ThighAlpha=-0.0392699092626572
ThighTheta=0.0863598436117172
LowerLegAlpha=0.0606898665428162
LowerLegTheta=0.0632398948073387
