[%General]
Highest=157
CenterX=34.0845280517113
CenterY=90.3887323554598
XWidth=61

[LeftLeg]
ThighAlpha=-0.0214199498295784
ThighTheta=-0.491638839244843
LowerLegAlpha=-0.0142799615859985
LowerLegTheta=-0.215559482574463

[RightLeg]
ThighAlpha=0.0107099786400795
ThighTheta=0.395079135894775
LowerLegAlpha=-0.0856797993183136
LowerLegTheta=0.468518972396851
