[%General]
Highest=158
CenterX=32.9524952906529
CenterY=41.009896261707
XWidth=56

[LeftLeg]
ThighAlpha=-0.0785398185253143
ThighTheta=0.401879131793976
LowerLegAlpha=-0.0321299210190773
LowerLegTheta=0.146199703216553

[RightLeg]
ThighAlpha=0.0856798067688942
ThighTheta=-0.342039197683334
LowerLegAlpha=0.0249899476766586
LowerLegTheta=-0.717398345470428
