[%General]
Highest=151
CenterX=30.277981197427
CenterY=257.527956457199
XWidth=58

[LeftLeg]
ThighAlpha=-0.0785398185253143
ThighTheta=-0.491638839244843
LowerLegAlpha=0.021419957280159
LowerLegTheta=-0.478038877248764

[RightLeg]
ThighAlpha=-0.0785398185253143
ThighTheta=0.537878811359406
LowerLegAlpha=0.0249899476766586
LowerLegTheta=0.521558880805969
