[%General]
Highest=158
CenterX=34.5534845919404
CenterY=112.140047409414
XWidth=60

[LeftLeg]
ThighAlpha=-0.0464098900556564
ThighTheta=-0.401879042387009
LowerLegAlpha=0.0606898665428162
LowerLegTheta=-0.747318267822266

[RightLeg]
ThighAlpha=-0.0214199498295784
ThighTheta=0.514758884906769
LowerLegAlpha=0.00356999784708023
LowerLegTheta=0.259079456329346
