[%General]
Highest=160
CenterX=35.1661994500704
CenterY=126.721816108913
XWidth=60

[LeftLeg]
ThighAlpha=-0.0785398185253143
ThighTheta=-0.235619455575943
LowerLegAlpha=0.0589048638939857
LowerLegTheta=-0.785398185253143

[RightLeg]
ThighAlpha=-0.0196349546313286
ThighTheta=0.314159274101257
LowerLegAlpha=0.0589048638939857
LowerLegTheta=0
