[%General]
Highest=151
CenterX=32.5196932841471
CenterY=293.576687017736
XWidth=50

[LeftLeg]
ThighAlpha=-0.117809727787971
ThighTheta=0.295799374580383
LowerLegAlpha=-0.0321299210190773
LowerLegTheta=-0.866998016834259

[RightLeg]
ThighAlpha=0.0678298473358154
ThighTheta=0.0863598436117172
LowerLegAlpha=-0.00356999039649963
LowerLegTheta=0.00340002961456776
