[%General]
Highest=161
CenterX=33.2486292518287
CenterY=62.6015733805097
XWidth=58

[LeftLeg]
ThighAlpha=-0.0606898590922356
ThighTheta=0.0197199955582619
LowerLegAlpha=0.00356999784708023
LowerLegTheta=0.070039875805378

[RightLeg]
ThighAlpha=0.121379725635052
ThighTheta=0.176119640469551
LowerLegAlpha=-0.024989940226078
LowerLegTheta=-0.837078034877777
