[%General]
Highest=153
CenterX=29.6431956964234
CenterY=248.031288165164
XWidth=60

[LeftLeg]
ThighAlpha=-0.0999597683548927
ThighTheta=-0.537878751754761
LowerLegAlpha=0.0249899476766586
LowerLegTheta=-0.2459327429533

[RightLeg]
ThighAlpha=-0.0606898590922356
ThighTheta=0.537878811359406
LowerLegAlpha=-0.0856797993183136
LowerLegTheta=0.601345300674438
