[%General]
Highest=164
CenterX=39.0696692012738
CenterY=278.700981347891
XWidth=53

[LeftLeg]
ThighAlpha=0.0196349546313286
ThighTheta=-0.0785398185253143
LowerLegAlpha=-0.0785398185253143
LowerLegTheta=-0.785398185253143

[RightLeg]
ThighAlpha=0.0981747731566429
ThighTheta=0.314159274101257
LowerLegAlpha=0.0196349546313286
LowerLegTheta=-0.0785398185253143
