[%General]
Highest=174
CenterX=39.1499778217167
CenterY=166.145669972108
XWidth=62

[LeftLeg]
ThighAlpha=-0.0785398185253143
ThighTheta=0.549778699874878
LowerLegAlpha=-0.0981747731566429
LowerLegTheta=0.392699092626572

[RightLeg]
ThighAlpha=0.0981747731566429
ThighTheta=-0.549778699874878
LowerLegAlpha=0.0589048638939857
LowerLegTheta=-0.235619455575943
