[%General]
Highest=179
CenterX=39.6683677382023
CenterY=131.932208116342
XWidth=61

[LeftLeg]
ThighAlpha=0.0196349546313286
ThighTheta=0.235619455575943
LowerLegAlpha=-0.0981747731566429
LowerLegTheta=-0.0785398185253143

[RightLeg]
ThighAlpha=0.0981747731566429
ThighTheta=0
LowerLegAlpha=0.0589048638939857
LowerLegTheta=-0.157079637050629
