[%General]
Highest=177
CenterX=40.8014589081181
CenterY=116.03357439456
XWidth=63

[LeftLeg]
ThighAlpha=0.0196349546313286
ThighTheta=-0.157079637050629
LowerLegAlpha=-0.0589048638939857
LowerLegTheta=-0.628318548202515

[RightLeg]
ThighAlpha=0.0981747731566429
ThighTheta=0.157079637050629
LowerLegAlpha=0.0589048638939857
LowerLegTheta=0.0785398185253143
