[%General]
Highest=166
CenterX=39.1122949038794
CenterY=274.741073943237
XWidth=54

[LeftLeg]
ThighAlpha=0.0785398185253143
ThighTheta=-0.235619455575943
LowerLegAlpha=-0.0981747731566429
LowerLegTheta=-0.706858336925507

[RightLeg]
ThighAlpha=0.0589048638939857
ThighTheta=0.235619455575943
LowerLegAlpha=0.0785398185253143
LowerLegTheta=0.157079637050629
