[%General]
Highest=163
CenterX=38.6333939334382
CenterY=282.527745020964
XWidth=54

[LeftLeg]
ThighAlpha=-0.0392699092626572
ThighTheta=-0.0785398185253143
LowerLegAlpha=0.0589048638939857
LowerLegTheta=-0.471238911151886

[RightLeg]
ThighAlpha=0.0589048638939857
ThighTheta=0.157079637050629
LowerLegAlpha=0.0589048638939857
LowerLegTheta=0.0785398185253143
