[%General]
Highest=174
CenterX=41.509165927479
CenterY=89.8662204660914
XWidth=61

[LeftLeg]
ThighAlpha=-0.0196349546313286
ThighTheta=-0.471238911151886
LowerLegAlpha=-0.0392699092626572
LowerLegTheta=-0.549778699874878

[RightLeg]
ThighAlpha=0.0981747731566429
ThighTheta=0.549778699874878
LowerLegAlpha=0.0785398185253143
LowerLegTheta=0.235619455575943
