[%General]
Highest=144
CenterX=35.4913029516444
CenterY=191.428965185046
XWidth=55

[LeftLeg]
ThighAlpha=-0.0981747731566429
ThighTheta=-0.353429168462753
LowerLegAlpha=-0.0392699092626572
LowerLegTheta=-0.0392699092626572

[RightLeg]
ThighAlpha=-0.0589048638939857
ThighTheta=0.431968986988068
LowerLegAlpha=0.0196349546313286
LowerLegTheta=0.392699092626572
