[%General]
Highest=136
CenterX=35.1427035923618
CenterY=277.838284936936
XWidth=46

[LeftLeg]
ThighAlpha=-0.0981747731566429
ThighTheta=0.667588412761688
LowerLegAlpha=-0.0785398185253143
LowerLegTheta=0.0785398185253143

[RightLeg]
ThighAlpha=0
ThighTheta=-0.392699092626572
LowerLegAlpha=0.0785398185253143
LowerLegTheta=-0.510508835315704
