[%General]
Highest=142
CenterX=36.9060928613383
CenterY=143.715828832572
XWidth=55

[LeftLeg]
ThighAlpha=-0.0981747731566429
ThighTheta=0.589048624038696
LowerLegAlpha=-0.0981747731566429
LowerLegTheta=0.235619455575943

[RightLeg]
ThighAlpha=0.0785398185253143
ThighTheta=-0.392699092626572
LowerLegAlpha=0.0589048638939857
LowerLegTheta=-0.431968986988068
