[%General]
Highest=142
CenterX=36.343882281798
CenterY=251.184454126804
XWidth=49

[LeftLeg]
ThighAlpha=-0.0981747731566429
ThighTheta=0.471238911151886
LowerLegAlpha=0.0785398185253143
LowerLegTheta=0.196349546313286

[RightLeg]
ThighAlpha=0
ThighTheta=-0.196349546313286
LowerLegAlpha=0.0981747731566429
LowerLegTheta=-0.117809727787971
