[%General]
Highest=138
CenterX=36.0254120217175
CenterY=264.000273074822
XWidth=48

[LeftLeg]
ThighAlpha=-0.0981747731566429
ThighTheta=0.628318548202515
LowerLegAlpha=-0.0589048638939857
LowerLegTheta=0.431968986988068

[RightLeg]
ThighAlpha=0
ThighTheta=-0.392699092626572
LowerLegAlpha=0.0981747731566429
LowerLegTheta=-0.274889349937439
