[%General]
Highest=161
CenterX=35.405207461876
CenterY=165.534395960841
XWidth=55

[LeftLeg]
ThighAlpha=-0.0981747731566429
ThighTheta=0.157079637050629
LowerLegAlpha=-0.0589048638939857
LowerLegTheta=-0.785398185253143

[RightLeg]
ThighAlpha=0
ThighTheta=0.117809727787971
LowerLegAlpha=0.0981747731566429
LowerLegTheta=-0.157079637050629
