[%General]
Highest=161
CenterX=37.4932614936433
CenterY=111.778385869642
XWidth=52

[LeftLeg]
ThighAlpha=0
ThighTheta=-0.353429168462753
LowerLegAlpha=-0.0981747731566429
LowerLegTheta=-0.353429168462753

[RightLeg]
ThighAlpha=0
ThighTheta=0.471238911151886
LowerLegAlpha=0
LowerLegTheta=0.353429168462753
