[%General]
Highest=139
CenterX=27.0760399225902
CenterY=297.795233642828
XWidth=42

[LeftLeg]
ThighAlpha=0
ThighTheta=-0.431968986988068
LowerLegAlpha=-0.0981747731566429
LowerLegTheta=-0.746128261089325

[RightLeg]
ThighAlpha=0.0392699092626572
ThighTheta=0.785398185253143
LowerLegAlpha=0.0392699092626572
LowerLegTheta=-0.157079637050629
