[%General]
Highest=156
CenterX=33.4008929093639
CenterY=207.07521494161
XWidth=49

[LeftLeg]
ThighAlpha=-0.0981747731566429
ThighTheta=0.589048624038696
LowerLegAlpha=-0.0196349546313286
LowerLegTheta=0.353429168462753

[RightLeg]
ThighAlpha=0
ThighTheta=-0.431968986988068
LowerLegAlpha=0.0589048638939857
LowerLegTheta=-0.510508835315704
