[%General]
Highest=136
CenterX=27.0592833876221
CenterY=308.287740598164
XWidth=37

[LeftLeg]
ThighAlpha=0.0392699092626572
ThighTheta=-0.274889349937439
LowerLegAlpha=-0.0785398185253143
LowerLegTheta=-0.785398185253143

[RightLeg]
ThighAlpha=0
ThighTheta=0.785398185253143
LowerLegAlpha=0
LowerLegTheta=-0.431968986988068
