[%General]
Highest=139
CenterX=27.089593711668
CenterY=303.256915412922
XWidth=41

[LeftLeg]
ThighAlpha=0.0196349546313286
ThighTheta=-0.353429168462753
LowerLegAlpha=-0.0981747731566429
LowerLegTheta=-0.785398185253143

[RightLeg]
ThighAlpha=0.0981747731566429
ThighTheta=0.785398185253143
LowerLegAlpha=-0.0392699092626572
LowerLegTheta=-0.274889349937439
