[%General]
Highest=154
CenterX=31.8577393786632
CenterY=264.312004615992
XWidth=51

[LeftLeg]
ThighAlpha=-0.0214199498295784
ThighTheta=0.0333199612796307
LowerLegAlpha=0.0249899476766586
LowerLegTheta=-0.694278359413147

[RightLeg]
ThighAlpha=0.0499798879027367
ThighTheta=0.0863598436117172
LowerLegAlpha=0.00356999784708023
LowerLegTheta=0.0496399253606796
