[%General]
Highest=148
CenterX=32.1449662381261
CenterY=294.887193377332
XWidth=46

[LeftLeg]
ThighAlpha=-0.0785398185253143
ThighTheta=0.866998076438904
LowerLegAlpha=-0.0321299210190773
LowerLegTheta=0.0727598741650581

[RightLeg]
ThighAlpha=0.0856798067688942
ThighTheta=-0.348839163780212
LowerLegAlpha=0.0642598569393158
LowerLegTheta=-0.395079076290131
