[%General]
Highest=158
CenterX=33.9234678069034
CenterY=67.4622544463035
XWidth=55

[LeftLeg]
ThighAlpha=-0.0464098900556564
ThighTheta=-0.37875908613205
LowerLegAlpha=-0.082109808921814
LowerLegTheta=-0.222359463572502

[RightLeg]
ThighAlpha=0.0999597758054733
ThighTheta=0.371959179639816
LowerLegAlpha=-0.0856797993183136
LowerLegTheta=0.265879422426224
