[%General]
Highest=155
CenterX=31.4322114026794
CenterY=166.349828701941
XWidth=53

[LeftLeg]
ThighAlpha=-0.0785398185253143
ThighTheta=0.60451865196228
LowerLegAlpha=-0.13922968506813
LowerLegTheta=-0.00339995324611664

[RightLeg]
ThighAlpha=0.103529766201973
ThighTheta=-0.342039197683334
LowerLegAlpha=0.021419957280159
LowerLegTheta=-0.717398345470428
