[%General]
Highest=157
CenterX=31.3784410020256
CenterY=207.229667303012
XWidth=56

[LeftLeg]
ThighAlpha=-0.117809727787971
ThighTheta=-0.199239507317543
LowerLegAlpha=-0.0856797993183136
LowerLegTheta=-0.206039488315582

[RightLeg]
ThighAlpha=0.0678298473358154
ThighTheta=0.424999058246613
LowerLegAlpha=-0.103529758751392
LowerLegTheta=-0.215559482574463
