[%General]
Highest=159
CenterX=33.65695175489
CenterY=51.2658307858506
XWidth=52

[LeftLeg]
ThighAlpha=-0.0785398185253143
ThighTheta=-0.0564398318529129
LowerLegAlpha=-0.157079637050629
LowerLegTheta=-0.176119565963745

[RightLeg]
ThighAlpha=0.0856798067688942
ThighTheta=0.259079456329346
LowerLegAlpha=0.021419957280159
LowerLegTheta=-0.116279698908329
