[%General]
Highest=158
CenterX=32.4330146341463
CenterY=192.9712
XWidth=54

[LeftLeg]
ThighAlpha=0.046409897506237
ThighTheta=0.079559862613678
LowerLegAlpha=-0.157079637050629
LowerLegTheta=0.0102000124752522

[RightLeg]
ThighAlpha=0.13922968506813
ThighTheta=0.551478803157806
LowerLegAlpha=0.13922968506813
LowerLegTheta=-0.507958829402924
