[%General]
Highest=157
CenterX=32.506954429414
CenterY=108.13624226063
XWidth=55

[LeftLeg]
ThighAlpha=0.0285599380731583
ThighTheta=0.18291962146759
LowerLegAlpha=-0.13922968506813
LowerLegTheta=-1.06963741779327

[RightLeg]
ThighAlpha=0.13922968506813
ThighTheta=0.199239581823349
LowerLegAlpha=0.0428399071097374
LowerLegTheta=-0.0265199020504951
