[%General]
Highest=159
CenterX=33.8414320247102
CenterY=42.0675835981915
XWidth=52

[LeftLeg]
ThighAlpha=-0.024989940226078
ThighTheta=0.199239581823349
LowerLegAlpha=-0.157079637050629
LowerLegTheta=-0.206039488315582

[RightLeg]
ThighAlpha=0.13922968506813
ThighTheta=-0.295799285173416
LowerLegAlpha=-0.117809727787971
LowerLegTheta=-0.2522794008255
