[%General]
Highest=157
CenterX=32.4056243563013
CenterY=134.215039312718
XWidth=56

[LeftLeg]
ThighAlpha=-0.0606898590922356
ThighTheta=0.484838932752609
LowerLegAlpha=0.021419957280159
LowerLegTheta=-0.10267972946167

[RightLeg]
ThighAlpha=0.13922968506813
ThighTheta=-0.312119245529175
LowerLegAlpha=0.021419957280159
LowerLegTheta=-0.0999597311019897
