[%General]
Highest=157
CenterX=31.9908197397698
CenterY=184.571533825501
XWidth=52

[LeftLeg]
ThighAlpha=-0.0464098900556564
ThighTheta=0.259079456329346
LowerLegAlpha=-0.13922968506813
LowerLegTheta=-0.0333198830485344

[RightLeg]
ThighAlpha=-0.00356999039649963
ThighTheta=-0.259079366922379
LowerLegAlpha=0.0249899476766586
LowerLegTheta=-0.454918920993805
