[%General]
Highest=152
CenterX=31.3140914123043
CenterY=231.008338964531
XWidth=52

[LeftLeg]
ThighAlpha=-0.082109808921814
ThighTheta=-0.408679038286209
LowerLegAlpha=-0.0142799615859985
LowerLegTheta=-0.501158833503723

[RightLeg]
ThighAlpha=-0.0214199498295784
ThighTheta=0.454919010400772
LowerLegAlpha=0.021419957280159
LowerLegTheta=0.521558880805969
