[%General]
Highest=152
CenterX=31.4034638484101
CenterY=235.45905302854
XWidth=52

[LeftLeg]
ThighAlpha=-0.0785398185253143
ThighTheta=-0.431798994541168
LowerLegAlpha=-0.0107099711894989
LowerLegTheta=-0.484838873147964

[RightLeg]
ThighAlpha=0.0678298473358154
ThighTheta=0.46171897649765
LowerLegAlpha=0.021419957280159
LowerLegTheta=0.424999058246613
