[%General]
Highest=153
CenterX=31.1538854964198
CenterY=226.663246644555
XWidth=52

[LeftLeg]
ThighAlpha=-0.0785398185253143
ThighTheta=-0.424998998641968
LowerLegAlpha=-0.0678298398852348
LowerLegTheta=-0.348839163780212

[RightLeg]
ThighAlpha=0.0321299284696579
ThighTheta=0.46171897649765
LowerLegAlpha=-0.0142799615859985
LowerLegTheta=0.567798733711243
