[%General]
Highest=156
CenterX=33.8698756873681
CenterY=74.5295275077533
XWidth=53

[LeftLeg]
ThighAlpha=-0.0428398996591568
ThighTheta=-0.454918920993805
LowerLegAlpha=-0.0678298398852348
LowerLegTheta=-0.24275940656662

[RightLeg]
ThighAlpha=0.121379725635052
ThighTheta=0.431799054145813
LowerLegAlpha=-0.0392699092626572
LowerLegTheta=0.408679097890854
