[%General]
Highest=156
CenterX=30.7101299091387
CenterY=210.871682811444
XWidth=55

[LeftLeg]
ThighAlpha=-0.0785398185253143
ThighTheta=-0.295799285173416
LowerLegAlpha=-0.13922968506813
LowerLegTheta=-0.139399647712708

[RightLeg]
ThighAlpha=0.0285599380731583
ThighTheta=0.424999058246613
LowerLegAlpha=-0.0856797993183136
LowerLegTheta=0.212839543819427
