[%General]
Highest=158
CenterX=32.0043341072811
CenterY=126.310531642555
XWidth=56

[LeftLeg]
ThighAlpha=0.0642598569393158
ThighTheta=0.431799054145813
LowerLegAlpha=-0.117809727787971
LowerLegTheta=-0.478038877248764

[RightLeg]
ThighAlpha=0.0856798067688942
ThighTheta=-0.146199628710747
LowerLegAlpha=0.103529766201973
LowerLegTheta=-0.109479710459709
