[%General]
Highest=152
CenterX=31.1509487115751
CenterY=251.192078879775
XWidth=50

[LeftLeg]
ThighAlpha=0.0285599380731583
ThighTheta=-0.109479710459709
LowerLegAlpha=-0.13922968506813
LowerLegTheta=-1.09955739974976

[RightLeg]
ThighAlpha=0.0856798067688942
ThighTheta=0.365159213542938
LowerLegAlpha=-0.0107099711894989
LowerLegTheta=0.070039875805378
