[%General]
Highest=157
CenterX=31.7172148238761
CenterY=112.414898940755
XWidth=56

[LeftLeg]
ThighAlpha=0.0499798879027367
ThighTheta=0.32571929693222
LowerLegAlpha=-0.13922968506813
LowerLegTheta=-0.866998016834259

[RightLeg]
ThighAlpha=0.13922968506813
ThighTheta=0.19243960082531
LowerLegAlpha=0.0107099786400795
LowerLegTheta=-0.192439526319504
