[%General]
Highest=157
CenterX=31.7325305175278
CenterY=180.548532824365
XWidth=54

[LeftLeg]
ThighAlpha=-0.0606898590922356
ThighTheta=0.424999058246613
LowerLegAlpha=-0.157079637050629
LowerLegTheta=-0.139399647712708

[RightLeg]
ThighAlpha=0.0321299284696579
ThighTheta=-0.0863597691059113
LowerLegAlpha=0.0606898665428162
LowerLegTheta=-0.860197961330414
