[%General]
Highest=153
CenterX=32.4838999629884
CenterY=283.469483071609
XWidth=51

[LeftLeg]
ThighAlpha=-0.0785398185253143
ThighTheta=0.574598729610443
LowerLegAlpha=0.021419957280159
LowerLegTheta=0.116279773414135

[RightLeg]
ThighAlpha=0.0856798067688942
ThighTheta=-0.265879362821579
LowerLegAlpha=0.046409897506237
LowerLegTheta=-0.109479710459709
