[%General]
Highest=159
CenterX=33.5690752483741
CenterY=55.5184034499948
XWidth=52

[LeftLeg]
ThighAlpha=-0.0785398185253143
ThighTheta=-0.116279698908329
LowerLegAlpha=-0.13922968506813
LowerLegTheta=-0.235959425568581

[RightLeg]
ThighAlpha=0.103529766201973
ThighTheta=0.342039257287979
LowerLegAlpha=-0.13922968506813
LowerLegTheta=-0.275399327278137
