[%General]
Highest=157
CenterX=34.0750294156099
CenterY=32.2264086808733
XWidth=51

[LeftLeg]
ThighAlpha=-0.117809727787971
ThighTheta=0.34883925318718
LowerLegAlpha=-0.0321299210190773
LowerLegTheta=-0.0564398318529129

[RightLeg]
ThighAlpha=0.0142799690365791
ThighTheta=-0.109479710459709
LowerLegAlpha=0.0999597758054733
LowerLegTheta=-0.979877710342407
