[%General]
Highest=142
CenterX=31.8224052304017
CenterY=303.250330043377
XWidth=43

[LeftLeg]
ThighAlpha=-0.157079637050629
ThighTheta=-0.401879042387009
LowerLegAlpha=-0.196349546313286
LowerLegTheta=-0.507958829402924

[RightLeg]
ThighAlpha=0.0821098163723946
ThighTheta=-0.371959120035172
LowerLegAlpha=0.0285599380731583
LowerLegTheta=-0.491638839244843
