[%General]
Highest=157
CenterX=31.0298698445114
CenterY=117.018508705037
XWidth=54

[LeftLeg]
ThighAlpha=0.0107099786400795
ThighTheta=0.31891930103302
LowerLegAlpha=-0.0142799615859985
LowerLegTheta=-0.777238190174103

[RightLeg]
ThighAlpha=0.0856798067688942
ThighTheta=0.0265199784189463
LowerLegAlpha=0.0606898665428162
LowerLegTheta=-0.0863597691059113
