[%General]
Highest=159
CenterX=33.6340407151869
CenterY=59.9143298816736
XWidth=53

[LeftLeg]
ThighAlpha=-0.0785398185253143
ThighTheta=-0.212839469313622
LowerLegAlpha=-0.0856797993183136
LowerLegTheta=-0.2454794049263

[RightLeg]
ThighAlpha=0.0856798067688942
ThighTheta=0.371959179639816
LowerLegAlpha=-0.0999597683548927
LowerLegTheta=-0.222359463572502
