[%General]
Highest=154
CenterX=31.5648845478967
CenterY=273.53064488579
XWidth=51

[LeftLeg]
ThighAlpha=-0.0785398185253143
ThighTheta=0.288999378681183
LowerLegAlpha=0.021419957280159
LowerLegTheta=-0.235959425568581

[RightLeg]
ThighAlpha=0.13922968506813
ThighTheta=-0.0564398318529129
LowerLegAlpha=-0.0428398996591568
LowerLegTheta=-0.0931597501039505
