[%General]
Highest=153
CenterX=31.2719250378085
CenterY=222.618812267107
XWidth=53

[LeftLeg]
ThighAlpha=-0.117809727787971
ThighTheta=-0.401879042387009
LowerLegAlpha=-0.0142799615859985
LowerLegTheta=-0.358359158039093

[RightLeg]
ThighAlpha=0.0499798879027367
ThighTheta=0.46171897649765
LowerLegAlpha=-0.0464098900556564
LowerLegTheta=0.544678807258606
