[%General]
Highest=155
CenterX=32.4395870953831
CenterY=145.637158720319
XWidth=55

[LeftLeg]
ThighAlpha=-0.0785398185253143
ThighTheta=0.484838932752609
LowerLegAlpha=-0.121379718184471
LowerLegTheta=0.46171897649765

[RightLeg]
ThighAlpha=0.13922968506813
ThighTheta=-0.454918920993805
LowerLegAlpha=0.021419957280159
LowerLegTheta=-0.24275940656662
