[%General]
Highest=154
CenterX=34.2950090365633
CenterY=16.7617127763103
XWidth=48

[LeftLeg]
ThighAlpha=-0.117809727787971
ThighTheta=0.222359538078308
LowerLegAlpha=-0.0499798804521561
LowerLegTheta=0.408679097890854

[RightLeg]
ThighAlpha=0.13922968506813
ThighTheta=0.259079456329346
LowerLegAlpha=0.13922968506813
LowerLegTheta=0.282199382781982
