[%General]
Highest=156
CenterX=33.2826432337434
CenterY=100.735353251318
XWidth=53

[LeftLeg]
ThighAlpha=0.0142799690365791
ThighTheta=-0.259079366922379
LowerLegAlpha=0.00356999784708023
LowerLegTheta=-0.80035811662674

[RightLeg]
ThighAlpha=0.13922968506813
ThighTheta=0.342039257287979
LowerLegAlpha=0.021419957280159
LowerLegTheta=0.0496399253606796
