[%General]
Highest=155
CenterX=32.570739840761
CenterY=149.311058835694
XWidth=55

[LeftLeg]
ThighAlpha=-0.0785398185253143
ThighTheta=0.484838932752609
LowerLegAlpha=-0.0999597683548927
LowerLegTheta=0.514758884906769

[RightLeg]
ThighAlpha=0.13922968506813
ThighTheta=-0.454918920993805
LowerLegAlpha=0.0606898665428162
LowerLegTheta=-0.38555908203125
