[%General]
Highest=155
CenterX=31.6367121491084
CenterY=161.757597921763
XWidth=54

[LeftLeg]
ThighAlpha=-0.117809727787971
ThighTheta=0.574598729610443
LowerLegAlpha=-0.121379718184471
LowerLegTheta=0.139399722218513

[RightLeg]
ThighAlpha=0.103529766201973
ThighTheta=-0.395079076290131
LowerLegAlpha=0.0999597758054733
LowerLegTheta=-0.67115843296051
