[%General]
Highest=156
CenterX=32.2980080648424
CenterY=142.075105530756
XWidth=56

[LeftLeg]
ThighAlpha=-0.0785398185253143
ThighTheta=0.46171897649765
LowerLegAlpha=-0.0499798804521561
LowerLegTheta=0.342039257287979

[RightLeg]
ThighAlpha=0.13922968506813
ThighTheta=-0.454918920993805
LowerLegAlpha=0.046409897506237
LowerLegTheta=-0.0999597311019897
