[%General]
Highest=157
CenterX=32.1925224279443
CenterY=130.106866768467
XWidth=56

[LeftLeg]
ThighAlpha=-0.0606898590922356
ThighTheta=0.371959179639816
LowerLegAlpha=0.00356999784708023
LowerLegTheta=-0.2522794008255

[RightLeg]
ThighAlpha=0.103529766201973
ThighTheta=-0.176119565963745
LowerLegAlpha=0.0606898665428162
LowerLegTheta=-0.192439526319504
