[%General]
Highest=150
CenterX=32.4612921951134
CenterY=288.667909725765
XWidth=50

[LeftLeg]
ThighAlpha=-0.0392699092626572
ThighTheta=0.694278478622437
LowerLegAlpha=0.00713998824357986
LowerLegTheta=0.215559557080269

[RightLeg]
ThighAlpha=0.103529766201973
ThighTheta=-0.305319279432297
LowerLegAlpha=0.0428399071097374
LowerLegTheta=-0.24275940656662
