[%General]
Highest=155
CenterX=31.0362645741335
CenterY=218.791482669886
XWidth=53

[LeftLeg]
ThighAlpha=-0.13922968506813
ThighTheta=-0.37875908613205
LowerLegAlpha=-0.0107099711894989
LowerLegTheta=-0.2454794049263

[RightLeg]
ThighAlpha=0.0321299284696579
ThighTheta=0.431799054145813
LowerLegAlpha=-0.0856797993183136
LowerLegTheta=0.544678807258606
