[%General]
Highest=152
CenterX=31.4028296444728
CenterY=245.91108783435
XWidth=52

[LeftLeg]
ThighAlpha=-0.00356999039649963
ThighTheta=-0.2522794008255
LowerLegAlpha=-0.0678298398852348
LowerLegTheta=-0.896917939186096

[RightLeg]
ThighAlpha=0.0856798067688942
ThighTheta=0.431799054145813
LowerLegAlpha=0.0428399071097374
LowerLegTheta=0.19243960082531
