[%General]
Highest=155
CenterX=33.5401627198255
CenterY=87.0816534794643
XWidth=52

[LeftLeg]
ThighAlpha=-0.00356999039649963
ThighTheta=-0.431798994541168
LowerLegAlpha=-0.0678298398852348
LowerLegTheta=-0.574598670005798

[RightLeg]
ThighAlpha=0.13922968506813
ThighTheta=0.49163892865181
LowerLegAlpha=0.0285599380731583
LowerLegTheta=0.229159519076347
