[%General]
Highest=154
CenterX=29.8673897770695
CenterY=218.177384807827
XWidth=51

[LeftLeg]
ThighAlpha=-0.0392699092626572
ThighTheta=0.544678807258606
LowerLegAlpha=-0.0499798804521561
LowerLegTheta=0.229159519076347

[RightLeg]
ThighAlpha=0.0678298473358154
ThighTheta=-0.395079076290131
LowerLegAlpha=0.0321299284696579
LowerLegTheta=-0.070039801299572
