[%General]
Highest=131
CenterX=28.975851179577
CenterY=311.534060451663
XWidth=40

[LeftLeg]
ThighAlpha=-0.117809727787971
ThighTheta=-0.484838873147964
LowerLegAlpha=-0.0499798804521561
LowerLegTheta=-0.38827908039093

[RightLeg]
ThighAlpha=0.13922968506813
ThighTheta=-0.431798994541168
LowerLegAlpha=0.13922968506813
LowerLegTheta=-0.288999319076538
