[%General]
Highest=156
CenterX=30.6663869499434
CenterY=178.073743499765
XWidth=52

[LeftLeg]
ThighAlpha=-0.00713998079299927
ThighTheta=-0.199239507317543
LowerLegAlpha=0.021419957280159
LowerLegTheta=-0.830278038978577

[RightLeg]
ThighAlpha=0.0499798879027367
ThighTheta=0.401879131793976
LowerLegAlpha=0.0606898665428162
LowerLegTheta=0.0564399100840092
