[%General]
Highest=158
CenterX=33.6167840796591
CenterY=79.8668522318034
XWidth=51

[LeftLeg]
ThighAlpha=-0.0214199498295784
ThighTheta=0.544678807258606
LowerLegAlpha=0.00356999784708023
LowerLegTheta=0.0333199612796307

[RightLeg]
ThighAlpha=0.103529766201973
ThighTheta=-0.2454794049263
LowerLegAlpha=0.0428399071097374
LowerLegTheta=-0.956757783889771
