[%General]
Highest=158
CenterX=32.0836193588033
CenterY=90.506857117163
XWidth=49

[LeftLeg]
ThighAlpha=-0.00356999039649963
ThighTheta=0.342039257287979
LowerLegAlpha=0.00356999784708023
LowerLegTheta=-0.00339995324611664

[RightLeg]
ThighAlpha=0.103529766201973
ThighTheta=-0.2522794008255
LowerLegAlpha=-0.0464098900556564
LowerLegTheta=-0.724198341369629
