[%General]
Highest=156
CenterX=29.7174776229894
CenterY=213.069839827714
XWidth=51

[LeftLeg]
ThighAlpha=-0.0428398996591568
ThighTheta=0.507958889007568
LowerLegAlpha=0.0428399071097374
LowerLegTheta=0.0102000124752522

[RightLeg]
ThighAlpha=0.0499798879027367
ThighTheta=-0.288999319076538
LowerLegAlpha=0.00356999784708023
LowerLegTheta=-0.0265199020504951
