[%General]
Highest=152
CenterX=30.0114495871209
CenterY=228.735774755395
XWidth=50

[LeftLeg]
ThighAlpha=-0.0999597683548927
ThighTheta=0.537878811359406
LowerLegAlpha=-0.0999597683548927
LowerLegTheta=0.498438894748688

[RightLeg]
ThighAlpha=0.0856798067688942
ThighTheta=-0.484838873147964
LowerLegAlpha=0.021419957280159
LowerLegTheta=-0.282199323177338
