[%General]
Highest=152
CenterX=30.6334334710227
CenterY=285.657654274628
XWidth=42

[LeftLeg]
ThighAlpha=-0.0785398185253143
ThighTheta=-0.0931597501039505
LowerLegAlpha=-0.13922968506813
LowerLegTheta=0.0401199460029602

[RightLeg]
ThighAlpha=0.0142799690365791
ThighTheta=0.312119334936142
LowerLegAlpha=-0.00713998079299927
LowerLegTheta=-0.162519589066505
