[%General]
Highest=157
CenterX=34.4572616540953
CenterY=68.2873477438098
XWidth=51

[LeftLeg]
ThighAlpha=-0.0606898590922356
ThighTheta=0.60451865196228
LowerLegAlpha=0.00356999784708023
LowerLegTheta=0.229159519076347

[RightLeg]
ThighAlpha=0.13922968506813
ThighTheta=-0.424998998641968
LowerLegAlpha=0.0285599380731583
LowerLegTheta=-0.717398345470428
