[%General]
Highest=157
CenterX=30.4120867867335
CenterY=192.945014132201
XWidth=53

[LeftLeg]
ThighAlpha=-0.0392699092626572
ThighTheta=0.288999378681183
LowerLegAlpha=0.021419957280159
LowerLegTheta=-0.926837861537933

[RightLeg]
ThighAlpha=0.0499798879027367
ThighTheta=0.116279773414135
LowerLegAlpha=0.0999597758054733
LowerLegTheta=-0.116279698908329
