[%General]
Highest=135
CenterX=29.4497150854744
CenterY=307.377286813956
XWidth=40

[LeftLeg]
ThighAlpha=-0.157079637050629
ThighTheta=-0.461718916893005
LowerLegAlpha=0.00713998824357986
LowerLegTheta=-0.2454794049263

[RightLeg]
ThighAlpha=0.13922968506813
ThighTheta=-0.371959120035172
LowerLegAlpha=0.13922968506813
LowerLegTheta=-0.235959425568581
