[%General]
Highest=157
CenterX=33.6839563513531
CenterY=73.8114980141713
XWidth=51

[LeftLeg]
ThighAlpha=-0.0428398996591568
ThighTheta=0.574598729610443
LowerLegAlpha=-0.0142799615859985
LowerLegTheta=0.139399722218513

[RightLeg]
ThighAlpha=0.0856798067688942
ThighTheta=-0.312119245529175
LowerLegAlpha=0.0606898665428162
LowerLegTheta=-0.896917939186096
