[%General]
Highest=159
CenterX=30.2131666501142
CenterY=121.503488429834
XWidth=50

[LeftLeg]
ThighAlpha=-0.0392699092626572
ThighTheta=-0.206039488315582
LowerLegAlpha=-0.0678298398852348
LowerLegTheta=-0.2522794008255

[RightLeg]
ThighAlpha=0.0142799690365791
ThighTheta=0.484838932752609
LowerLegAlpha=0.00356999784708023
LowerLegTheta=-0.10267972946167
