[%General]
Highest=150
CenterX=30.894719680007
CenterY=253.301493445795
XWidth=44

[LeftLeg]
ThighAlpha=-0.0785398185253143
ThighTheta=0.59771865606308
LowerLegAlpha=-0.0499798804521561
LowerLegTheta=0.199239581823349

[RightLeg]
ThighAlpha=0.0499798879027367
ThighTheta=-0.424998998641968
LowerLegAlpha=0.0428399071097374
LowerLegTheta=-0.754118263721466
