[%General]
Highest=161
CenterX=29.995719753947
CenterY=111.015604554182
XWidth=52

[LeftLeg]
ThighAlpha=-0.0464098900556564
ThighTheta=0.0197199955582619
LowerLegAlpha=-0.103529758751392
LowerLegTheta=-0.2454794049263

[RightLeg]
ThighAlpha=0.103529766201973
ThighTheta=0.229159519076347
LowerLegAlpha=-0.121379718184471
LowerLegTheta=-0.116279698908329
