[%General]
Highest=154
CenterX=28.9315845075662
CenterY=157.93136131653
XWidth=54

[LeftLeg]
ThighAlpha=-0.0785398185253143
ThighTheta=-0.544678747653961
LowerLegAlpha=-0.0285599306225777
LowerLegTheta=-0.627638518810272

[RightLeg]
ThighAlpha=0.0142799690365791
ThighTheta=0.574598729610443
LowerLegAlpha=0.0606898665428162
LowerLegTheta=0.371959179639816
