[%General]
Highest=160
CenterX=35.4890944415254
CenterY=23.5266926526473
XWidth=47

[LeftLeg]
ThighAlpha=-0.0214199498295784
ThighTheta=0.199239581823349
LowerLegAlpha=-0.0856797993183136
LowerLegTheta=-0.80035811662674

[RightLeg]
ThighAlpha=0.0499798879027367
ThighTheta=-0.00339995324611664
LowerLegAlpha=0.00713998824357986
LowerLegTheta=0.070039875805378
