[%General]
Highest=156
CenterX=31.0648623425105
CenterY=140.501866542231
XWidth=51

[LeftLeg]
ThighAlpha=-0.0392699092626572
ThighTheta=-0.491638839244843
LowerLegAlpha=-0.0285599306225777
LowerLegTheta=-0.478038877248764

[RightLeg]
ThighAlpha=0.0142799690365791
ThighTheta=0.574598729610443
LowerLegAlpha=0.0606898665428162
LowerLegTheta=0.574598729610443
