[%General]
Highest=156
CenterX=29.8700925213148
CenterY=198.590698485091
XWidth=53

[LeftLeg]
ThighAlpha=-0.0285599306225777
ThighTheta=0.312119334936142
LowerLegAlpha=0.021419957280159
LowerLegTheta=-0.770438194274902

[RightLeg]
ThighAlpha=0.0142799690365791
ThighTheta=0.0265199784189463
LowerLegAlpha=0.13922968506813
LowerLegTheta=-0.265879362821579
