[%General]
Highest=157
CenterX=34.8606122108541
CenterY=52.4311888345196
XWidth=49

[LeftLeg]
ThighAlpha=-0.0392699092626572
ThighTheta=0.544678807258606
LowerLegAlpha=0.00356999784708023
LowerLegTheta=0.46171897649765

[RightLeg]
ThighAlpha=0.0856798067688942
ThighTheta=-0.431798994541168
LowerLegAlpha=0.00713998824357986
LowerLegTheta=-0.395079076290131
