[%General]
Highest=140
CenterX=30.783881068021
CenterY=295.620916644067
XWidth=41

[LeftLeg]
ThighAlpha=-0.0285599306225777
ThighTheta=-0.176119565963745
LowerLegAlpha=-0.13922968506813
LowerLegTheta=-0.162519589066505

[RightLeg]
ThighAlpha=-0.024989940226078
ThighTheta=0.837078154087067
LowerLegAlpha=0.0249899476766586
LowerLegTheta=-0.229159444570541
