[%General]
Highest=150
CenterX=31.0242860242693
CenterY=240.477541686835
XWidth=49

[LeftLeg]
ThighAlpha=-0.117809727787971
ThighTheta=0.717398405075073
LowerLegAlpha=-0.121379718184471
LowerLegTheta=0.335239291191101

[RightLeg]
ThighAlpha=0.0856798067688942
ThighTheta=-0.401879042387009
LowerLegAlpha=0.0999597758054733
LowerLegTheta=-0.694278359413147
