[%General]
Highest=158
CenterX=34.8263642906535
CenterY=48.0697986198332
XWidth=48

[LeftLeg]
ThighAlpha=-0.00713998079299927
ThighTheta=0.454919010400772
LowerLegAlpha=0.00356999784708023
LowerLegTheta=0.438599050045013

[RightLeg]
ThighAlpha=0.0856798067688942
ThighTheta=-0.431798994541168
LowerLegAlpha=-0.0142799615859985
LowerLegTheta=-0.318919241428375
