[%General]
Highest=149
CenterX=30.4135829708546
CenterY=260.038012986194
XWidth=45

[LeftLeg]
ThighAlpha=-0.0392699092626572
ThighTheta=0.484838932752609
LowerLegAlpha=-0.13922968506813
LowerLegTheta=0.176119640469551

[RightLeg]
ThighAlpha=-0.0214199498295784
ThighTheta=-0.2522794008255
LowerLegAlpha=0.0821098163723946
LowerLegTheta=-0.956757783889771
