[%General]
Highest=161
CenterX=34.7501586254156
CenterY=35.0131976345778
XWidth=46

[LeftLeg]
ThighAlpha=-0.024989940226078
ThighTheta=0.34883925318718
LowerLegAlpha=0.00356999784708023
LowerLegTheta=-0.0564398318529129

[RightLeg]
ThighAlpha=0.0321299284696579
ThighTheta=-0.199239507317543
LowerLegAlpha=0.00713998824357986
LowerLegTheta=-0.265879362821579
