[%General]
Highest=158
CenterX=32.8579294653015
CenterY=85.4329313613955
XWidth=50

[LeftLeg]
ThighAlpha=-0.00356999039649963
ThighTheta=0.424999058246613
LowerLegAlpha=-0.0142799615859985
LowerLegTheta=0.0333199612796307

[RightLeg]
ThighAlpha=0.0856798067688942
ThighTheta=-0.222359463572502
LowerLegAlpha=0.0107099786400795
LowerLegTheta=-0.926837861537933
