[%General]
Highest=153
CenterX=29.847700136027
CenterY=223.997531361781
XWidth=51

[LeftLeg]
ThighAlpha=-0.117809727787971
ThighTheta=0.514758884906769
LowerLegAlpha=-0.0499798804521561
LowerLegTheta=0.468518972396851

[RightLeg]
ThighAlpha=0.0678298473358154
ThighTheta=-0.454918920993805
LowerLegAlpha=0.0606898665428162
LowerLegTheta=-0.24275940656662
