[%General]
Highest=154
CenterX=29.0185227186815
CenterY=163.686535117563
XWidth=53

[LeftLeg]
ThighAlpha=-0.0642598494887352
ThighTheta=-0.454918920993805
LowerLegAlpha=-0.0142799615859985
LowerLegTheta=-0.747318267822266

[RightLeg]
ThighAlpha=0.0321299284696579
ThighTheta=0.59771865606308
LowerLegAlpha=0.021419957280159
LowerLegTheta=0.235959500074387
