[%General]
Highest=150
CenterX=30.1403399622264
CenterY=265.869281190979
XWidth=43

[LeftLeg]
ThighAlpha=-0.117809727787971
ThighTheta=0.431799054145813
LowerLegAlpha=-0.0499798804521561
LowerLegTheta=0.0863598436117172

[RightLeg]
ThighAlpha=-0.0392699092626572
ThighTheta=-0.199239507317543
LowerLegAlpha=0.00356999784708023
LowerLegTheta=-0.80035811662674
