[%General]
Highest=159
CenterX=30.132211965812
CenterY=99.9002666666667
XWidth=51

[LeftLeg]
ThighAlpha=-0.0606898590922356
ThighTheta=0.259079456329346
LowerLegAlpha=-0.0499798804521561
LowerLegTheta=-0.235959425568581

[RightLeg]
ThighAlpha=0.121379725635052
ThighTheta=0.079559862613678
LowerLegAlpha=-0.157079637050629
LowerLegTheta=-0.657558441162109
